flow_ID proc_time
65289 11483
30473 8016
24335 11420
28644 9550
24335 19345
53229 17821
30473 17486
24335 5598
30473 13859
28654 11570
65289 4752
65289 10078
28644 4170
28654 10530
28644 10847
24335 9394
53229 7470
28644 4598
24335 6746
28654 9541
28654 13484
65289 12344
24335 5789
28654 9865
65289 6806
53229 11156
30473 10014
53229 11306
30473 9668
28644 11154
28644 8773
24335 5263
28644 7348
24335 10944
30473 9255
65289 6889
24335 4371
24335 6794
24335 6742
28654 12345
65289 5348
28654 11198
65289 3933
65289 11343
24335 6340
24335 8641
65289 3828
65289 11430
28644 5645
28644 12240
24335 6881
53229 11611
30473 10832
53229 14174
30473 2413
24335 4081
24335 6258
30473 8106
28654 4204
65289 11888
28644 6112
53229 1143
28644 11887
28654 6202
65289 12576
53229 1180
30473 10570
28644 10232
28644 4530
24335 12355
28644 10416
28644 4922
28644 5231
24335 5401
28644 7305
28644 10116
24335 5232
13385 11530
51023 4103
13385 1824
51023 11935
51023 9803
13385 9090
51023 3959
13385 10870
51023 6920
13385 9027
13385 6433
24335 4769
24335 4109
24335 1501
24335 10450
24335 3865
28644 10813
28644 465
24335 11082
51023 4430
13385 8232
13385 2517
51023 6164
28644 2136
28644 3396
24335 12388
28644 7686
28644 6901
24335 17404
27359 10642
49765 7597
27359 9367
27359 12268
49765 10071
49765 11458
27359 9345
49765 12291
27359 10699
49765 10029
27359 8473
27359 7017
49765 5285
27359 894
27359 1139
49765 9329
49765 2236
27359 2290
24335 8937
24335 4018
24335 10643
24335 5798
24335 11400
24335 2582
28644 7891
28644 5116
28644 5587
28644 6503
24335 4187
28644 5008
28644 6771
24335 13570
28644 4332
24335 6733
28644 10055
28644 5319
24335 11249
28644 6655
24335 3167
24335 3103
28644 828
24335 2738
49765 10587
28644 4001
28644 2079
28644 10185
28644 6790
24335 12691
28644 1074
24335 11167
24335 3989
28644 1586
24335 9741
24335 12517
28644 6658
24335 1592
24335 5381
24335 4477
28644 9021
24335 5121
28644 2229
28644 339
28644 2395
24335 5974
28644 7128
24335 4834
28644 12622
28644 8888
24335 4935
28644 6258
24335 5565
28644 5640
24335 2180
24335 2973
24335 5547
24335 5877
24335 1483
28644 10238
28644 11338
24335 4416
28644 8819
24335 6572
28644 6702
24335 5071
28644 4210
24335 11756
28644 5748
24335 4115
28644 4182
24335 11489
28644 6389
24335 10387
28644 11784
24335 9925
28644 4449
24335 10721
28644 5864
24335 13284
28644 9040
24335 3026
28644 10078
28644 11449
24335 4120
28644 11336
24335 3823
28644 10407
24335 5284
28644 5258
24335 2891
28644 10453
24335 10164
24335 2545
24335 6204
24335 5649
28644 11200
28644 4668
24335 5063
28644 5844
24335 10958
28644 5459
24335 6916
28644 5550
24335 4757
28644 10691
24335 6035
28644 6266
24335 1052
28644 10038
28644 11994
24335 3799
26172 9267
50005 4633
26172 12830
26172 10875
50005 9926
50005 15141
26172 13583
50005 5470
26172 36382
50005 3776
26172 1832
26172 10659
50005 3730
50005 9226
50005 2369
26172 7480
24335 6337
24335 11150
24335 11159
24335 4160
28644 7023
28644 4961
28644 7456
24335 5387
28644 5046
24335 6011
28644 4563
24335 8915
28644 3312
24335 11444
24335 10204
28644 4030
24335 13852
29570 10714
48944 4096
29570 7076
48944 4081
48944 11282
29570 15376
48944 6252
29570 7357
48944 10837
29570 6051
48944 4849
29570 11828
48944 4341
48944 1911
29570 13888
29570 3128
48944 5132
48944 9354
29570 4894
48944 4190
29570 1775
48944 4999
29570 11647
48944 5414
29570 6788
29570 9418
24335 6079
24335 2718
24335 11821
24335 2678
24335 4638
24335 3922
29570 3540
28644 11783
24335 11330
28644 10176
24335 6962
28644 7053
28644 13005
24335 6935
28644 1404
24335 10110
24335 4807
28644 8803
24335 5613
1652 6802
32367 11973
28644 5744
24335 7954
28644 12930
24335 6482
28644 10892
24335 8916
28644 7260
24335 12002
28644 5813
24335 12443
28644 251
24335 9062
24335 11700
28644 6012
24335 6870
48944 1919
48944 10349
48944 12654
29570 9359
48944 13626
29570 5867
48944 7207
48944 10561
29570 8956
48944 9141
48944 4406
48944 7042
29570 5513
48944 11707
48944 6352
29570 11870
48944 2363
29570 11433
48944 12423
48944 11715
29570 9848
48944 13302
48944 8889
29570 6716
48944 7449
48944 4773
29570 11463
48944 11766
48944 12079
29570 10531
48944 4604
29570 11246
48944 13497
48944 5371
29570 11251
48944 6939
48944 7087
29570 10281
48944 11840
48944 5408
29570 4026
48944 11550
24335 9560
28644 12400
24335 10809
29570 4598
28644 2893
24335 7156
28644 7410
24335 7117
28644 5862
24335 7400
10387 10302
28644 8718
24335 5460
28644 13243
24335 5965
28644 7728
24335 6342
28644 13509
24335 7542
28644 10453
24335 8210
28644 3110
24335 11332
24335 10547
28644 6069
24335 3959
28644 7156
24335 9253
24335 4845
28644 10406
24335 4031
28644 7194
24335 13498
28644 5539
24335 10602
57568 4094
32367 12684
4149 4359
28644 10464
32367 5676
24335 10495
28644 866
24335 5825
24335 5997
16580 5294
1652 10874
1652 11618
25113 9665
48944 4673
48944 6825
29570 11811
48944 6779
29570 12281
48944 8264
29570 10986
48944 12179
29570 10374
48944 12787
29570 11253
48944 14167
29570 6141
48944 5767
48944 4884
48944 12209
29570 9973
48944 10953
48944 4990
29570 11949
48944 9708
48944 14242
29570 12190
48944 11538
48944 12007
29570 6359
48944 4868
48944 4625
29570 12246
48944 11534
29570 10721
48944 12839
28644 7506
48944 10772
29570 4970
48944 4975
48944 8054
29570 6996
48944 5830
48944 5503
29570 12475
28644 10688
24335 7868
37010 11693
22577 6840
49695 10767
57568 9120
57568 15812
32367 14307
57568 11095
32367 5420
32367 11231
63933 10154
10387 4156
12008 13155
25113 7216
16580 8069
16580 6121
1652 5922
48944 5814
48944 8869
48944 8757
48944 14300
48944 6863
48944 5373
48944 6643
48944 9170
48944 6306
29570 6636
48944 5746
48944 4330
48944 6631
48944 7601
29570 3920
48944 5087
48944 5846
48944 6672
29570 6514
48944 6946
48944 4453
48944 5115
48944 10982
48944 10726
29570 4911
48944 12520
32367 11456
48944 10903
48944 13803
29570 11931
1652 17328
37010 7378
10387 12463
4149 10140
25113 6267
49695 11362
22577 3984
32367 9739
32367 6959
32367 13432
48944 11014
29570 11851
48944 5651
29570 8021
48944 10700
48944 6870
29570 17332
48944 11787
29570 5007
48944 5643
29570 5863
48944 6251
29570 12381
48944 12652
29570 11147
48944 13224
29570 5948
48944 6767
29570 9356
48944 11636
29570 10087
48944 12115
29570 10558
48944 11374
29570 10440
48944 12354
29570 10739
48944 8398
29570 6909
48944 13385
29570 11838
39356 9649
37010 5731
48944 12161
29570 10585
48944 12240
29570 5690
48944 11900
29570 10554
48944 11227
29570 3833
12002 10892
57568 4995
57568 10529
32367 4591
12008 5438
12002 13413
49695 11320
49695 12658
12008 10984
25113 10405
16580 4344
1652 11731
16580 6054
1652 10951
39356 8152
63933 4455
48944 4423
29570 11432
48944 6395
29570 12938
57568 10951
32367 8818
57568 12687
32367 11149
57568 7106
32367 10617
60285 5273
60285 7388
22577 11553
60285 5772
22577 12542
60285 6321
22577 13022
63933 2252
10387 11046
63933 6752
10387 16045
35699 11005
4149 10309
35699 4312
4149 9758
35699 4505
4149 13792
39356 12011
37010 7139
39356 1636
37010 521
39356 10761
37010 9795
48944 4285
29570 4391
48944 10758
48944 8107
29570 3944
48944 4535
29570 6901
48944 6612
29570 5633
48944 9719
29570 7832
48944 5216
29570 3332
48944 11015
29570 10326
48944 10080
29570 5525
48944 8246
48944 4471
29570 4730
48944 6063
48944 9714
29570 7736
48944 3784
29570 9459
48944 2687
29570 5909
48944 7735
48944 5249
29570 3623
48944 1907
29570 10263
29570 3792
48944 7347
48944 5791
29570 4904
48944 1739
29570 9636
29570 9263
48944 10886
12002 5975
48944 699
29570 9523
49695 9243
48944 3932
48944 2096
48944 2882
48944 3408
29570 4229
48944 9371
48944 6597
48944 4607
48944 5923
48944 4338
48944 11865
29570 10368
37010 6457
10387 4611
4149 11051
25113 9042
22577 9032
49695 2592
32367 12982
1652 5698
48944 8275
29570 6512
48944 3433
29570 1972
48944 135
29570 9416
48944 1056
29570 7995
48944 3851
29570 2685
48944 2125
29570 10944
29570 1521
48944 9589
12002 4241
49695 13354
12008 4110
25113 496
48944 4554
29570 10830
48944 4630
29570 12807
16580 11433
1652 9881
39356 5901
37010 5255
16580 6544
1652 13669
63933 8348
10387 7192
39356 7561
37010 5723
63933 6397
10387 8606
57568 4709
32367 4414
57568 9596
32367 7966
57568 981
32367 7024
57568 903
57568 6627
48944 11372
29570 9904
48944 6584
29570 4695
48944 4641
29570 12177
29570 5809
48944 8408
29570 6924
48944 4633
29570 4606
32367 12760
48944 6503
48944 8703
29570 8035
48944 1711
29570 7087
48944 6866
29570 5376
48944 4419
29570 3090
48944 4995
48944 11522
29570 10250
48944 7837
29570 4378
48944 8831
29570 7228
48944 363
29570 8687
29570 6395
48944 9144
29570 7902
25113 6010
49695 10594
37010 8967
22577 8314
10387 5671
4149 7793
25113 12131
10387 8450
22577 9123
4149 7514
10387 8740
37010 2111
48944 10757
29570 8953
48944 3986
29570 5610
29570 8050
48944 6641
29570 6006
48944 9544
29570 7926
48944 1563
29570 8309
29570 4208
12002 5779
49695 3790
12008 813
25113 6562
25113 3906
12008 655
25113 11856
12008 8028
12002 5328
49695 4407
39356 1731
22577 5284
60285 7001
35699 3913
35699 7183
4149 13173
60285 13283
22577 12099
12002 6334
49695 5360
63933 3065
10387 1474
63933 9134
10387 7659
12002 7349
49695 13671
63933 3328
10387 10250
10387 6659
12002 9830
49695 8362
24335 2374
63933 4752
63933 6010
10387 5186
12002 948
49695 5363
60285 14902
12002 8634
12002 10172
49695 8693
63933 8373
63933 4523
10387 13229
12002 9915
12002 13500
29570 6994
49695 11250
24335 4439
24335 12380
29570 5471
29570 5469
32367 4033
28644 7087
24335 8163
28644 2249
28644 9912
12002 4323
12002 7928
49695 6462
28644 8838
24335 5385
28644 10056
24335 6421
63933 4292
10387 6056
28644 2817
24335 10328
24335 12517
12002 10519
49695 5670
28644 3889
24335 6504
28644 5613
24335 12589
24335 654
29570 6779
28644 4069
12002 10445
49695 8702
41860 4831
12002 10625
49695 8854
24335 2766
49695 8613
12002 11204
63933 4419
10387 5344
63933 10021
10387 8275
12002 3695
49695 9485
12002 7726
49695 6291
12002 8433
49695 6956
28644 5027
63933 2562
10387 3826
63933 1667
10387 5159
63933 10043
63933 7138
10387 9689
63933 6391
10387 12169
48944 4537
29570 9076
48944 9258
29570 5377
63933 1016
10387 8130
63933 5098
10387 13938
48944 6202
29570 2680
48944 4665
28644 10768
24335 12454
63933 4324
63933 9697
10387 8276
48944 4849
29570 3108
28644 11630
63933 5243
10387 4700
63933 11157
10387 10409
12002 4267
49695 8464
28644 2467
24335 9428
24335 13925
57568 1774
32367 10204
57568 27
32367 5823
28644 6517
28644 3160
24335 4383
28644 6057
24335 4041
28644 9290
28644 4067
24335 3238
24335 2240
28644 7248
24335 4297
28644 10889
61167 9729
26351 6241
32488 4315
42731 11616
28644 10071
24335 10758
63933 5299
10387 3989
12002 11974
49695 10508
48944 11974
29570 9953
28644 1816
24335 9884
24335 12514
63933 7693
10387 5446
54712 5435
63933 10843
10387 9343
12002 4669
49695 6540
12002 8168
28644 1341
28644 9734
24335 8991
40415 3897
41860 45334
28644 6417
24335 8141
48944 21813
63933 13766
10387 10207
50001 14775
48944 6329
29570 5002
48944 11501
29570 9539
63933 4280
10387 10624
28644 5327
24335 11715
28644 4778
28644 3513
24335 9965
24335 8864
28644 13726
12002 12080
49695 7948
63933 11322
3963 7828
10387 7846
63933 10880
10387 9891
48944 4101
29570 4183
48944 4567
29570 11522
63933 6680
10387 5457
63933 7109
48944 4434
29570 2658
63933 12845
10387 11362
49695 6146
63933 10589
10387 9874
63933 7012
10387 6466
63933 8436
10387 6820
10387 7031
48944 7021
29570 6165
63933 4264
10387 3479
63933 10676
10387 9173
48944 16256
1767 13020
29570 13035
22244 13024
57060 9611
63933 4795
10387 4990
48944 7106
29570 4940
58830 12548
19294 11071
63933 10846
10387 5922
63933 5546
48944 12596
44919 13056
29570 7390
48944 10897
29570 9740
24335 8022
63933 2535
10387 6260
48944 4546
29570 6272
63933 11106
10387 10115
63933 11371
48944 8966
29570 7314
63933 2869
10387 16537
48944 10366
29570 8920
63933 7475
10387 12444
48944 10475
29570 8913
48944 5986
29570 4280
28644 4805
24335 4738
28644 4183
24335 2112
28644 1806
24335 156
48944 10325
29570 8570
48944 12390
29570 10115
63933 1373
10387 12052
28644 1090
24335 8166
24335 3105
28644 4308
63933 4204
37172 13448
48944 10405
29570 8654
63933 7245
10387 9927
48944 9029
29570 7434
54730 5284
61167 7515
5570 8825
32488 8816
30153 4362
26351 3844
46532 4630
42731 10079
32488 10175
48944 4659
48944 10567
40415 1760
41860 10507
40415 10564
41860 8076
42546 5971
50001 4147
41860 6155
48944 7239
29570 5759
50001 12952
48944 10806
12002 5660
12002 2938
49695 2928
12002 2183
12002 11312
49695 10444
12002 8382
49695 4008
12002 5013
49695 10015
48944 5647
29570 9724
48944 7136
29570 11104
48944 7449
29570 5442
48944 7633
29570 6181
48944 2383
29570 3650
10017 5501
3963 5118
49695 12129
48944 6419
29570 4528
24335 1340
24335 5584
24335 3607
24335 2530
24335 3457
24335 3250
24335 1902
24335 2006
24335 10943
10387 9907
48944 4453
24335 4166
24335 8292
48944 13732
29570 12397
22244 11894
46547 11916
46550 9572
1767 5431
22244 14114
1767 11849
5584 10448
57060 2957
29570 11902
48944 5917
48944 6829
29570 5306
48944 9650
29570 6509
5446 4342
37172 4501
48944 11084
12002 6653
49695 4626
48944 1918
29570 10224
48944 10137
29570 9427
48944 4323
63933 13908
48944 10758
29570 9053
30153 3765
5570 8974
46532 11726
32488 6031
5570 6205
32488 4930
5570 6712
30153 8053
26351 6210
30153 10932
26351 15625
46532 13159
42731 12020
46532 10924
42731 8885
54730 9590
30153 4865
26351 4677
30153 13111
26351 11806
46532 5688
42731 4578
46532 10980
42731 9550
54730 5362
61167 4992
54730 12629
61167 11180
5570 6909
32488 10420
54730 6827
61167 5380
54730 11630
61167 10161
48944 5320
48944 7887
29570 6041
40415 5965
41860 8344
40415 5623
41860 7234
48944 4721
48944 9235
29570 8090
214 5633
214 6416
54712 4512
214 2287
54712 12907
54712 863
214 9872
48944 12633
29570 8023
42546 6065
42546 2818
50001 874
42546 10770
50001 9314
48944 5568
48944 9535
29570 7911
10035 3902
28644 3059
28644 3041
28644 6121
24335 5040
28644 4284
24335 4370
28644 10392
24335 8607
28644 1272
24335 8063
48944 5711
29570 4252
48944 8533
63933 6927
48944 4682
29570 9352
48944 4451
48944 10522
29570 8959
48944 10968
46550 9153
29570 9764
46547 1523
22244 4256
46547 9166
22244 7613
46550 4455
1767 2772
46550 12382
1767 10210
46547 11522
5584 10013
22244 10034
63933 10000
40415 5952
41860 5186
5584 5617
57060 16647
5584 8228
57060 1019
5584 6190
5584 5161
57060 14554
48944 9888
1573 7899
49248 4720
1573 2026
19294 202
1573 12115
19294 10643
49248 1662
58830 10713
1573 10501
19294 10502
58830 4455
48944 3497
49248 7128
58830 5356
214 4608
54712 9666
42546 7283
50001 7280
48944 11224
48944 9440
54730 7604
61167 7593
5570 9093
32488 7022
30153 4800
26351 6720
42731 5499
46532 6301
48944 99
48944 11433
29570 9914
10017 9905
10017 4035
3963 2350
48944 2951
28644 5457
28644 2472
28644 5235
28644 10999
48944 6896
29570 7065
24335 5371
48944 4441
48944 2482
48944 11127
29570 9506
10017 4901
3963 4073
48944 4538
48944 8016
48944 7002
46550 4763
46550 5494
48944 4546
48944 9059
48944 6753
29570 7055
48944 9914
1767 8423
48944 5110
48944 4749
48944 9939
29570 8461
48944 13742
10035 1498
44919 11295
10035 8159
44919 4331
48944 6823
48944 2621
29570 9182
48944 955
48944 5511
48944 843
29570 13990
48944 9226
48944 5502
48944 5244
48944 7110
48944 3203
28644 9547
28644 3088
48944 7279
48944 7749
29570 7045
48944 8524
48944 5676
48944 3624
48944 345
48944 5877
29570 9216
24335 6631
48944 980
48944 1400
48944 9755
29570 8186
48944 5700
48944 7289
48944 1615
48944 6675
48944 12652
29570 11165
48944 4612
48944 267
29570 14321
48944 226
29570 18511
48944 1616
48944 8319
48944 4653
48944 8189
48944 6908
48944 6248
29570 4864
48944 4793
48944 2771
48944 1657
48944 2929
29570 10334
48944 3864
48944 10124
29570 5037
48944 7946
48944 1971
48944 3251
48944 2993
48944 11296
29570 6635
48944 3774
48944 4735
48944 3699
29570 3836
48944 979
48944 1288
48944 1785
48944 10483
29570 9756
48944 4214
48944 674
48944 6731
29570 6031
48944 4297
48944 5072
48944 10997
48944 1214
48944 11854
48944 1588
48944 4462
48944 2593
48944 92
48944 10541
29570 8530
48944 6505
48944 6774
48944 6458
48944 5388
48944 5739
48944 5026
48944 12120
29570 10561
48944 3902
48944 8056
48944 1793
29570 7870
48944 9311
48944 1409
48944 4752
29570 4836
48944 10129
48944 4272
48944 3915
48944 1737
29570 9046
48944 1679
48944 9280
29570 7515
48944 4138
48944 1722
29570 7300
48944 6538
48944 2808
48944 4077
29570 4083
48944 5455
48944 2537
29570 3967
48944 1436
48944 775
48944 342
29570 14159
48944 8543
48944 9743
48944 7518
29570 11642
48944 7135
48944 9727
48944 7012
29570 4656
48944 6667
48944 1033
29570 14823
48944 9994
48944 8995
48944 9737
29570 5910
48944 6299
48944 4624
48944 5278
48944 7539
29570 9720
48944 4480
48944 683
48944 4681
48944 4915
29570 5259
48944 276
48944 4135
29570 5713
48944 95
48944 10296
29570 8025
58830 7811
44919 11412
57060 10745
19294 10161
22244 10492
48944 4383
29570 5015
1767 10659
38151 6748
13569 4361
21763 11036
1295 9481
39981 7656
27854 6310
39665 4565
41094 4994
48944 6131
29570 4342
48944 11164
48944 3064
29570 3912
48944 10902
29570 9357
48944 9576
29570 8613
51429 7086
39981 5067
27726 6765
1295 4485
39981 14909
1295 10447
44120 13223
13569 2143
44114 10882
38151 4195
27743 5860
21763 13795
59276 9875
39665 7195
39665 10027
48944 6768
29570 4026
48944 6858
29570 11986
49248 10113
58830 8292
58830 6912
49248 8262
1573 554
19294 2989
19294 7604
1573 12062
5584 5587
5584 3002
57060 8291
57060 5083
46547 10746
22244 8913
22244 1736
46547 10117
22244 8003
46550 6211
1767 11215
48944 5522
29570 2541
48944 8809
38326 13198
41094 9944
48876 6004
27854 4658
27854 10903
48944 5987
29570 4552
48944 1643
29570 9527
29570 567
48944 10737
48944 8770
29570 6799
48944 2929
29570 10165
29570 8868
48944 11490
29570 9846
48944 3539
29570 2029
48944 13903
29570 13237
48944 2375
48944 13097
59276 5728
27726 11260
1295 10237
27726 7986
1295 6551
51429 7769
39981 6260
1295 6170
51429 8089
39981 5167
51429 4871
39981 3884
39981 5520
48944 5458
29570 4940
48944 11241
29570 9796
44120 6459
13569 4025
44120 10592
13569 9120
44120 3230
13569 8487
44114 5787
38151 4289
38151 13617
48944 11332
29570 5944
27743 8497
21763 5588
27743 7472
27743 4233
21763 442
21763 6594
59276 5417
39665 10991
59276 5389
39665 6461
59276 9395
39665 1027
48944 10172
29570 8639
48944 7704
29570 3908
49248 12843
48944 7323
48944 7670
29570 5921
1573 4232
48944 5322
29570 3370
48944 12310
29570 11646
5584 9143
57060 4179
46547 2816
5584 8744
57060 4974
46547 4985
22244 12211
48944 5970
29570 6368
48944 4864
29570 12260
38326 11086
48876 6827
48876 4129
27854 2539
27854 11952
48944 9922
29570 5788
48944 4822
29570 12131
58830 12122
1573 12121
10035 575
48944 5812
29570 5139
48944 6205
29570 6100
48944 7820
29570 5893
48944 11515
29570 10008
27726 2323
1295 5368
1295 5703
48944 6864
29570 5046
51429 12983
39981 10689
48944 5351
29570 3961
51429 11420
39981 720
48944 10924
29570 9277
39981 4934
48944 11819
44120 2409
29570 9973
13569 791
13569 4403
13569 4890
48944 3806
29570 2725
44114 10335
38151 9300
48944 4398
29570 4785
48944 11169
29570 9393
27743 6902
21763 4169
48944 4461
29570 3531
48944 5840
59276 14815
39665 11005
48944 200
29570 6903
48944 1812
48944 7148
29570 4491
48944 2739
29570 5816
48944 7609
48944 5197
29570 4150
48944 6276
29570 6278
48876 12592
27854 7717
48876 5547
27854 10243
48944 3932
29570 2501
48944 1945
29570 628
48944 1063
29570 4313
29570 4213
48944 3841
29570 2771
27726 9955
48944 12664
29570 11142
51429 3344
48944 7448
29570 5429
44120 1465
44120 8548
13569 8553
44114 1648
38151 1437
38326 2755
41094 6912
39665 5787
41094 10413
38326 11641
48944 6169
29570 4377
48944 2604
29570 1116
48876 732
48876 5568
27854 5739
48876 5815
27854 5797
48944 3247
29570 1747
48944 7344
29570 5621
48944 2427
29570 8963
29570 7023
48944 7237
10035 8384
48944 7664
29570 6202
59276 11373
51429 9338
48944 3271
29570 2201
48944 4590
29570 3539
48944 776
29570 4437
29570 5212
48944 1793
29570 5120
10035 11158
29570 5726
48944 7422
48944 4630
29570 3820
44919 5507
48944 5768
29570 4719
38326 10834
29570 1101
48944 2306
48944 4426
29570 2629
48876 33325
48944 2760
29570 2760
48944 9450
29570 7416
48944 5165
29570 3867
48944 5486
29570 4349
48944 2982
29570 3475
48944 5168
48944 824
29570 4268
29570 1678
48944 11130
48944 12674
29570 4055
48944 1648
29570 7996
29570 537
29570 5099
48944 6763
48944 5301
29570 3794
48944 3004
29570 3676
48944 5409
48944 2740
29570 1241
48944 4499
38326 4034
41094 4023
38326 5617
41094 3109
41094 718
48944 6197
29570 4745
48944 10333
29570 8964
48944 9359
29570 7913
48944 3472
29570 1937
48944 2034
29570 690
48944 3156
29570 6612
29570 2089
48944 5058
29570 3927
48944 12140
29570 11115
38326 6303
48944 67
29570 4231
29570 5225
48944 129
29570 4382
48944 3027
29570 1568
48944 3955
29570 2754
48944 7558
29570 4270
38326 2565
41094 8386
39981 6195
51429 4583
51429 4668
39981 5010
39981 13105
51429 10947
24335 4043
28644 4258
28644 3123
24335 1567
28644 2500
24335 987
28644 6859
24335 5287
45202 4116
18461 5266
45202 8878
18461 7631
18461 2113
45202 8041
18461 754
18461 4499
45202 8480
57136 4895
39392 3627
57136 5269
39392 593
39392 1255
57136 2935
57136 11705
39392 9903
24335 2260
24335 1539
28644 904
24335 3595
24335 2422
28644 836
24335 26
28644 13171
24335 13279
46483 5909
24345 4330
24345 661
46483 6221
46483 11376
24335 2785
24335 1703
28644 6773
28644 4220
24335 4382
41297 4527
28644 4477
28644 4038
24335 7420
24335 6050
28644 8292
24345 4661
46483 5462
24345 3943
46483 13825
36176 6618
41297 7867
36176 3290
41297 4912
36176 1590
41297 10671
36176 2945
41297 4961
24335 7013
28644 5752
28644 6224
24335 4981
28644 6028
24335 3578
28644 6403
24335 4761
41297 4737
1963 5400
12453 8696
12453 7989
1963 5745
36176 6161
12453 2928
1963 11593
36176 4067
41297 3415
36176 5075
36176 4882
1963 4684
36176 4030
41297 9541
36176 10326
41297 9646
36176 3798
24335 12250
41297 10496
12453 11253
28644 414
24335 2638
24335 2379
28644 13108
24335 10547
36176 5993
41297 7612
28644 6255
36176 2255
24335 4345
28644 3202
24335 6889
28644 8467
36176 11611
28644 6576
24335 12349
28644 6547
56220 9597
41881 8310
24335 111
28644 1389
28644 7527
24335 1298
28644 3979
24335 5623
24335 12321
28644 12574
36176 4967
43508 6406
41297 6822
36176 3257
36176 3746
41297 5187
24335 4678
24335 7264
36176 4599
41297 6162
36176 2401
41297 956
36176 6441
41297 5301
36176 3061
41297 1968
36176 5111
36176 57
41297 5228
36176 3492
41297 3922
36176 5179
36176 7299
36176 4162
41297 3124
36176 2720
36176 1842
41297 6076
41297 7345
36176 2861
41297 6332
36176 3682
41297 4065
36176 6383
41297 5439
36176 3680
41297 7205
36176 725
41297 5783
36176 3819
41297 10208
36176 688
36176 2461
41297 1023
36176 2412
36176 3194
41297 2126
36176 5211
41297 5327
36176 8213
41297 7350
28644 5154
28644 1249
28644 3136
24335 4881
28644 4787
24335 2924
28644 6103
28644 895
24335 3784
23355 12921
28644 9961
24335 7263
41297 5908
18765 6403
28644 319
24335 4605
28644 4460
24335 7345
24335 2899
28644 4645
57817 7904
28644 10945
24335 10926
36176 9815
41297 6796
26828 5648
43508 5429
28644 4026
43508 14646
28644 11523
24335 11584
48424 11535
41881 4388
7460 7657
56220 6195
28644 13378
36176 4805
56220 11537
41297 2611
28644 3452
28644 2932
24335 6934
24335 945
36176 7424
41297 6359
28644 3384
28644 2764
36176 2475
21240 10328
41297 6059
36176 2875
41297 6608
36176 5
41297 5243
36176 905
36176 3258
41297 110
36176 4297
41297 3220
36176 7916
36176 1435
24335 6634
41297 6652
36176 978
41297 5708
36176 2410
41297 7652
36176 834
41297 4282
41297 747
36176 3879
41297 2853
36176 2787
41297 738
41297 5451
36176 6937
41297 6936
36176 2850
41297 1891
28644 10435
24335 8854
36176 4783
41297 3735
36176 979
41297 7036
41297 4195
36176 3102
41297 1731
36176 2712
41297 7293
36176 2698
41297 3973
36176 3239
41297 3082
36176 5054
41297 10097
36176 9178
41297 8175
36176 6726
12453 4758
1963 12770
19824 12756
12616 7479
13825 12729
22564 11584
40807 6532
25160 6192
15256 12401
62771 9849
25160 9586
60796 9587
18765 8919
36176 2785
22564 6530
41297 4212
62771 14535
18765 13188
36176 3612
41297 8247
26828 7097
41297 2478
36176 4048
36176 9698
41297 19613
26828 4448
43508 868
27450 16147
16863 14852
16319 12488
57817 7948
36176 5850
36176 4166
41297 2699
48424 11313
7460 11303
36176 2621
36176 8304
41297 10262
56056 7008
36176 2117
36176 5035
41297 8992
36176 2446
41297 12453
41297 4801
36176 1707
36176 3724
41297 2673
36176 5249
41297 4188
22492 4542
23355 11427
7460 4982
56220 4646
56220 12373
36176 1374
41297 9865
41297 1046
36176 3195
36176 664
41297 5553
36176 964
41297 9348
41297 5252
36176 2970
36176 6443
41297 4964
36176 2705
36176 1738
41297 9115
36176 4059
54828 6982
41297 7072
21240 16705
36176 4421
41297 3346
36176 1995
41297 12459
41297 3120
41297 5112
36176 6571
36176 4633
41297 3581
41297 5157
36176 7078
36176 2321
41297 718
36176 9784
41297 6146
36176 4424
41297 2315
36176 2735
41297 6779
36176 1767
41297 1540
36176 2159
41297 800
36176 2888
36176 2966
41297 9602
36176 2382
41297 735
36176 4706
41297 8202
36176 5820
41297 4761
36176 159
36176 5844
41297 4380
36176 13525
36176 9065
41297 7351
36176 3581
36176 5115
41297 3668
36176 4881
41297 9908
36176 5572
41297 4088
36176 2712
41297 11482
41297 7409
36176 1365
41297 7080
36176 3342
41297 6610
36176 4637
41297 5005
36176 7579
41297 6389
36176 2728
41297 7299
36176 1333
41297 426
36176 2699
41297 2733
12453 17253
1963 15426
60796 1061
19824 11225
13825 9615
15256 9601
60796 11500
18765 8963
13825 1035
22564 79
13825 12550
22564 11750
15256 5607
62771 6043
19824 10918
12616 9092
15256 7724
62771 4138
19824 5766
12616 4324
40807 5295
26828 12203
16309 13103
16863 11667
25160 6588
40807 4807
25160 3643
16319 4231
16319 3079
16319 5615
57817 4563
16319 10479
57817 10565
38878 6715
27450 5001
30255 4680
56056 5889
22492 10376
23355 10198
48424 11293
41881 10127
54828 8772
54828 823
21240 6188
21240 5109
48424 5733
41881 5942
16309 10038
16863 8621
26828 6534
43508 4973
12453 5162
60796 12974
13825 11812
7460 9497
56220 7755
22564 6599
18765 5045
7460 10879
56220 9054
25160 9012
12616 7838
62771 4960
23355 4446
57817 7199
21240 5558
56056 15659
41881 14889
16863 15000
27450 14972
56220 9951
43508 6849
22564 2945
18765 2981
41881 10209
56220 6660
43508 5372
19824 12380
12616 12484
15256 7386
62771 6041
60796 5949
18765 4415
26828 2369
43508 11545
13825 10347
22564 7007
40807 1620
25160 5613
25160 17503
16319 11966
57817 10258
13825 8501
22564 6971
22564 4833
22564 3893
13825 12170
22564 11016
60796 11008
18765 11733
16309 10592
7460 5584
48424 4376
41881 4698
13825 3593
22564 2720
26828 5643
43508 4824
26828 133
43508 4960
43508 9925
7460 8768
26828 2003
43508 95
48424 7032
56220 11986
26828 10311
43508 10311
26828 5212
43508 4222
13825 638
22564 10703
26828 9280
43508 6004
22564 4696
16309 6981
16863 5846
16309 12776
16863 11610
22564 11608
25160 11505
12616 11515
62771 6257
57817 9449
57817 6944
16309 12224
25160 12218
16863 5438
62771 8669
12616 4965
12616 7152
26828 2035
43508 946
30255 6683
54828 5763
21240 4838
21240 8984
54828 10013
26828 6143
43508 5108
26828 11863
43508 9775
30255 3887
56056 2712
30255 13489
56056 12138
26828 4662
43508 3198
13825 10485
22564 10240
7460 6760
56220 5619
7460 12985
56220 11461
26828 7423
43508 6081
22492 4176
23355 2959
56220 11571
7460 11628
26828 8494
26828 12740
43508 8741
38878 5718
27450 4124
7460 9614
56220 1375
7460 6019
27450 6113
26828 1854
43508 15842
13825 13227
22564 13005
26828 8096
26828 1065
43508 8398
43508 4012
26828 9821
43508 8488
13825 5632
13825 10918
22564 8781
26828 3493
43508 4486
24335 4310
24335 4486
24335 11570
26828 2612
43508 6912
26828 13125
43508 11642
13825 5814
22564 6382
26828 10257
43508 10374
13825 6763
22564 6304
13825 11389
22564 11389
26828 7201
43508 6129
26828 3731
43508 2678
26828 6967
43508 5174
26828 7610
43508 5055
26828 119
43508 5379
26828 10451
43508 9399
13825 6447
15256 4738
19824 4958
19824 4028
19824 5800
15256 10522
62771 9111
12616 5675
16319 2245
57817 12309
40807 2064
16309 6284
16863 3698
25160 11710
26828 5211
43508 4170
16319 4446
40807 6356
26828 2997
43508 403
40807 6895
25160 5806
40807 9693
25160 8423
26828 4349
43508 5281
26828 13132
43508 12126
40807 10725
25160 7825
54828 4756
54828 10042
21240 8947
54828 8149
54828 5620
21240 8110
54828 2156
21240 101
54828 10621
21240 9132
15256 1768
62771 5044
62771 222
15256 3971
62771 2925
21240 9373
15256 6213
62771 5012
40807 8431
25160 6279
26828 8938
43508 8940
24335 4322
30255 5108
56056 12838
30255 12895
26828 3706
43508 7851
43508 5984
16319 1624
57817 8598
40807 6577
25160 5187
57817 4023
16319 2965
57817 1808
16319 7596
57817 3037
40807 6860
25160 4602
16319 987
57817 5753
57817 1266
7460 11128
25160 10478
16319 4345
16319 12326
57817 10735
22492 1312
23355 10679
23355 4330
22492 9537
23355 5666
40807 12532
25160 10559
28644 5615
24335 7641
24335 1941
28644 10740
22492 6130
16319 4566
57817 4704
16319 1850
22492 9177
23355 5428
57817 4603
16319 4508
22492 11910
16319 7134
57817 6536
16319 11200
22492 1328
23355 9153
23355 3884
16309 11696
16863 12639
16319 3723
57817 2250
40807 276
25160 5270
25160 4772
40807 3238
25160 2176
40807 5276
25160 11127
28644 3885
24335 2266
28644 3956
24335 964
28644 4388
24335 2856
21240 13899
24335 8586
35579 13287
28644 12149
16319 4694
57817 4610
57817 9799
40807 7966
25160 6907
54828 4119
28644 4071
24335 4119
28644 5917
24335 4633
33400 4577
28644 2949
24335 9841
40807 9690
25160 6519
30255 2318
56056 3935
56056 12478
30255 12888
40807 3878
25160 8783
25160 8689
40807 10743
28644 240
24335 2039
24335 12528
40807 3361
25160 2336
42279 6757
22492 2365
40807 9661
25160 8583
23355 5810
15827 14239
56193 12433
22492 13343
40807 7630
25160 6552
40807 11184
25160 9062
38878 4203
27450 2859
21240 6366
22492 6777
23355 5299
40807 5759
25160 10999
22492 5033
40807 7180
25160 5846
22492 4046
23355 4357
40807 5464
25160 3322
22492 2816
23355 5412
40807 7277
25160 12803
15827 12790
40807 7988
25160 2449
56576 13275
42279 8212
22492 11571
23355 11572
15827 9188
56193 7131
15827 3946
56193 8764
22492 6120
23355 4822
54828 8870
21240 7785
16319 6255
16319 3748
57817 10174
38878 9063
24335 4439
24335 2643
24335 7494
16319 5886
57817 4449
41297 12962
24335 5355
16319 4627
16319 10346
57817 11920
24335 3593
24335 2722
16319 5514
57817 8476
16319 4023
57817 2836
16319 5534
30250 12627
57817 11406
30250 6336
35579 12213
41297 12130
54828 6652
21240 5585
30250 4759
35579 2081
54828 10501
21240 9449
54828 8428
21240 7223
41297 6124
54828 14731
21240 13859
24335 4945
41297 2950
57817 6195
16319 7414
16319 6194
54828 2518
21240 7531
21240 5758
54828 6949
16319 4633
57817 4590
16319 12704
54828 3291
21240 1810
54828 9737
21240 8284
16319 5631
57817 4579
54828 8106
21240 1291
16319 8248
54828 6551
21240 797
54828 6541
21240 3246
54828 1923
21240 5130
54828 1344
21240 3426
54828 4682
16319 9167
57817 10341
54828 4552
21240 4628
54828 5142
21240 3679
54828 9614
21240 7443
16319 5233
57817 8089
16319 13758
54828 6888
21240 5995
54828 140
21240 4283
21240 1697
54828 12657
16319 6833
57817 9134
16319 5535
54828 3276
21240 2153
54828 2231
21240 5804
21240 8992
54828 10251
16319 4163
57817 3889
16319 14212
3152 4720
33400 2917
3152 10224
33400 8776
54828 2023
21240 6005
21240 2022
54828 12902
41297 10192
40807 7882
3152 4657
33400 4664
33400 11358
16319 3752
57817 8308
15827 6002
56193 5022
56193 2725
15827 11765
16319 9428
57817 5729
16319 5655
57817 5772
28644 5770
24335 9368
56576 7737
56576 3219
42279 10506
36176 10135
28644 8493
24335 6953
28644 4128
24335 2615
28644 3895
24335 2429
56576 9919
42279 7317
28644 9008
24335 7931
16319 4582
10371 4722
49330 4315
16319 13232
57817 11987
28644 3551
24335 11906
24335 2379
28644 3553
24335 1986
28644 1550
28644 9546
24335 10760
16319 5792
48869 6744
16319 10347
57817 8608
54828 7011
21240 4336
54828 11862
21240 10046
16319 6900
16319 11961
57817 7676
54828 3797
21240 11333
36176 5881
16319 9311
57817 14117
36176 6228
41297 4972
36176 3815
41297 6944
36176 4486
41297 1567
16319 4154
57817 3858
36176 2343
41297 5265
36176 66
41297 5584
36176 7141
28644 3138
24335 1156
28644 8795
24335 10523
28644 10639
36176 10534
16319 6548
41297 3730
16319 10508
57817 8754
28644 2439
24335 1263
28644 3889
36176 12667
48255 12655
16319 6878
57817 5958
24335 5789
28644 1378
28644 2475
24335 6677
24335 12293
28644 12321
36176 1637
41297 6688
36176 1617
41297 466
36176 3418
41297 7040
36176 4994
41297 12396
36176 6432
36176 13683
41297 11534
36176 7954
41297 6191
36176 2995
36176 7089
41297 5918
36176 7068
41297 6018
36176 2201
41297 745
54828 2713
21240 4279
54828 727
21240 5399
35579 4549
21240 6497
16319 5268
16319 6343
57817 5207
36176 4943
36176 3323
41297 2236
36176 651
41297 6364
36176 3616
41297 2139
36176 3846
41297 7866
36176 8819
41297 6747
54828 4495
21240 5036
16319 4540
57817 11189
54828 6361
21240 5446
30250 9583
35579 7827
30250 12903
54828 4600
21240 26678
54828 28832
16319 1324
57817 14853
16319 9682
57817 8611
16319 8596
57817 2729
16319 4431
24335 6428
16319 4639
57817 15705
24335 4003
24335 426
24335 7524
10416 7149
12471 5971
32511 7524
16319 2118
16319 2945
57817 7071
16319 5389
57817 3713
16319 1529
36176 19475
24335 12110
21240 9560
15827 546
15827 5393
56193 4021
15827 5811
28644 4351
16319 5478
57817 8980
28644 4829
24335 4037
28644 5434
28644 2441
24335 1019
28644 2943
24335 1316
16338 6459
47058 5083
16349 11235
4060 9778
53208 9779
10217 9766
28644 3449
24335 2156
28644 4967
28644 2149
24335 11097
15827 7438
56193 6386
41297 5133
41297 6068
24335 133
28644 4430
28644 5450
16319 6148
57817 4598
28644 10840
24335 10052
16319 5243
41297 2999
42279 10144
16319 4222
16319 312
57817 4039
56193 5221
24335 2240
56193 6418
16319 4477
57817 12680
57817 5535
36176 9459
30250 9443
35579 9433
16319 2119
57817 7003
16319 5627
16319 6447
57817 5543
42731 4398
48255 4475
36176 11757
48255 10169
16319 5306
57817 4260
30250 4025
16319 3090
57817 6393
16319 1785
57817 6736
16319 8028
30250 5521
30250 10781
35579 9354
16319 2609
57817 8947
28644 15237
16319 13502
10369 7874
12471 6712
18570 5118
10416 8319
12471 10194
28644 3511
24335 6326
28644 58
24335 4472
28644 6221
28644 1231
24335 5055
24335 6396
28644 736
24335 6071
24377 10795
28644 1988
24335 1540
28644 783
51737 12362
28644 3374
24335 10736
25095 6066
32511 4743
34860 5002
28644 881
32511 5763
24335 5277
41297 5089
28644 392
24335 10986
28644 3651
24335 2070
28644 4515
24335 2754
36176 2604
1672 10571
28644 9410
50828 6219
36482 4940
61457 5780
53208 4217
53208 14048
36945 12044
10217 8969
61470 12017
16349 4283
12316 8768
4060 7443
28644 1295
4060 9454
24335 8437
61450 7047
16338 6915
20489 6957
47058 12649
39214 12788
3696 12770
39211 12674
24179 3404
63796 7074
18043 5745
28644 7921
3696 13634
24335 6618
18043 13610
54828 6206
21240 13171
36176 6791
63766 5479
58979 6066
14609 4316
34401 8335
58979 8626
39231 8596
24188 8050
18638 9425
18638 9804
24335 11772
10371 1017
18638 10092
10371 11660
18638 11798
36176 6754
41297 5473
36176 4772
41297 3728
36176 1875
41297 3434
36176 4674
36176 4871
41297 3419
36176 2810
41297 240
36176 7279
41297 5770
36176 2151
41297 5507
41297 5858
36176 1654
41297 4937
41297 7544
36176 3244
41297 2194
36176 3435
41297 3046
36176 2512
41297 6029
36176 7611
36176 5333
41297 5334
36176 4505
41297 3779
36176 8319
41297 6385
36176 4053
41297 5463
36176 8075
36176 1584
41297 526
41506 5000
48869 5520
36176 6658
41297 13080
18208 14044
43540 14035
47138 12911
38533 8386
20102 6664
42635 5658
48869 7368
53208 15496
41297 10265
33400 15629
16338 14536
42279 11681
16349 9248
4060 7683
10217 13832
49330 11756
47058 11793
56193 3691
10371 11800
48255 10598
41297 5293
41297 11531
24335 3112
65514 4431
59373 5102
59362 13381
47073 12802
36176 7994
41297 6933
36176 12367
41297 10529
10382 1317
49330 6505
49330 4910
3152 4386
33400 9401
41506 5689
3152 8339
33400 6442
36176 2904
36176 378
41297 4436
36176 6202
41297 14543
41506 6118
48869 4696
3152 4819
33400 9092
33400 3899
28644 1124
15827 8369
3152 6989
33400 5937
28644 9790
24335 341
24335 2144
28644 3902
28644 5820
24335 4624
15827 3291
28644 8319
3152 11255
33400 9813
15827 676
56193 4639
56193 12551
3152 11032
33400 9980
26342 7054
31867 5734
3152 1408
33400 23
31867 10645
56576 8195
10217 15062
53208 13248
4060 13243
16349 13168
3152 8012
33400 6841
47058 5287
16338 5376
15827 8830
56193 8887
3152 5733
33400 5948
33400 2705
3152 4362
24335 13025
36176 7161
41297 5640
36176 2387
41297 704
36176 2465
41297 11524
42279 8339
41297 13493
36176 9754
3152 8330
33400 4958
24188 4353
56193 4545
10416 4230
34401 9670
12471 6251
58979 14126
18043 14233
3696 13023
24179 9805
42731 80
48255 12019
3152 11847
33400 10078
42731 6321
48255 621
42731 2581
48255 10132
18570 5770
10416 4744
10369 10135
12471 9075
32511 7430
10416 9314
10369 5970
12471 3170
56576 5456
42279 4735
10369 6269
12471 13789
56576 9759
42279 8695
41297 11590
16319 7169
10897 12733
24377 10579
39211 10554
63796 10554
47334 10543
34860 3744
39214 5506
39211 3547
24179 9560
25095 8455
63796 11627
18043 9458
14609 9464
39231 9463
39214 6840
3696 5774
39214 4921
3696 12784
61457 12801
36945 12800
25095 7527
32511 6479
25095 11333
32511 11400
61470 8256
39231 6764
28644 5864
63766 4382
12316 8671
10371 3546
18638 3573
39231 284
24188 10340
24188 8296
33400 8271
20489 8244
14609 6495
34401 5431
28644 4497
24335 5114
28644 6533
28644 13495
20489 11249
63766 7234
58979 6178
61450 6310
6506 4877
51737 12484
28644 2058
24335 3822
61457 7868
53208 6753
20489 6514
47058 1932
20489 13265
61470 6628
16349 5591
61470 12995
47058 11312
16349 11360
20489 11341
36945 4238
10217 3263
12316 6377
4060 5344
28537 5399
50828 4013
12316 10932
4060 9444
3951 9418
36482 9418
61450 5631
16338 5818
61450 6054
44916 4483
16338 10837
24335 18150
1672 18297
61450 12330
39211 10195
24179 8032
63796 7770
18043 5341
39214 4487
3696 3866
41297 5522
30960 15993
47138 16134
36176 16121
18638 8513
10371 10077
10371 4826
19122 11104
18208 11104
49330 11063
10382 11079
39231 6903
24188 5726
63766 4695
58979 13879
61457 12174
53208 12172
36176 10594
61470 8856
16349 6583
14609 6671
34401 6287
36945 7794
48869 6126
10217 6183
41506 6153
12316 4996
4060 8819
28644 7574
61450 5304
16338 4945
28644 267
20489 11714
47058 11674
15827 10255
28644 1474
24335 3080
28644 2469
24335 11243
15827 7745
43540 5911
55673 7094
44914 4392
56576 12699
42279 12698
20489 12893
47058 11767
61450 8586
16338 7627
3152 6093
3152 4749
26342 3127
31867 1756
26342 9659
31867 8034
61457 5090
53208 3758
26342 7858
16349 12568
31867 12595
61470 12609
3152 9902
20489 8700
47058 7166
36945 6770
10217 12854
3152 11333
12316 10286
4060 8904
61450 7368
16338 6234
39211 3990
63796 7177
39214 6155
14609 9485
63766 6334
10369 6381
18570 4661
39231 13360
10416 3753
10369 2263
12471 11379
25095 9565
39211 6925
24179 6387
39211 6473
24179 4698
63796 3447
63796 7222
18043 6048
47334 5494
39214 3554
3696 14994
47334 10360
34860 8376
47334 6900
34860 5849
33400 7153
25095 2267
32511 895
30960 4980
47138 3749
19122 6688
18208 13205
43540 13170
55673 13189
36176 11243
59373 11213
20572 11235
12375 10065
65514 5438
20552 5323
59362 11697
20557 8521
47073 8566
34860 8533
34401 7406
24188 5402
31867 5496
58979 4060
47073 4496
47138 16141
43540 14336
51737 14308
65514 13133
59373 11785
59362 10269
10416 8717
12471 6738
10416 8153
18043 6195
32511 6196
24179 4623
3696 7840
12471 3296
32511 4336
3696 12247
24179 11078
18043 6896
35474 5477
9188 5875
26921 10637
14609 8356
34401 1205
39231 1263
39231 6230
24188 1204
24188 5706
18570 6418
10416 11049
63766 5229
58979 1012
58979 9746
10369 3649
12471 2441
63796 5762
18043 11175
39211 9580
24179 9579
39214 5543
10369 2769
30960 5461
20572 6156
63796 8064
18043 6072
39214 6083
3696 6232
47334 7699
34860 6163
39211 12485
24179 10241
34860 8168
12375 6522
20552 5378
20557 5998
25095 4290
25095 2674
32511 15029
14609 13433
34401 9604
39231 8307
24188 6784
39231 9449
63766 9486
24188 9519
26342 1404
31867 4388
31867 2225
63766 12458
31867 7244
30960 3835
47138 2609
30960 2601
47138 1553
63766 8915
58979 5299
47138 3165
55673 5398
43540 6347
55673 5268
6506 5208
20552 5481
59362 2832
20572 3993
59373 14423
6506 7001
51737 5956
6506 11856
51737 10046
12375 8111
65514 7090
12375 11309
65514 6006
20572 5936
59373 9794
20572 11608
47334 5276
20557 3389
47073 11081
47334 6596
46718 5279
9188 7596
46121 8581
26921 4495
18570 8600
47334 5673
34860 7862
47334 1041
34860 5224
30960 12218
47138 6721
26342 5210
20552 1825
20552 7075
59362 10149
55673 6160
43540 5619
43540 9535
55673 10727
12375 5068
65514 4753
59362 4510
65514 9772
20572 3670
59373 2392
12375 6020
20572 5252
59373 6955
59362 11061
6506 2010
51737 3214
20557 4812
30960 4453
47073 402
30960 9552
47138 8291
59362 13907
47334 6999
20552 6186
20552 2541
59362 6141
26342 6772
20552 5658
59362 4140
31867 13940
12375 7727
65514 6595
20552 5094
59362 27
20552 8211
20572 4664
59373 3901
46718 3951
9188 1583
46718 6655
9188 5154
46718 7504
9188 954
20552 10130
59362 6905
55673 6418
43540 8108
55673 13795
20557 6395
20557 2339
20572 11900
59373 11894
47073 11874
20552 7414
59362 6354
47073 12844
46121 3370
26921 4736
26921 9461
55673 9850
20552 5239
59362 4625
6506 4515
9188 11198
26921 12743
46121 6800
26921 6208
24335 2038
24335 5396
24335 18
28644 2855
27820 31281
35474 26057
24335 5294
28644 7393
28644 8034
24335 63
24335 9021
28644 5978
24335 723
28644 2513
28644 3998
24335 2438
4402 10327
28644 5558
24335 4026
28644 1200
24335 11245
18245 6396
24335 11406
43758 803
5133 9679
46121 10660
4402 6086
2440 5400
20527 16686
18245 15052
5133 7332
4402 5866
4402 13160
2440 6994
43758 4428
20527 11924
18245 8420
5133 8086
4402 3382
2440 10834
43758 5628
20527 7098
18245 5468
18245 7951
44206 6396
47763 5168
2440 11816
43758 10095
5133 8537
5133 8279
2440 8469
4402 6477
20527 1734
18245 7936
43758 5669
18245 13642
5133 13252
27820 14609
26921 10733
2440 9048
4402 7898
20527 6324
27820 3028
35474 6148
27820 4587
35474 5825
46121 10728
26921 10677
44206 1489
27820 7759
47763 2315
44206 13223
27820 3809
35474 5395
27820 13639
35474 11214
44206 4919
47763 3404
27820 1824
35474 8079
24335 7476
20552 4343
59362 4123
20552 12593
41297 3406
36176 4663
20552 9781
59362 11309
36176 6050
36176 7883
41297 6724
20552 1680
59362 3696
20552 692
20552 1062
59362 2670
20552 4427
20552 2168
59362 7444
20552 3285
59362 5825
20552 7155
20552 8134
59362 9706
20552 3265
59362 10563
27817 8824
55953 4789
52459 4285
673 2315
27817 3756
55953 5620
55953 11804
52459 5724
27817 11852
673 4520
52459 5607
673 4544
27817 2853
55953 7089
27817 278
55953 4052
52459 11387
673 11435
27817 5385
27817 1076
55953 6016
55953 4344
27817 8856
55953 7283
34860 5602
24335 5627
24335 7017
55953 5881
47334 4279
47334 14186
24335 4321
28644 6065
28644 992
24335 4895
28644 6480
28644 2630
24335 4335
24335 3143
28644 4366
28644 2348
24335 10901
1456 10965
26045 9735
38328 7136
62906 5696
21942 5776
56758 4220
47334 5202
34860 12709
52459 11338
673 9552
28644 6348
24335 5178
28644 11367
28049 5933
28644 4821
24335 3715
24335 6942
28644 5394
24335 257
28644 2040
28644 6524
24335 4940
28644 796
24335 7161
58617 13661
28644 5628
24335 11648
28644 13002
47334 9072
28049 4706
57750 7726
31526 5596
1456 14265
31535 13531
21942 13520
47925 13519
26045 11060
47930 9275
38328 8085
56108 5883
56758 5664
31549 6970
62906 5138
56758 5095
21942 11910
38328 8907
26045 5993
1456 11144
62906 10095
41938 14358
58617 12474
57750 4978
28049 3528
57750 10682
28049 10645
56108 9265
31535 5036
47930 5733
47925 4196
31549 12474
31526 10810
56108 9451
56758 7460
41938 6997
58617 7026
41938 8360
58617 1940
31535 6504
21942 10954
56108 6796
56758 4917
56758 5637
31535 14657
21942 13455
47930 8454
38328 876
47925 13987
26045 12904
47930 12789
38328 8700
31526 5675
1456 5020
57750 6149
28049 4632
47925 12619
26045 6426
57750 7762
31549 8204
62906 7077
28049 11886
31526 5975
1456 4424
1456 5873
41938 4087
62906 14252
31549 14388
58617 7180
57750 5677
57750 14416
56108 9321
56758 6111
31535 7783
56758 2914
31535 12892
21942 11659
28644 3497
24335 12694
57750 3648
28049 2153
57750 4506
28049 9760
47930 4463
38328 1605
56758 5527
38328 11995
57750 2008
28049 284
47925 4534
26045 5322
57750 11708
56758 7992
47925 6770
26045 12679
57750 6037
28049 4959
31526 5003
1456 4705
1456 4740
57750 6567
28049 5634
31526 4861
1456 4872
31549 10529
62906 6250
56758 10668
57750 4382
57750 8282
28049 5822
28644 6112
24335 5958
28644 11528
24335 11562
41938 3856
58617 7162
58617 4992
57750 5674
28049 5209
57750 7120
28049 5935
57750 4228
57750 5394
28049 4768
27817 13459
57750 1902
28049 8061
56108 6644
28049 527
31535 7656
21942 7674
57750 12108
56108 11541
56758 11887
28644 2938
24335 6054
24335 8479
28644 8561
57750 1960
28049 7445
45755 5281
28049 3781
56108 4812
56758 11949
57750 7701
28049 6507
28644 3838
24335 3855
57750 5952
28049 5511
36786 14036
56758 10821
56108 12122
57750 7839
28049 6663
47930 5068
38328 8645
47930 8670
56108 7924
56758 5408
57750 4415
28049 4608
57750 5800
56108 9515
56758 7466
57750 7178
28049 7182
27817 5761
55953 4700
27817 5155
55953 5107
27817 6529
26045 6928
47925 5340
26045 7240
56108 6078
56758 12981
57750 6208
28049 4748
1456 5143
57750 13452
28049 11976
62906 12572
56108 8431
56758 6754
57750 9593
28049 5953
31526 7571
1456 3207
31526 4911
1456 6234
31526 7532
31526 4580
1456 3492
31526 98
1456 5501
31526 12012
1456 12174
56108 3879
41938 8172
56108 5067
56758 12964
36124 12945
36786 5293
56108 7284
56108 6108
56758 9234
31526 5769
1456 10884
31526 3900
1456 1866
36124 3814
36786 12386
31526 13240
1456 11787
36124 3481
36786 6282
36786 2401
36124 12163
31526 4804
1456 4864
31526 3765
1456 9315
31526 6988
1456 11786
56108 2398
56758 1290
45748 8940
56108 419
56758 6941
56108 761
56758 3996
56108 1504
56758 10042
56758 1387
56108 4998
56108 2889
56758 1691
56108 2948
17832 4382
45755 6243
56108 2579
56758 11517
56758 5731
31526 11676
36124 4490
36786 6123
31526 12607
1456 11441
36786 11421
56108 4492
56758 4299
31526 439
1456 9753
56108 6479
56758 5933
1456 8727
56108 6861
56758 5398
31526 2123
1456 12370
