flow_ID proc_time
24535 9160
59179 3911
24535 3820
24535 6249
59179 5352
59179 12880
59179 6682
59179 13136
24535 7365
59179 7101
59179 5634
24535 3863
24535 3998
24535 3841
24535 4947
24535 5218
59179 4936
59179 5239
24535 7153
59179 3884
59179 4734
24535 3810
24535 5061
59179 3750
59179 4014
24535 3776
26253 5087
28201 5354
26253 4317
26253 7345
28201 3866
59179 3889
28201 7897
28201 7060
28201 5376
26253 3895
26253 4027
26253 3889
26253 4057
28201 1287
26253 4175
26253 3840
28201 3741
28201 1350
26253 5184
28201 3863
28201 3811
26253 3903
28201 4211
26253 3768
28201 3772
24535 3825
24535 3890
59179 890
59179 3949
59179 3895
24535 3743
38150 3966
33034 3941
114 3966
38150 3835
61539 4847
33034 5153
38150 4752
33034 6498
61539 4146
114 6810
114 7698
114 6572
114 6413
61539 7476
38150 4002
61539 6985
61539 7057
33034 4157
38150 4042
33034 4027
33034 3736
38150 3871
38150 6259
114 4864
114 5252
38150 3852
61539 6344
33034 3769
61539 3960
61539 3825
61539 3781
33034 4768
33034 5115
33034 3770
114 3810
38150 3813
114 4868
38150 5199
114 3797
114 6455
114 6543
114 9384
38150 5687
114 7013
38150 3881
114 6775
114 6551
38150 3844
114 6526
114 6609
114 6819
38150 3945
114 6542
114 6533
38150 3720
114 6530
38150 3792
114 4285
114 6484
38150 3898
114 6548
114 6604
38150 3750
114 6507
24535 3890
24535 3892
114 6494
38150 3758
114 6522
114 7219
114 6546
38150 3895
114 6545
114 9408
38150 5964
114 6470
38150 6183
24535 4201
24535 4322
38150 3876
24535 3801
24535 6197
59179 3779
59179 3704
59179 3888
24535 3901
59179 3892
59179 6356
24535 4384
114 6473
47066 4063
38150 3781
34619 3965
47066 3794
47066 7341
34619 3909
34619 7987
34619 6667
34619 6608
47066 3930
34619 6757
34619 6354
47066 3872
47066 3832
47066 3986
47066 7439
47066 5953
24535 3907
24535 3962
38150 3954
34619 6878
34619 6363
34619 3993
47066 4144
34619 3918
34619 4052
47066 3903
47066 5112
34619 5313
43621 3984
59179 3959
59179 4923
24535 5219
2382 4233
43621 3898
43621 6896
114 6649
114 6589
38150 4005
114 6621
114 7026
114 6643
114 6687
38150 4004
114 6788
114 6625
38150 4173
114 9475
114 6665
38150 3874
114 6631
114 6664
38150 3959
114 6555
114 6877
38150 3867
114 7106
114 6571
38150 3930
114 6650
114 6477
38150 3867
47066 5445
114 7048
114 6678
38150 3849
114 6616
114 5413
38150 5173
114 6632
114 6911
38150 3944
2382 3839
114 6969
114 6704
38150 3915
114 6639
114 6542
38150 4315
114 7883
114 7008
38150 4581
114 6572
114 6725
38150 4495
114 6527
34619 4218
2382 7802
2382 6567
2382 6384
43621 3753
43621 4837
43621 5146
43621 3939
47066 3787
47066 6158
38150 3769
2382 6427
43621 3829
2382 6405
2382 6513
2382 1459
43621 3744
43621 3700
34619 3790
34619 3642
34619 3714
34619 6223
47066 3652
47973 3882
2382 5507
34461 3806
47973 3636
47973 7049
34461 3800
34461 7656
34461 6605
34461 3904
47973 3592
47973 4672
47973 5014
47973 4217
47973 3640
34461 6225
47973 3666
34461 4985
59179 3889
39477 3792
26164 3844
29239 3692
36406 6093
51766 3655
13879 3714
16950 4160
34461 3577
59179 4765
24535 4955
48695 3841
64055 3857
47973 3608
27036 3836
63901 3811
39477 5217
26164 3641
2456 3924
39321 4732
29239 3647
36406 5095
27033 3686
51766 3642
63896 3847
13879 3673
51610 3644
16950 3621
16950 6935
13879 6464
51766 6464
36406 6863
29239 6493
26164 6374
39477 6403
22939 3703
48695 3710
43419 3873
64055 3625
48695 6527
64055 6453
34461 4803
34461 1892
47973 3613
47973 3665
51610 3750
63896 3619
27033 4320
39321 3607
2456 3604
63901 3577
27036 4835
63896 7468
63896 6423
63896 7546
13879 5378
39321 7513
39321 6481
39321 6429
2456 7344
2456 6384
2456 6524
36406 5363
29239 3604
27033 10011
27033 6452
27033 6343
51766 4162
51610 7477
51610 6413
51610 6937
16950 5063
27036 7517
27036 6390
27036 6301
39477 4984
63901 7480
63901 6376
63901 6386
26164 5555
22939 4465
43419 3606
43419 7811
43419 6435
43419 6305
64055 4264
22939 7316
22939 6410
22939 6289
48695 5096
29239 4695
36406 5073
13879 3746
34461 3842
39477 3700
16950 4718
51766 4999
26164 3737
16950 3616
51766 3726
26164 3612
64055 3797
48695 4819
13879 4970
39477 4007
29239 3791
29239 4904
29239 5135
29239 4165
2456 4762
2456 5173
29239 4112
39321 7147
39321 3773
36406 4285
63896 6145
13879 3599
63896 3797
13879 3618
27036 6122
39477 3690
27036 6784
39477 3758
63901 3826
26164 3728
63901 6103
26164 3720
63901 3688
26164 3606
63901 3667
26164 3636
63901 3603
26164 4674
51610 5094
16950 3622
51610 6133
16950 3652
51610 3753
16950 3643
51610 3676
16950 3612
51610 3597
16950 3645
22939 6818
22939 4353
48695 3779
2456 3649
43419 6115
43419 6127
64055 3928
63896 3625
13879 3626
63896 3645
13879 3583
63896 3627
13879 3606
27036 3682
39477 4784
2456 4943
27036 989
39477 3787
39477 3598
29239 3616
2456 6929
29239 4931
2456 6398
2456 6776
29239 5191
2456 6675
29239 3695
2456 6476
2456 6516
29239 4837
2456 6599
2456 7035
2456 6395
2456 6378
2456 6813
29239 5208
2456 2169
29239 3671
27033 4254
51766 3686
27033 6162
51766 3669
27033 3689
51766 3586
27033 3637
51766 3994
27033 4645
51766 3585
2456 6541
2456 6430
29239 5443
2456 6414
29239 5258
2456 6376
2456 6910
29239 5175
2456 6360
2456 6357
2456 6562
2456 6370
2456 6878
2456 6580
2456 7267
2456 6396
29239 5343
2456 6766
2456 6492
2456 6393
2456 6536
2456 6426
2456 6384
2456 6549
2456 6408
29239 5069
2456 6460
2456 6415
2456 6421
2456 6390
2456 6387
2456 6357
2456 6421
2456 7008
29239 5194
2456 6411
2456 6454
2456 6747
2456 6444
29239 5106
2456 6399
2456 6760
29239 5110
2456 6875
2456 6861
29239 4942
2456 6998
2456 6953
29239 4971
2456 6372
2456 6442
2456 6724
29239 5044
2456 6575
2456 6373
29239 3618
2456 7600
29239 5589
2456 6507
2456 6626
29239 4943
2456 6388
2456 6729
2456 6801
29239 5020
2456 6411
29239 3632
2456 6376
2456 6420
29239 5207
2456 6439
2456 6530
29239 4608
2456 6417
2456 6730
29239 5688
2456 6456
2456 6495
2456 7737
29239 5739
2456 6419
29239 5331
2456 6453
2456 6917
29239 5216
2456 6435
2456 6410
29239 3666
2456 6378
2456 6429
29239 5251
2456 6812
2456 6385
2456 6932
29239 5215
2456 6840
29239 5789
2456 7176
2456 6401
2456 6767
29239 5038
2456 6395
29239 3739
24535 4984
24535 3715
24535 3750
24535 6058
24535 3769
24535 3842
59179 3752
59179 4377
59179 6186
24535 3653
59179 3633
59179 3616
59179 3655
24535 3646
59179 7146
48406 3800
24535 3779
24535 6113
59179 4094
41128 3897
48406 3720
48406 7157
42176 3686
41128 3698
41128 7614
41128 6535
41128 6427
48406 5064
41128 6846
48406 5014
59179 3770
59179 6082
24535 3738
27184 3842
41128 3646
48406 3712
48406 6155
27027 3678
27184 4063
27184 7573
29569 4901
42176 3620
42176 6233
27027 3748
27027 7796
27027 6391
27027 6318
27184 4861
41128 3681
41128 6141
41128 6342
48406 4889
27184 3786
27184 3797
27184 6100
27027 3762
27027 6092
27184 3609
27027 3804
27184 3663
27027 6305
27027 6743
27184 5060
59179 6117
29569 7699
29569 6553
29569 6572
42176 4944
42176 3777
27027 3595
24535 4654
29569 5712
42176 3604
27184 3633
24535 4243
24535 4753
48695 3754
64055 5055
64055 3762
36406 6028
64055 3818
64055 3632
64055 3710
36406 6131
36406 3683
38150 3840
27184 3700
24535 6041
24535 3731
38150 3784
38150 4711
24535 5148
24535 3693
24535 3692
24535 4783
27027 4384
24535 4474
24535 3739
59179 411
27027 6318
27027 6307
27184 3596
59179 4289
43419 3632
64055 3647
22939 4647
48695 4950
22939 3632
22939 3754
48695 4053
48695 3758
39321 6008
36406 4131
43419 6308
43419 6267
64055 4889
43419 6309
43419 6349
43419 6783
43419 6191
43419 6800
59179 5070
59179 4985
64055 3721
24535 3717
39321 3608
39321 6854
36406 4911
39321 6751
39321 6294
59179 4846
36406 4886
43419 6418
43419 5407
64055 4248
42593 3801
27027 6326
27027 6663
27184 5172
23136 3995
43419 6304
43419 6311
43419 6403
43419 6835
64055 4942
43419 6438
43419 6397
39321 6293
64055 4118
36406 4054
39321 6456
39321 6309
39321 6343
39321 6540
39321 6857
36406 4901
39321 6844
39321 6548
39321 6379
36406 6124
39321 6506
39321 6437
39321 6787
36406 5211
59179 2657
24535 4616
59179 3815
59179 5624
24535 4499
16262 3873
59179 3634
59179 3863
114 6501
114 7337
38150 4962
114 6390
114 4803
38150 3771
59179 5103
24535 3605
114 6296
114 6682
38150 5162
114 6469
114 6406
114 6384
38150 3699
114 6371
114 6559
38150 5689
43419 6388
64055 3645
39321 6782
36406 5320
43419 6469
43419 6543
43419 6466
43419 7104
64055 5638
43419 6354
43419 6357
43419 6433
64055 5370
43419 6505
43419 6513
43419 6552
64055 6129
43419 6404
43419 7277
43419 6394
43419 6939
64055 4937
39321 6395
39321 6421
39321 6381
39321 6987
36406 5213
39321 6412
39321 6385
36406 4882
43419 6417
43419 6989
64055 4942
43419 6378
43419 6425
64055 5044
39232 3894
42593 3786
43419 6449
43419 7144
64055 6716
43419 6375
43419 3667
2369 3792
64055 3607
39321 6682
39321 6406
39321 6808
23136 5240
36406 3611
39321 6989
36406 5113
39321 6378
39321 6385
39321 7204
36406 5484
39321 6619
39321 6422
39321 6897
36406 5190
39321 6539
42593 6004
23136 7019
39321 6687
39321 6469
39321 6362
39321 6422
39321 6409
39321 6398
39321 6990
36406 5087
39321 6986
39321 6395
39321 6408
39321 6541
39321 6534
39321 6462
36406 6062
60963 4198
16262 3598
16262 7197
24535 3783
24535 3729
42176 6221
42176 6366
39321 6365
39321 6948
36406 5202
59179 3813
39321 6363
39321 6446
36406 6183
39321 6533
39321 6429
36406 5376
27184 5061
39321 6382
39321 6676
36406 6378
39321 6367
39321 6239
36406 4079
60963 3604
2369 4687
39232 3597
59179 4747
24535 4968
36122 3855
59179 3602
59179 3632
48406 6353
2369 7498
2369 6385
2369 6794
23136 4879
39232 7800
39232 6370
39232 6773
42593 4900
60963 7044
60963 6367
60963 6233
16262 3617
27027 6416
27027 6894
27184 5231
27027 6326
27027 6554
27027 6744
27184 4926
27027 6469
27027 6374
27027 6831
27027 6558
27027 4883
27184 5826
23136 4108
42593 3711
42593 4440
23136 4147
23136 6073
23136 3703
16262 3658
16262 4967
16262 5092
41128 6260
24535 5094
2369 6296
23136 5171
2369 3624
39232 6336
42593 3641
39232 3641
42593 3655
2369 6103
23136 5077
2369 6967
23136 4948
2369 6721
2369 6618
23136 5029
2369 6416
2369 6799
23136 6313
2369 6419
2369 6411
23136 5012
2369 6992
2369 6761
23136 6625
60963 1804
16262 3651
16262 4947
2369 6420
2369 6922
23136 5166
23136 4651
2369 6552
2369 6394
23136 6211
2369 6521
2369 7037
23136 5220
60963 3657
2369 6367
2369 6309
23136 3748
29569 3604
29569 3605
42176 6380
60963 5159
2369 3612
60963 6254
60963 6421
16262 6267
60963 6391
60963 6551
16262 5389
60963 6957
60963 6417
16262 6045
2369 3598
60963 6390
60963 6664
16262 5269
60963 6355
60963 6428
16262 6280
60963 6436
60963 6419
16262 6301
60963 6380
60963 6907
16262 6671
60963 6440
60963 6513
16262 6203
60963 6392
60963 6410
16262 6061
60963 6372
60963 6388
16262 5254
60963 6359
60963 6398
16262 5338
48406 3752
60963 6526
60963 3719
16262 4154
16262 4845
29569 5114
60963 3664
29569 4054
29569 3804
28955 5196
42176 5136
8237 3802
36122 3688
36122 7031
59179 3753
27184 3721
27184 6007
27027 3748
27027 6459
27027 6449
27184 3606
27027 6494
27027 6287
27027 6375
27027 3770
27184 3610
27027 6317
27027 6298
27027 6630
27184 5125
24535 4945
45100 4333
28955 1525
8237 7276
8237 6895
8237 6225
36122 3613
8237 6129
36122 3619
36122 3867
36122 6144
45100 7230
45100 6637
45100 6015
28955 4905
45100 4489
28955 3791
28955 6075
8237 3729
8237 3584
8237 3667
8237 6412
36122 5350
8237 6366
8237 6404
8237 4784
36122 5103
47066 3663
47066 4142
34619 3712
34619 3746
34619 6131
47066 3623
45100 3591
45100 3733
28955 4056
48406 6822
36122 3802
29239 4674
24535 5022
24535 3721
24535 3761
24535 3809
24535 5977
24535 3798
24535 3730
24535 4790
24535 5209
24535 3736
24535 4081
24535 6212
36406 3695
38150 3695
59179 816
59179 5122
59179 5030
24535 3658
2456 6380
2456 6301
2456 6411
2456 6290
2456 6303
29239 4928
2456 6377
2456 6241
29239 5055
2456 6595
2456 6974
2456 3859
29239 3607
2456 6497
2456 6421
2456 3763
2456 6372
29239 5438
2456 6373
29239 6235
2456 6389
39321 6494
2456 6377
2456 6651
29239 5114
2456 6390
2456 6494
2456 6194
39321 6774
29239 5621
36406 4838
39321 6323
39321 6791
36406 5203
39321 6377
39321 6175
39321 6440
36406 6032
39321 6425
39321 5641
36406 4895
39321 6885
36406 4957
2456 6502
39321 6404
39321 6705
39321 6512
39321 6845
39321 6332
39321 6405
39321 7082
36406 5096
39321 6486
39321 6288
39321 6425
39321 6416
39321 6368
39321 6443
59179 5106
2456 6340
2456 6396
2456 6243
36406 3611
29239 4016
59179 6559
59179 3809
24535 3596
39321 6481
39321 6404
39321 6374
39321 6407
2456 6438
2456 6441
2456 7010
2456 6290
2456 6420
36406 5728
29239 5292
2456 6400
39321 6417
39321 6408
39321 6415
39321 6336
39321 6364
39321 6383
39321 6807
29239 5175
36406 3779
39321 6393
39321 6473
39321 6418
39321 6427
39321 6532
39321 6386
39321 6500
39321 6521
36406 6280
39321 6514
39321 6364
39321 6400
39321 6463
39321 6458
36406 6271
41128 6203
39321 6537
39321 4357
36406 3590
114 6391
114 6478
38150 6118
114 6155
59179 3760
24535 3608
38927 3942
39321 6523
39321 6166
39321 6572
39321 6509
39321 6365
36406 6179
39321 6512
39321 6560
36406 6116
39321 6389
39321 6649
36406 6455
39321 6537
36406 5293
39321 6373
39321 6398
39321 6551
36406 6078
39321 6741
36406 5066
39321 6442
39321 6368
39321 7402
39321 6382
39321 6928
36406 5087
39321 6398
36406 5421
39321 6530
39321 6438
39321 6397
39321 6387
36406 6237
39321 7149
39321 6493
36406 6230
39321 6416
39321 7460
36406 4982
39321 6408
39321 6515
36406 4996
39321 6381
39321 6065
36406 3607
39321 6369
39321 6985
36406 5319
39321 6391
39321 6534
39321 6891
39321 6403
36406 4902
39321 6417
39321 6979
36406 5688
39321 6462
39321 6434
39321 6421
39321 6757
36406 5165
39321 6596
39321 3410
36406 3783
34811 3942
38927 3640
38927 7124
59179 6185
39321 6606
36406 5019
39321 6394
39321 6389
39321 6383
39321 6224
36406 5063
39321 6382
39321 6528
36406 6248
39321 6399
39321 6272
36406 5358
48406 3670
38150 4044
39321 6391
39321 6385
39321 6984
36406 6765
39321 6384
39321 6369
39321 6995
36406 5218
39321 6692
39321 7021
36406 5084
39321 6407
39321 6395
39321 7615
39321 6936
36406 4932
39321 6373
39321 6424
39321 6544
39321 6368
36406 6233
39321 6390
39321 6764
36406 5177
39321 6430
39321 6398
39321 6376
39321 6677
39321 4333
36406 3610
39321 6842
39321 6709
39321 6883
36406 5069
34811 4285
34811 7516
34811 6426
34811 6771
38927 1494
38927 1489
24535 3629
34811 2805
34811 4102
38927 3611
38927 3644
34811 3643
34811 6508
38927 5631
34811 6973
38927 4927
34811 6381
34811 6686
34811 6602
38927 5004
34811 6523
34811 6382
34811 6759
38927 5026
34811 6393
34811 6667
38927 5022
34811 6406
38927 5420
34811 6900
34811 6885
38927 5213
34811 6492
38927 4943
34811 6523
34811 7347
38927 5298
34811 6577
38927 5383
34811 6432
34811 6444
38927 5152
34811 6350
38927 3755
34811 6492
34811 6924
38927 5215
34811 1402
38927 3650
34811 3591
8237 3707
8237 6474
8237 3780
36122 3618
59179 6076
31555 3721
55992 4244
31555 3642
31555 7100
55992 3610
55992 7999
55992 6377
31555 5543
24535 4885
31555 4154
31555 3758
31555 6586
55992 3612
55992 6130
55992 3867
31555 3611
55992 4042
31555 6035
55992 6530
31555 5246
55992 6379
31555 5412
55992 6396
31555 5018
55992 4599
24535 5491
24535 3766
16262 3678
60963 3615
59179 4733
60963 5078
60963 6432
16262 6043
60963 6417
60963 6379
16262 6024
60963 6421
60963 6844
16262 5256
60963 6391
60963 7219
16262 5517
60963 6502
60963 6683
16262 6243
60963 6585
60963 6835
16262 5184
60963 6367
60963 6533
16262 6361
60963 6494
60963 6435
16262 5055
16262 4973
59179 3652
24535 3615
60963 3671
59179 3775
31555 6246
55992 3650
55992 6385
55992 6306
55992 6501
31555 3642
55992 6414
55992 6176
55992 6456
55992 7222
31555 5509
24535 4207
38150 5997
114 6312
38150 6148
29239 6076
2456 6293
2456 6391
2456 6332
29239 5080
2456 6307
29239 3642
2456 6456
2456 6256
29239 4958
2456 6412
2456 6436
2456 6370
2456 6958
29239 5056
2456 6541
2456 6451
2456 6394
2456 6419
2456 6393
29239 6173
2456 6406
29239 6055
2456 6441
2456 6379
2456 6502
2456 6883
29239 4798
2456 7018
2456 6368
2456 6794
2456 6472
2456 6398
29239 6224
2456 6580
2456 6398
2456 3925
29239 3596
38927 3727
34811 3658
34811 3725
34811 6166
34811 7403
38927 5772
34811 3160
38927 3622
36122 6210
38927 3864
34811 4672
34811 6630
38927 5001
34811 6375
34811 6438
34811 6388
34811 6447
38927 5397
34811 6426
34811 6374
34811 6914
34811 7473
34811 6582
34811 6741
34811 6458
34811 6624
38927 4936
34811 6527
34811 6586
34811 6413
34811 6952
38927 5114
34811 6555
34811 6548
34811 6388
34811 6503
38927 3624
34811 6599
34811 6412
34811 6881
38927 5251
34811 6902
38927 4934
34811 6535
34811 6518
34811 6408
38927 5078
34811 6561
38927 4848
34811 6395
34811 6490
34811 6829
38927 5356
34811 7869
38927 5936
34811 6360
34811 6769
34811 7084
38927 5214
34811 6834
38927 4896
34811 6387
34811 6465
34811 7073
38927 5470
34811 6912
38927 4966
34811 6447
34811 6531
34811 6859
38927 5077
34811 6872
38927 4939
34811 6832
34811 6738
38927 5093
34811 7105
34811 6411
34811 6513
38927 5269
34811 7282
38927 5317
34811 6401
34811 6374
38927 5228
34811 7401
34811 6452
34811 6864
38927 5060
34811 6403
38927 5055
34811 6458
34811 6377
34811 6565
34811 6986
38927 5219
34811 6870
34811 6929
38927 5287
34811 6409
34811 6992
34811 6988
38927 5244
34811 6439
38927 5293
34811 6411
34811 6481
34811 6388
38927 5249
34811 6485
34811 7052
38927 4902
34811 7072
38927 6052
34811 6493
34811 6687
34811 7249
38927 5263
34811 8496
34811 6661
34811 6696
34811 6946
38927 5180
34811 8244
34811 6432
34811 5265
38927 4998
34811 3037
38927 3596
8237 3816
8237 6385
36122 5373
24535 4680
24535 5212
38150 3738
38150 3717
38150 6629
38150 4288
36406 3685
24535 3641
24535 6086
36406 3767
36406 3712
36406 3690
11284 3944
38150 6057
38150 3670
59179 881
59179 5462
59179 6733
24535 5073
8605 3942
59179 3621
59179 6209
24535 4084
30684 3938
11284 3609
39321 6282
39321 6714
39321 6829
36406 5139
39321 6489
36406 6225
39321 6498
39321 5032
36406 3760
11284 7341
39321 6580
39321 6695
36406 5056
39321 6479
39321 6999
36406 5449
39321 6502
39321 7050
36406 5224
39321 6581
39321 6403
39321 6385
39321 6457
39321 7673
36406 5955
39321 7120
36406 5734
39321 7008
36406 5036
39321 6333
39321 6583
39321 6589
39321 6955
36406 5309
39321 6380
39321 6591
39321 6622
39321 86
36406 3884
39321 6480
36406 5385
39321 6476
39321 6508
36406 4918
39321 6608
114 6460
114 6359
38150 4894
114 6301
114 6388
38150 3643
114 6737
114 6786
38150 5128
114 7016
114 6540
38150 5217
114 6863
38150 5452
114 6916
38150 5091
114 7003
38150 5195
114 6546
38150 5107
114 6360
114 7320
38150 5886
114 6378
114 6621
38150 4355
114 6406
114 6572
38150 6130
114 6527
114 6782
38150 5032
114 6552
114 6420
38150 6241
46247 3807
8605 3868
8605 7471
114 6391
114 6371
38150 5086
114 7328
114 6616
38150 5165
30684 3773
114 6445
114 6951
38150 5195
30684 9767
30684 6500
30684 6574
11284 5719
11284 3812
114 7587
114 6556
38150 6362
11284 3781
11284 4765
114 6550
114 6720
38150 5512
114 6722
114 6672
38150 5191
114 6647
114 6923
38150 5218
114 6537
114 6576
38150 6427
114 6594
114 7013
38150 5292
114 8028
114 6772
38150 5584
114 6495
114 6563
38150 6337
114 6511
114 6559
38150 6425
114 6574
114 6852
38150 6483
114 6455
114 6561
38150 5019
114 6400
114 6608
38150 3871
36406 4190
114 6657
114 6430
114 6670
38150 5060
46247 4139
114 6635
114 6468
114 6392
38150 5319
114 6338
114 6366
114 6968
38150 5013
114 7527
38150 4865
114 3755
30684 3751
30684 4728
11284 3617
30684 4952
11284 3799
30684 4518
30684 6397
11284 3587
30684 22815
11284 19734
30684 6378
30684 6492
30684 6582
30684 6772
30684 7334
11284 6097
30684 6406
30684 6388
30684 6891
11284 5296
30684 6526
30684 6439
30684 6401
30684 6479
30684 6534
30684 6810
30684 6477
11284 6154
30684 6560
30684 7733
11284 6040
30684 6535
30684 6393
30684 6443
30684 6524
30684 6566
30684 6374
30684 6403
30684 6557
11284 4781
30684 6392
30684 6407
30684 6679
11284 5056
30684 6433
11284 6033
30684 6409
30684 6401
11284 6142
30684 6492
30684 6477
30684 6953
11284 5037
30684 6415
11284 5364
30684 6402
30684 6405
11284 4936
30684 6522
30684 6456
30684 6626
46247 9259
46247 6402
46247 6081
8605 4747
36122 6417
8605 4767
8605 5231
8605 3850
30684 6418
30684 3789
11284 3769
30684 3692
11284 3617
24535 5154
24535 4015
38150 3609
46247 130
8605 3624
8605 4837
59179 4927
59179 3695
59179 3746
24535 3610
16402 4822
46247 4960
1884 3687
16402 3653
16402 7107
46247 3776
46247 6169
46247 4233
8605 3758
8605 4696
1884 4963
1884 7847
1884 6382
1884 6593
16402 5369
46247 3628
16402 3719
16402 3662
16402 6146
1884 6034
1884 4086
1884 3652
16402 3616
16402 3683
1884 3604
1884 6227
16402 3627
114 6467
114 3730
38150 3650
1884 4604
8237 3818
8237 5067
36122 4071
28955 3664
16262 5987
38150 3725
16402 3746
16402 7864
16402 7218
27184 3670
27184 3655
60963 3630
114 6407
114 6227
38150 5303
1884 3613
1884 3795
1884 3597
1884 3563
1884 3855
1884 6029
16402 3763
27027 3655
27027 6865
27027 6314
27184 6148
27027 6374
27027 6480
27027 6423
27184 6247
27027 6385
27027 6227
27184 3685
27027 6354
27027 6536
27184 5409
27027 6483
27027 6376
27027 6106
27027 6422
27027 7016
27184 5937
27027 6423
27027 7065
27184 5154
60963 3690
60963 6438
16262 3761
60963 6555
60963 6608
16262 5040
60963 6367
60963 6754
16262 6578
60963 6406
60963 6509
16262 6273
60963 6420
60963 6942
16262 5183
60963 6375
60963 6937
16262 5109
60963 6718
60963 6399
16262 3672
60963 6413
60963 6836
16262 5207
60963 6372
60963 6539
16262 6094
60963 7181
16262 3660
36406 4683
38150 5192
24535 3629
24535 4166
60963 3628
59179 3766
59179 6000
39321 6525
39321 6409
39321 7026
36406 6721
39321 6346
39321 6872
36406 5133
39321 6396
39321 6435
39321 3747
36406 3620
39321 6399
39321 6405
39321 6388
39321 6501
39321 4088
36406 3608
39321 6390
39321 6906
36406 4894
39321 6423
39321 6420
39321 7870
39321 6620
36406 4935
39321 6403
39321 6427
36406 6247
39321 6640
39321 6401
39321 6466
39321 7052
36406 5104
39321 6552
39321 6418
39321 6522
36406 5037
39321 6774
39321 6378
39321 6527
36406 5092
39321 6377
39321 6658
36406 4987
39321 6362
39321 6370
39321 6442
39321 7021
36406 5130
39321 6545
39321 6436
36406 6292
39321 6386
39321 6393
39321 7327
39321 6685
36406 5057
39321 6568
39321 6390
39321 6463
39321 6442
39321 6996
39321 6398
36406 6126
39321 6643
39321 6396
36406 5241
39321 6347
39321 6534
36406 5340
39321 6386
39321 6535
36406 6142
59179 6304
24535 3614
39321 6476
39321 6362
39321 6416
39321 6869
39321 6532
39321 6482
36406 6181
39321 6400
39321 6534
36406 6356
39321 6417
39321 6881
39321 6395
39321 6611
36406 6219
39321 6383
39321 6384
39321 6519
39321 6415
39321 6860
39321 6966
36406 5207
39321 6467
39321 6609
36406 6371
39321 6430
39321 6541
39321 6484
39321 6425
39321 7009
36406 5069
39321 6489
36406 5351
39321 6478
39321 6409
39321 6442
36406 5173
39321 6462
39321 6436
36406 6045
39321 6438
36406 6206
39321 6824
39321 7353
36406 6356
39321 6514
39321 7330
36406 5706
39321 6835
39321 6397
36406 6115
39321 6518
39321 6382
39321 6362
39321 6375
39321 6400
39321 6857
36406 4918
39321 6357
39321 6458
36406 5030
38150 5478
114 3626
114 4900
114 6553
38150 3592
24535 5003
24535 3771
45100 3593
28955 3658
59179 4013
59179 3643
59179 6078
24535 3668
38927 5381
38150 5074
34811 3660
34811 3703
38927 3774
34811 6360
34811 6372
38927 6071
34811 6502
34811 6395
34811 6997
38927 4984
34811 6542
38927 5306
34811 6680
34811 6439
34811 3495
38927 3669
114 3653
114 6386
114 6289
38150 5020
27184 6290
27027 6327
27027 6374
27027 6357
27184 3755
27027 6333
27184 4851
27027 6451
27027 6393
27184 5760
27027 6511
27027 6414
27027 6389
27184 6238
27027 6542
27184 5270
27027 6436
27027 6428
27184 6100
27027 6527
27027 6514
27027 6472
27184 3717
27027 6809
27184 5236
27027 6535
27027 6540
27184 5404
27027 6421
27027 6505
27027 6447
27184 6272
27027 6420
27027 6611
27027 6470
27184 5048
27027 6489
27027 6420
27027 6990
27184 5082
27027 6371
27027 7453
27184 5642
27027 6924
27184 5079
27027 6412
27027 6496
27027 7055
27184 4950
27027 6424
27184 5177
27027 6406
27027 6401
27027 6573
27184 6193
27027 6417
27027 6464
27027 7234
27184 7051
27027 6465
27027 6535
27184 5263
27027 6519
27027 6473
27027 6407
27027 6482
27184 6285
27027 6416
27027 6518
27027 6457
27184 4919
27027 6427
27184 5320
27027 6904
27027 6417
27027 6406
27184 5165
27027 6657
27184 5034
27027 6394
27027 5254
27027 6444
27027 4690
27184 5084
27027 7101
27027 6439
27027 6847
27027 6970
27184 4958
27027 6492
27027 6431
27184 5316
27027 6688
27027 6375
27027 6360
27027 6471
27184 6278
27027 6441
27027 6402
27027 6969
27184 4894
27027 6434
27184 6287
27027 6416
27027 6903
27184 5096
27027 6977
27027 6846
27184 6466
27027 6411
27027 6419
27027 6592
27184 5442
27027 6546
27027 3692
27184 3654
27027 6841
27027 6371
27027 6840
27027 6368
27184 6202
27027 6383
27027 6382
27027 6944
27184 5213
27027 6371
27027 6402
27027 6375
27027 7083
27184 5157
27027 6376
27027 6567
27184 5101
27027 6393
27027 6400
27027 6918
27184 5071
27027 6447
27184 6277
27027 7047
27027 6406
27027 6359
27184 6266
27027 7077
27027 6333
27027 6524
27027 6384
27027 6553
27027 6511
27027 6294
27184 4086
27027 6388
27027 6767
27184 5056
36406 3753
39321 6348
39321 6349
39321 5168
36406 3733
29239 4164
38150 6015
114 3580
2456 6142
114 6366
114 6402
38150 4815
114 6757
114 6249
38150 3802
114 7021
114 6675
38150 5540
29239 4093
27184 5077
27027 6741
27027 6434
27027 6438
27184 6238
27027 6461
27027 6446
27027 6235
27184 5385
27027 6512
27027 6367
27184 6209
27027 6489
27027 6231
27184 3745
27027 6393
27027 6536
27027 6814
27184 6618
27027 6378
27027 6399
27184 3639
27027 6856
27184 6573
27027 6442
27027 6439
27184 6153
27027 6612
27027 6969
27027 3867
27184 4359
24535 3793
26253 4671
38150 4928
36406 4100
23136 3643
29239 3600
47066 3705
43621 3597
47973 3597
27184 3629
16262 4799
38927 3763
64055 5724
48406 5106
36122 3693
16402 3722
11284 3617
8605 4067
31555 3724
44995 3918
59160 3946
44995 3728
44995 6865
59160 3722
59160 7461
59160 6392
59160 6352
44995 5185
59160 6576
59160 5309
44995 5046
44995 3660
44995 3840
44995 3652
44995 6046
59160 3763
59160 6159
59160 3657
59160 3603
44995 3608
44995 3747
59160 3586
59160 4617
59160 5810
44995 5032
23193 3788
15897 3762
23193 3681
23193 6705
15897 6652
59160 5246
15897 7202
15897 6393
15897 5184
23193 3613
23193 5004
23193 3670
23193 4746
23193 4952
15897 6964
23193 3800
15897 736
15897 6265
15897 6097
23193 3597
15897 3651
23193 3611
15897 4790
15897 5096
23193 3807
23193 3668
15897 3598
44995 3686
44995 4722
59160 813
59160 3735
59160 3828
44995 4068
10109 4760
13169 5054
13311 3776
10109 3706
50158 3875
13169 3607
10109 6738
13169 6376
13311 5211
50158 3751
50158 7321
50158 6576
50158 6321
13311 8609
13311 6438
13311 7498
13169 5234
10109 4607
10109 6259
13169 3660
13169 3605
10109 3685
10109 6229
13311 6191
10109 3749
13311 3763
50158 1907
13169 3749
13169 3636
13311 3610
13311 3592
13311 6266
13311 4975
10109 3879
13311 5022
10109 3670
13311 4117
10109 3651
44995 4282
44995 6468
13311 3794
59160 4066
59160 3660
59160 4896
44995 4940
25968 5209
29647 4048
25968 3616
25968 6669
29647 3726
29647 7659
29647 7032
25968 2546
25968 6798
25968 3865
29647 3595
29647 6226
29647 4612
25968 3659
25968 4959
29647 3717
29647 3587
29647 6326
29647 7212
29647 6490
29647 6395
29647 6585
29647 6895
25968 5277
29647 6350
29647 3826
25968 3732
29647 6908
29647 7222
25968 5325
29647 7700
29647 6415
25968 6056
29647 6375
29647 6417
29647 6434
25968 4823
29647 6448
29647 6628
25968 6409
29647 6419
29647 6409
25968 4831
29647 6331
25968 3631
29647 6378
29647 6792
25968 5169
29647 6472
29647 6345
29647 6427
25968 6065
29647 6377
29647 7367
25968 5418
29647 6562
25968 3869
29647 6590
29647 6478
29647 6396
25968 4776
29647 6479
25968 5041
29647 7903
29647 6482
29647 6640
25968 5330
29647 6615
29647 7427
25968 5393
29647 6421
25968 5111
29647 6473
29647 6434
25968 3925
29647 6446
29647 6974
25968 5438
29647 6570
29647 6378
25968 5173
29647 6482
29647 6894
25968 5293
29647 6427
29647 6428
25968 5073
25968 3758
25968 6198
44995 3770
44995 3705
29647 3690
29647 4675
44995 5069
44995 5088
59160 3662
25968 3707
59160 6306
44995 4922
38513 3794
29647 3816
29647 6634
25968 5384
29647 6874
25968 5165
29647 6421
29647 7059
25968 5137
29647 5045
25968 3737
25968 4994
59160 3599
59160 3745
59160 4889
44995 3721
27248 5161
22910 3822
38513 3922
38513 6972
29647 3661
29647 3707
29647 3856
29647 6720
25968 4923
29647 3629
29647 6159
25968 3666
51583 4470
27248 3700
27248 7248
22910 3599
25968 3891
22910 7896
22910 6567
22910 6688
38513 5968
51583 3793
29647 3681
38513 3669
38513 3765
38513 6139
25968 3674
25968 4808
51583 7132
51583 6581
51583 6596
27248 3903
22910 1196
38513 3600
22910 6343
22910 6784
38513 5146
22910 6500
22910 6648
22910 6753
38513 4942
22910 7673
38513 175
29647 4601
29647 5151
25968 4012
29647 3776
22910 4749
22910 5114
38513 4074
25968 3653
38513 3636
27248 3708
27248 3690
27248 6230
29647 3582
29647 4883
25968 5678
29647 6402
25968 5210
29647 6493
25968 3725
29647 6772
25968 5606
29647 6387
25968 3672
29647 6428
29647 6950
25968 5122
29647 7540
29647 6402
29647 7047
25968 5318
29647 8383
25968 6410
29647 6459
29647 6919
25968 4928
29647 6960
25968 5080
29647 6416
29647 6809
25968 4951
29647 6972
25968 5089
29647 6515
29647 6483
25968 5342
29647 6825
25968 5304
29647 6379
29647 7010
25968 4919
29647 6716
25968 5938
29647 6357
29647 6928
25968 5054
29647 7002
25968 5103
29647 6569
29647 7011
25968 5178
29647 6389
29647 6517
29647 7108
25968 5075
29647 6369
29647 6366
29647 6422
25968 5232
29647 6367
29647 7024
25968 5104
29647 6869
29647 6738
25968 4942
29647 7169
25968 5337
29647 6970
25968 4954
29647 6499
29647 6964
25968 4944
29647 6476
29647 6955
29647 6442
25968 5142
29647 6639
29647 4352
25968 3605
22910 3586
51583 6343
27248 3626
51583 6264
51583 6225
27248 4255
51583 4364
27248 3809
29647 4654
29647 6422
29647 3706
25968 3631
29647 6413
29647 6421
29647 7235
25968 5619
29647 6366
29647 6441
29647 6970
25968 5207
29647 6460
29647 6377
29647 7198
25968 5538
29647 6502
29647 6372
29647 6490
25968 3647
29647 6391
25968 5247
29647 6409
29647 6446
29647 6491
29647 6465
29647 6767
25968 5073
29647 6552
25968 4761
29647 6834
29647 6961
25968 5179
29647 6390
29647 6565
29647 6372
25968 5233
29647 6398
29647 6600
29647 6777
25968 5085
29647 6402
29647 6416
29647 6441
25968 5154
29647 6789
25968 4907
29647 6438
29647 6409
25968 5371
29647 6482
29647 6932
25968 4933
29647 6350
29647 6532
29647 6660
25968 5028
29647 6468
25968 3636
29647 6356
29647 6981
25968 4123
29647 6500
29647 6629
29647 6978
25968 4964
29647 6808
29647 6159
25968 3704
51583 3641
29647 6358
29647 4757
25968 5037
29647 6447
29647 6426
29647 6403
25968 5427
29647 6417
29647 6737
25968 5063
29647 6621
29647 6851
29647 6398
29647 6408
29647 7162
25968 5083
29647 6414
25968 3699
29647 6645
29647 6896
25968 5109
29647 6378
29647 259
25968 4625
25968 5005
29647 3702
25968 3765
29647 3668
29647 3755
29647 3641
25968 4623
29647 5018
25968 3656
29647 3645
25968 6099
27248 3821
29647 4091
29647 4129
29647 6451
25968 6124
29647 6443
29647 6626
25968 5027
51583 6081
29647 6392
29647 6408
29647 6383
25968 4865
51583 6443
51583 6875
27248 5085
29647 6651
51583 6873
29647 6445
25968 4884
27248 4720
29647 6902
25968 5065
29647 6411
29647 6908
25968 4920
29647 6364
29647 6584
25968 3767
51583 6393
51583 6412
27248 6019
29647 6423
29647 30419
29647 6432
29647 6397
29647 6784
25968 4938
51583 6400
51583 6380
27248 4849
29647 6418
29647 6397
29647 6630
25968 5022
29647 6668
29647 6944
25968 4961
29647 6412
29647 6371
25968 6175
29647 7291
29647 6550
29647 6441
51583 6586
51583 6847
25968 5058
27248 3578
29647 6451
25968 3620
29647 6641
29647 6383
29647 6438
29647 6780
25968 145
51583 6381
51583 6378
27248 5224
51583 6392
51583 6509
27248 5249
51583 6480
27248 6292
51583 6560
51583 6367
27248 6085
51583 6525
51583 6548
27248 5371
51583 6801
51583 7348
27248 5526
51583 9003
51583 6391
27248 4820
51583 6801
51583 6421
27248 4839
51583 6464
51583 6442
27248 5381
51583 6745
51583 6426
27248 5342
51583 6376
51583 6412
27248 4912
51583 6375
51583 6397
51583 6840
27248 5186
51583 6424
27248 4985
51583 6399
51583 6513
51583 6657
27248 5104
29647 3601
51583 6403
27248 5260
51583 6390
51583 6387
51583 6831
27248 5086
51583 7009
51583 6374
27248 1199
65487 3781
44995 3628
44995 3862
51583 3682
59145 4796
65487 3665
65487 7145
59160 5015
59160 3653
59160 3725
44995 3616
17014 4280
59145 3646
59145 7681
59145 6424
59145 6474
65487 5302
59145 6472
59145 6081
65487 3668
50044 3980
17014 3668
17014 7418
65487 3699
65487 3686
65487 4752
65487 5516
50044 3731
59145 5280
59145 5253
65487 4166
59145 3683
59145 3834
59145 4848
65487 4900
65487 4570
59145 3820
16240 3948
50044 7434
50044 6400
50044 6304
17014 6142
17014 4983
17014 3644
17014 4768
46764 5791
16240 5152
16240 7283
65487 5493
50044 6394
17014 3727
50044 3652
46764 3633
59145 3605
46764 7684
46764 6476
46764 3791
16240 3770
16240 4711
16240 5811
16240 3772
16240 3779
50044 6234
17014 5239
50044 4926
50044 3680
17014 3583
17014 3649
46764 6188
16240 3673
46764 3655
50044 4863
46764 3673
16240 5011
46764 3800
46764 6076
46764 3753
16240 3610
16240 3675
25968 6262
29647 4950
46764 3580
29647 3639
29647 3656
25968 3601
29647 3622
25968 4684
29647 4932
65487 3789
65487 3862
44995 3758
44995 6774
44995 3739
44995 3709
25968 5345
59145 2715
59145 3663
59145 3758
65487 3692
59160 3602
59160 6006
59160 4188
44995 3653
59160 3809
19860 3817
59160 6766
44995 5011
62325 3854
29647 3609
506 3696
19860 3601
19860 7021
43497 3653
62325 3590
62325 6858
29647 309
25968 3710
29647 3612
25968 3675
506 3615
43497 3733
29647 5207
506 7834
506 6388
506 3760
19860 5331
43497 7357
43497 6524
43497 6645
62325 6135
19860 3632
19860 3705
19860 6173
62325 3627
62325 3724
62325 6619
506 4874
506 6207
19860 4673
506 5242
506 6688
19860 6508
506 6817
506 6546
506 7065
19860 5108
506 6800
19860 5076
506 6371
506 6428
19860 6278
506 7742
19860 5605
506 7581
19860 4302
506 6370
506 6417
19860 4993
43497 584
62325 3613
62325 3605
506 6770
506 6411
19860 6249
506 6864
506 6372
19860 6089
506 6647
19860 5615
506 6515
19860 6302
506 6839
19860 5179
43497 3664
506 6522
506 7535
19860 5830
506 6576
506 6396
19860 6136
506 6976
506 6982
19860 4919
506 6655
506 8825
19860 7205
506 7208
19860 5477
506 6441
506 6393
506 6501
19860 5053
43497 3707
506 6577
19860 5175
506 6391
506 6600
506 6394
19860 5226
506 6424
506 6794
19860 5481
506 4054
19860 4139
19860 3864
506 4592
43497 6235
43497 6584
62325 6380
43497 6476
43497 6580
43497 8142
43497 6650
62325 5050
43497 7000
43497 7033
62325 5361
43497 8011
43497 6408
62325 4863
43497 6355
62325 4689
43497 3586
25968 5451
25968 3940
44995 4665
44995 5221
29647 1913
59160 3671
59160 6710
44995 3698
29647 3851
29647 6450
25968 6160
29647 5172
29647 3801
25968 3619
25968 3654
29647 3688
29647 4837
29647 5078
25968 3632
25968 3625
29647 3651
44995 3635
44995 4730
65487 4989
65487 3892
59160 144
59160 6110
10109 3760
59145 4037
59145 3770
59145 6151
65487 3752
63091 3855
13311 3616
39289 3824
63091 3778
63091 7050
13311 3768
13311 4777
10109 4954
13311 3811
10109 3662
10109 3803
44995 3756
44995 4748
39289 5178
39289 8253
39289 6397
39289 6612
63091 5224
13311 3748
59160 3629
59160 3641
59160 6241
44995 3659
62325 5204
63091 4655
63091 5036
63091 4105
43497 3755
39289 6210
39289 7212
63091 4938
39289 6995
39289 2312
63091 3814
63091 3686
63091 6128
39289 3742
43497 4789
43497 6727
62325 5247
43497 6437
43497 6832
62325 6672
43497 6672
43497 6599
62325 5167
43497 6988
43497 6626
62325 6424
43497 6570
43497 6664
62325 5083
43497 6847
43497 6766
62325 5084
43497 8029
43497 7191
62325 5496
43497 5055
43497 6861
62325 5293
43497 6399
43497 6099
62325 3764
44995 4075
44995 3862
62325 6156
62325 3683
62325 3868
62325 4756
62325 5180
62325 3799
62325 3698
62325 3878
62325 6028
44995 3654
44995 3684
62325 3674
62325 4885
62325 5168
44995 3790
44995 4875
59160 3732
59160 5165
43497 3719
59160 3870
44995 3775
43497 7412
43497 7394
62325 5912
28534 3750
43497 6788
43497 6767
62325 5191
43497 6539
43497 6441
62325 5169
59160 3928
59160 5030
59160 3812
44995 3620
18293 4246
43497 7114
62325 5044
59160 3748
59160 3732
43497 6520
62325 4301
59160 6140
44995 3796
27287 4078
11927 4315
43497 3719
43497 6514
43497 6939
62325 5356
43497 6631
43497 6528
62325 5297
43497 8129
43497 6666
62325 5064
62325 3767
43497 6475
43497 6527
62325 6318
43497 6350
43497 6960
62325 6642
43497 6841
43497 6495
62325 6244
43497 6475
43497 7017
62325 5309
43497 6396
62325 4236
43497 6418
62325 6170
43497 6510
62325 6172
43497 6384
43497 6502
62325 5038
43497 6404
43497 6396
62325 5351
43497 6935
62325 6097
43497 6524
62325 6342
43497 8164
43497 6668
62325 6477
43497 6503
62325 3839
43497 6534
43497 6581
62325 5254
43497 6436
62325 6184
43497 6401
62325 5288
43497 6658
43497 6444
62325 4976
43497 6555
43497 6369
62325 5055
9833 6448
28534 2497
43497 6393
43497 6737
37324 3687
27287 3797
25036 3662
11927 4670
27287 6765
43497 6719
43497 7086
62325 4962
11927 8384
48298 5017
18293 3799
18293 6631
43497 6371
43497 7095
62325 5174
43497 6487
43497 6558
62325 6337
43497 6391
43497 6837
62325 5252
43497 6398
43497 7043
62325 5263
43497 7014
62325 5076
43497 6929
62325 4960
43497 6471
62325 4961
43497 6352
43497 6401
62325 6219
43497 7336
43497 6377
62325 5048
43497 6507
43497 6435
62325 5186
43497 6406
43497 7881
62325 5988
43497 6366
43497 6644
62325 4946
43497 6531
43497 6502
62325 4977
43497 6497
43497 6941
62325 5138
43497 6388
43497 6857
62325 5043
43497 6679
43497 6690
62325 5073
43497 6540
43497 6522
62325 6351
43497 6411
43497 6486
62325 6307
43497 6382
43497 6557
43497 6931
62325 4919
43497 6403
43497 7076
9833 5470
62325 3717
37324 3706
25036 4206
43497 6395
43497 6497
62325 6345
43497 6399
62325 5047
43497 6392
43497 6418
43497 6393
43497 6645
62325 5172
43497 6387
48298 4886
43497 6400
43497 6398
62325 6166
43497 6430
62325 6038
43497 6431
62325 6127
43497 6524
43497 6386
43497 6391
62325 5095
43497 7061
62325 5355
43497 6376
43497 6509
62325 6043
43497 6405
43497 6414
43497 7361
62325 7212
43497 6404
62325 4991
43497 7104
43497 5593
62325 4939
43497 6370
43497 6811
62325 5209
43497 6460
62325 6053
43497 7053
43497 6473
43497 6824
62325 6506
43497 6429
62325 5151
43497 6393
43497 6375
43497 6489
62325 6068
43497 6682
62325 6581
43497 6701
43497 6846
43497 6719
62325 5054
37324 8307
37324 6458
37324 3776
27287 4926
9833 7540
9833 6379
9833 3790
28534 3607
25036 7435
25036 6890
25036 6827
25036 6647
11927 5293
43497 6360
43497 6405
43497 6352
62325 6206
43497 6835
43497 6380
43497 6406
43497 6377
62325 6191
48298 7363
48298 6425
48298 3724
18293 3799
43497 6375
43497 6420
43497 6397
43497 3761
62325 3731
43497 6387
43497 6820
43497 6421
43497 9174
62325 6171
27287 4987
43497 6441
43497 6389
43497 6844
62325 5412
11927 3658
11927 3623
27287 3691
27287 6316
27287 3910
28534 3656
43497 6531
62325 6390
43497 6415
43497 6755
62325 5534
18293 3652
28534 6170
18293 3807
28534 3770
18293 6111
43497 6511
43497 6392
43497 6516
43497 6425
62325 6239
43497 6394
43497 6369
62325 3635
43497 6491
43497 7224
43497 6398
43497 4931
62325 4900
43497 6387
43497 6426
43497 6377
43497 5156
62325 3764
43497 6406
43497 6496
43497 6350
62325 4825
43497 6530
62325 4800
43497 6330
43497 6384
43497 6529
62325 6297
43497 6419
62325 5399
43497 6433
43497 6495
43497 6871
62325 5159
43497 6712
62325 5066
43497 6412
43497 7213
43497 6667
62325 5029
43497 6575
43497 7198
62325 5749
43497 6478
62325 6318
43497 6432
43497 6498
43497 6672
62325 6409
43497 6433
62325 6258
43497 6514
43497 6653
43497 6042
62325 4266
37324 6297
27287 5039
37324 3610
25036 2386
11927 3618
11927 3757
37324 6119
27287 3721
37324 6497
27287 5385
37324 3649
27287 3754
27287 4647
43497 6379
62325 3656
43497 6804
43497 6472
43497 7220
43497 6431
62325 5040
37324 3862
37324 6383
27287 3638
37324 5133
9833 6177
43497 6388
43497 6407
43497 6362
62325 5153
28534 3632
9833 4690
48298 6604
48298 4950
18293 3677
18293 3629
9833 3840
28534 4066
28534 4956
43497 6393
62325 3602
43497 6385
43497 6978
43497 6861
43497 6891
62325 5095
43497 6389
43497 6381
43497 6247
62325 5397
48298 4343
43497 6685
62325 5138
43497 6353
43497 6554
43497 6764
62325 5678
43497 6765
62325 4928
43497 6383
43497 6385
43497 6399
43497 6467
43497 6266
62325 5162
43497 6387
62325 3802
43497 6406
43497 6553
43497 6600
43497 6848
62325 4801
43497 6356
43497 6937
62325 5074
43497 6399
43497 6391
62325 5002
43497 6400
43497 7029
62325 4921
43497 6848
43497 7173
43497 6203
62325 5092
43497 6389
62325 3606
43497 6549
43497 6417
43497 6408
43497 6817
62325 5201
37324 3612
43497 6447
43497 6608
62325 6403
43497 6435
43497 6958
62325 4939
43497 6726
43497 6695
62325 5078
43497 6690
43497 6483
62325 4852
43497 6527
43497 7308
48298 5191
62325 3677
9833 3786
43497 6505
43497 6514
48298 4829
48298 5344
62325 4887
18293 3820
48298 3792
48298 5983
18293 4481
48298 3662
18293 4098
43497 6413
43497 6749
62325 5264
43497 6432
43497 6417
62325 3615
43497 6711
43497 6409
62325 5362
43497 6507
43497 6831
62325 5190
43497 6429
43497 6508
62325 3776
43497 6541
43497 6420
62325 4940
43497 6416
62325 6085
43497 6528
43497 6539
62325 5003
43497 6838
43497 6930
62325 5692
43497 6462
43497 6701
62325 5038
43497 6732
43497 6520
62325 6253
43497 6368
43497 6398
62325 6105
43497 6483
43497 6383
62325 3732
43497 6406
43497 6399
62325 5246
43497 6508
43497 6437
43497 6527
62325 3775
43497 6418
43497 6410
62325 5218
43497 6465
43497 6922
62325 5678
43497 6929
62325 5133
43497 6555
43497 6415
43497 6405
27287 5222
62325 4859
43497 6336
43497 6672
62325 5059
43497 6387
43497 6967
62325 4975
43497 6420
43497 6850
62325 4909
43497 6407
43497 6540
62325 4675
43497 6417
43497 6856
62325 5090
43497 6528
43497 6411
62325 6044
43497 6361
62325 3673
43497 6366
43497 6649
62325 5132
43497 6512
43497 6457
62325 5353
48298 3693
43497 6373
43497 6532
62325 3628
43497 6938
43497 6409
62325 5014
43497 6533
43497 6451
62325 5268
43497 6543
43497 6619
62325 5048
43497 6403
43497 6473
62325 5023
43497 6421
43497 6547
62325 3787
43497 6378
43497 7581
62325 5136
43497 6854
43497 6672
62325 5020
43497 6414
43497 6696
62325 5076
43497 6382
43497 6369
43497 6927
62325 4918
43497 6846
43497 6528
62325 3720
43497 6625
62325 4989
43497 7071
43497 6515
43497 6712
62325 5045
43497 6361
43497 6862
62325 5846
43497 6523
43497 6436
62325 5373
43497 6388
43497 6903
62325 5100
43497 6394
43497 6395
62325 6074
43497 6402
43497 6787
62325 5170
43497 6366
43497 6845
62325 4919
43497 6417
62325 4858
43497 6463
43497 6630
62325 5041
43497 6375
43497 6446
62325 5375
43497 6465
43497 7104
62325 6145
43497 6382
43497 6814
62325 4914
43497 6358
43497 6928
62325 5198
43497 6468
43497 6834
62325 4893
43497 6374
43497 6385
62325 4971
43497 6373
43497 6866
62325 5194
43497 6414
43497 6521
62325 5156
43497 6403
43497 6828
62325 4901
43497 6372
43497 7539
62325 5081
43497 6348
43497 7030
62325 5012
43497 6404
43497 6415
62325 3631
43497 6942
43497 6373
43497 6407
62325 3604
43497 6851
62325 5064
43497 6563
43497 6922
62325 5077
43497 6408
43497 6993
62325 5105
43497 6410
43497 6538
62325 3831
43497 6504
43497 6466
62325 3614
43497 6619
62325 5192
43497 6422
43497 6490
43497 6416
62325 5186
43497 6570
62325 3595
43497 6395
43497 6557
43497 6401
62325 3633
43497 6408
62325 4306
43497 6498
43497 6375
62325 3602
43497 6503
43497 6432
62325 4976
43497 6752
43497 6426
62325 5110
43497 6387
43497 6383
62325 3613
43497 6471
43497 7048
62325 5079
43497 6414
43497 7178
62325 5563
43497 6477
43497 7079
62325 5303
43497 6551
43497 6385
62325 3594
43497 6393
43497 6415
62325 5133
43497 6460
43497 6467
62325 5090
43497 6422
43497 6927
62325 4421
43497 6381
43497 6402
62325 4487
43497 6438
43497 6362
43497 6560
62325 5360
43497 6396
43497 6850
62325 5259
43497 6369
43497 6377
62325 3771
43497 6389
62325 4930
43497 6435
43497 6541
43497 7204
62325 5459
43497 6437
43497 6908
62325 5716
43497 6406
43497 6465
62325 3682
43497 6513
43497 6960
62325 4941
43497 6651
43497 6861
62325 5028
43497 6948
43497 6383
62325 4998
43497 6397
62325 3785
43497 6427
43497 6436
62325 5723
43497 6394
43497 7011
62325 5105
43497 6523
43497 6388
62325 6135
43497 6411
43497 6589
62325 3739
43497 6699
43497 6391
62325 5137
43497 6383
43497 6439
62325 4054
43497 6358
43497 6936
62325 4909
43497 6853
43497 6857
62325 3600
43497 6829
43497 6495
62325 5300
43497 6394
43497 6377
62325 5200
43497 6378
43497 6806
62325 4904
43497 6403
43497 6390
43497 6495
62325 5321
43497 6405
62325 4966
43497 6435
43497 6431
43497 6759
62325 4518
43497 6401
43497 6940
62325 4940
43497 6385
43497 6680
62325 5054
43497 6765
62325 5453
43497 6369
43497 6393
62325 3625
43497 6394
43497 7154
62325 5037
43497 7025
43497 6670
62325 5036
43497 6556
43497 6391
62325 3634
43497 7060
62325 5219
43497 6386
43497 6421
62325 5033
43497 6531
43497 6402
62325 5324
43497 6364
43497 6421
62325 3696
43497 6392
43497 6406
62325 6024
43497 6499
43497 6415
62325 3622
43497 6405
43497 6566
62325 5489
43497 6876
43497 7838
62325 5954
43497 6357
43497 6391
62325 5030
43497 7169
43497 6519
62325 5303
43497 6385
43497 6390
62325 5403
43497 6526
43497 6839
62325 5419
43497 6422
43497 6785
62325 5106
43497 6375
43497 6565
43497 6377
62325 4877
43497 6466
43497 6387
62325 5235
43497 6846
62325 4890
43497 6649
43497 6515
43497 6403
62325 5381
43497 6702
43497 6909
62325 5077
43497 6478
43497 6572
62325 4926
43497 6383
43497 6833
62325 5255
43497 6463
43497 6412
62325 5391
43497 6464
43497 6382
62325 4071
43497 6781
43497 6872
62325 4887
43497 6831
43497 6404
62325 5148
43497 6349
62325 5335
43497 6391
43497 7000
62325 5100
43497 6430
43497 7022
62325 5046
43497 6485
43497 6380
62325 5980
43497 6413
43497 6376
62325 3677
43497 6372
43497 6417
62325 6017
43497 6423
43497 7659
62325 5638
43497 6571
43497 6381
62325 5197
43497 6451
43497 6396
62325 3730
43497 6439
43497 6387
62325 3747
43497 6519
43497 6473
62325 3590
43497 6366
43497 6720
62325 5575
43497 6409
43497 6387
62325 4995
43497 6359
43497 6413
43497 6516
62325 3605
43497 6547
43497 6435
62325 5029
43497 6398
43497 6481
62325 3607
43497 6511
43497 7244
62325 4981
43497 7296
43497 6404
62325 4954
43497 6387
43497 6394
62325 5129
43497 6553
43497 6381
62325 5251
43497 6429
62325 3631
43497 6365
43497 6968
62325 5058
43497 6400
62325 3748
43497 6395
43497 6454
62325 4291
43497 6395
43497 6776
62325 5075
43497 6483
43497 6409
62325 4860
43497 6534
43497 6373
62325 6026
43497 6365
43497 6897
62325 5239
43497 7238
43497 6377
62325 6192
43497 7060
43497 6826
62325 5196
43497 6544
43497 6802
62325 5201
43497 6388
43497 6724
62325 5125
43497 6458
43497 7021
62325 5025
43497 6745
43497 6455
62325 5354
43497 6396
43497 6689
62325 5081
43497 6520
43497 6841
43497 6876
62325 4933
43497 6426
43497 6790
62325 5161
43497 6530
43497 7014
62325 5051
43497 6437
43497 7002
62325 5611
43497 6415
43497 6401
62325 4937
43497 6377
43497 6402
62325 1465
43497 6474
43497 6357
62325 3619
43497 6378
43497 6464
62325 3626
43497 6371
43497 6451
62325 4042
43497 6386
43497 6923
62325 5160
43497 6509
62325 4801
43497 6393
62325 5406
43497 6976
62325 4939
43497 6561
43497 6695
62325 5044
43497 6404
43497 7471
62325 5820
43497 7211
43497 6465
62325 3626
43497 6366
43497 6406
62325 4957
43497 6684
43497 6393
62325 5202
43497 6392
43497 6635
62325 5047
43497 6426
43497 6518
62325 6271
43497 6442
43497 6594
62325 3737
43497 6404
43497 6463
62325 4995
43497 6860
43497 6422
62325 5374
43497 6403
43497 7007
62325 5110
43497 6925
62325 5104
43497 6572
43497 6425
62325 3638
43497 6819
43497 6410
62325 5288
43497 6767
43497 6779
62325 5762
43497 6366
43497 6444
62325 3619
43497 6388
43497 6484
62325 4064
43497 6852
43497 6715
62325 5072
43497 6517
43497 6378
62325 5375
43497 6694
43497 6407
62325 9052
43497 6422
43497 6352
62325 3601
43497 6561
43497 7431
62325 5645
43497 6362
43497 6524
62325 6129
43497 6450
62325 3669
43497 7360
43497 6371
62325 3735
43497 6367
43497 6947
62325 5215
43497 7149
43497 6422
62325 6006
43497 6421
62325 3618
43497 6375
43497 6431
43497 6868
62325 5054
43497 6413
43497 6923
62325 4900
43497 6669
62325 5067
43497 6368
43497 6867
62325 4942
43497 6440
43497 6548
43497 6788
62325 5031
43497 6467
43497 6382
62325 6052
43497 6432
43497 6930
62325 4959
43497 6799
62325 3711
43497 6791
43497 6397
62325 6021
43497 6416
43497 6565
62325 3570
43497 6829
43497 6405
62325 3634
43497 6345
43497 6417
62325 5102
43497 6408
43497 6772
62325 5080
43497 6367
43497 6391
62325 4891
43497 6415
43497 6791
62325 3686
43497 6372
43497 6779
62325 5740
43497 6393
43497 6965
62325 5199
43497 6578
43497 6399
62325 3821
43497 6888
43497 6685
62325 4262
43497 6420
43497 6385
43497 7240
62325 5269
43497 6483
43497 6435
62325 5170
43497 6393
43497 6399
62325 3633
43497 6403
43497 6800
62325 5101
43497 6747
43497 6973
62325 5183
43497 6401
43497 6851
62325 5318
43497 6538
43497 6377
62325 4844
43497 6521
43497 6588
62325 5125
43497 6429
43497 6494
62325 5209
43497 6396
43497 7162
62325 3590
43497 6537
43497 6377
62325 4930
43497 6809
62325 4791
43497 6502
43497 6414
62325 5454
43497 6385
43497 6506
62325 4991
43497 6410
43497 6390
62325 4043
43497 6425
43497 7069
62325 5283
43497 6400
43497 6501
62325 5267
43497 6579
43497 6994
62325 4939
43497 6467
43497 6356
62325 3755
43497 6603
43497 6596
62325 6185
43497 6419
43497 6875
62325 5196
43497 6454
43497 6539
62325 5218
43497 6359
43497 6375
62325 3640
43497 6512
43497 6368
43497 7195
62325 5142
43497 6349
43497 6398
62325 4828
43497 6392
43497 6902
62325 6532
43497 6440
43497 6592
62325 5225
43497 6413
43497 6555
62325 6428
43497 6391
43497 6676
62325 5071
43497 6447
43497 6622
62325 4948
43497 6416
43497 6991
62325 5224
43497 6940
62325 5567
43497 6383
43497 6449
43497 6666
62325 5042
43497 6404
43497 6387
62325 5037
43497 6380
62325 3793
43497 6402
43497 6745
62325 4550
43497 6505
43497 6381
62325 3597
43497 6497
43497 6394
62325 5066
43497 6356
43497 6858
62325 4949
43497 6872
62325 6066
43497 6497
43497 6424
62325 4585
43497 6504
43497 6442
62325 3750
43497 6905
43497 6375
62325 3611
43497 6450
43497 6630
62325 3610
43497 6372
43497 6411
62325 5352
43497 6381
43497 7011
62325 4910
43497 6513
43497 6389
43497 6414
62325 3603
43497 6394
43497 6407
62325 5028
43497 6399
43497 6785
62325 5146
43497 6497
62325 5307
43497 6383
43497 6578
43497 6559
62325 5371
43497 6398
43497 7200
62325 5410
43497 6444
43497 6896
62325 5870
43497 6868
43497 6758
62325 4225
43497 6432
62325 5040
43497 6373
43497 6919
43497 6461
62325 5452
43497 6440
43497 6938
62325 5265
43497 6530
43497 6925
62325 5075
43497 6434
62325 5349
43497 6412
43497 6367
62325 5127
43497 6401
43497 6807
62325 5371
43497 6237
62325 4295
44995 3633
44995 4706
59160 3643
59160 4996
59160 3808
44995 4276
14963 3864
51578 4801
14963 4942
14963 7500
51578 5976
62325 3696
27287 3907
51578 8203
51578 6357
51578 6468
14963 4806
37324 6174
37324 6369
27287 3639
37324 3642
27287 3628
43497 6024
43497 1190
62325 4782
62325 4109
14963 3666
37324 3614
43497 3623
51578 6201
14963 3591
27287 4672
27287 5232
37324 3661
37324 3589
37324 3898
37324 794
27287 5822
37324 3727
27287 3609
37324 6417
27287 3581
37324 4613
27287 5112
27287 3743
37324 3710
37324 3627
37324 5394
37324 6390
27287 3638
37324 3689
37324 3415
27287 4062
27287 3578
37324 4229
27287 5649
28534 4818
28534 3714
28534 6493
28534 3707
28534 3890
28534 4737
28534 5043
28534 3832
28534 4689
28534 5536
23193 219
37324 3637
37324 3591
37324 4783
37324 6411
27287 6226
37324 3631
37324 3676
27287 3660
37324 6621
15897 2372
9833 3674
9833 3781
9833 6386
15897 4938
28534 3943
9833 6465
9833 7080
28534 4937
9833 6367
9833 6407
28534 4801
9833 6401
9833 6587
28534 5449
27287 5087
9833 6355
9833 6360
28534 3742
9833 6908
9833 6378
28534 3688
9833 6849
9833 6458
28534 2365
9833 6388
28534 3689
9833 6362
28534 3579
9833 6502
9833 6412
28534 5061
9833 6825
9833 6599
28534 3804
9833 6831
28534 3601
9833 6945
28534 4941
9833 6686
28534 4662
9833 6384
9833 6468
28534 3630
9833 6644
9833 6509
28534 3629
9833 6399
28534 5348
9833 7672
28534 5645
9833 6940
9833 7129
28534 5093
9833 6446
9833 6440
28534 3644
37324 3689
9833 6421
9833 6470
28534 4036
9833 6487
9833 6499
28534 4084
9833 6375
9833 7082
28534 4931
9833 6447
9833 6394
28534 5056
9833 6785
9833 6938
28534 4930
9833 6589
9833 6701
28534 5310
9833 6350
9833 6370
28534 3843
9833 6467
9833 6463
28534 5413
9833 6442
9833 6971
28534 5520
9833 6798
9833 6391
28534 4974
9833 6383
9833 6503
28534 4774
9833 6465
9833 6778
28534 5198
9833 6399
28534 3657
9833 6435
9833 6908
28534 5080
9833 6566
9833 6492
28534 3586
9833 6515
9833 6414
28534 3601
9833 6830
9833 6524
28534 5028
9833 6403
9833 6869
28534 5340
9833 6521
9833 6755
28534 5051
9833 6514
9833 6957
28534 5671
23193 4894
9833 6433
9833 6391
28534 4963
9833 6385
9833 6410
28534 5088
9833 6393
9833 6477
28534 3644
9833 6396
9833 6999
28534 5069
9833 6383
9833 6506
9833 6385
28534 5233
9833 6376
28534 5311
9833 6443
9833 6563
28534 5184
9833 6395
9833 6462
28534 4071
9833 6428
9833 6467
28534 5393
9833 6440
9833 7581
28534 5529
9833 6647
9833 6383
28534 6094
9833 6420
9833 6392
28534 5296
9833 6554
9833 6407
28534 5330
9833 6447
28534 3641
9833 6475
9833 6387
9833 6399
28534 4983
9833 6413
28534 3627
9833 6535
9833 6868
28534 4941
9833 6819
9833 7415
28534 5313
9833 6349
9833 6384
9833 6519
28534 5069
9833 6406
28534 6010
9833 6440
9833 7666
28534 5660
9833 6466
9833 6382
9833 6437
28534 3645
9833 6913
28534 5188
9833 6364
9833 6407
28534 4800
9833 6485
9833 6902
28534 4933
9833 6559
9833 6739
28534 6561
9833 6384
9833 6398
28534 5276
9833 6491
15897 5244
9833 6400
28534 5319
9833 6441
9833 6364
9833 6629
28534 5446
9833 6569
9833 6436
28534 5056
9833 6574
9833 7811
28534 5796
15897 6393
23193 5300
15897 6427
15897 6370
23193 5141
15897 3645
9833 6406
9833 6356
28534 5110
9833 6477
9833 7001
28534 5086
15897 6815
23193 3741
15897 6878
15897 6699
23193 5121
9833 7293
28534 4957
9833 6506
9833 6878
9833 6489
28534 5333
9833 6796
28534 5155
9833 6398
9833 6435
9833 6317
28534 5310
9833 6572
28534 4415
9833 6377
9833 6438
9833 6903
28534 4949
9833 6425
9833 6580
28534 3639
9833 6409
9833 6949
28534 5038
23193 3664
9833 6448
28534 5237
9833 6558
9833 6376
9833 4796
28534 3696
9833 6470
28534 3620
9833 6418
9833 6507
28534 4793
9833 6373
9833 6871
28534 4922
9833 6825
9833 6514
9833 3747
28534 3582
15897 6362
23193 3635
15897 7187
15897 6661
23193 4918
15897 6504
23193 5232
15897 6411
15897 4013
23193 3628
15897 6941
23193 5156
15897 6210
23193 3654
15897 6432
23193 6210
15897 6422
23193 4288
15897 6450
15897 6945
23193 5218
15897 6451
15897 6614
23193 5029
15897 5097
15897 6358
23193 3692
15897 6359
15897 6989
23193 4925
15897 6894
15897 3833
23193 3662
15897 7220
23193 5034
15897 6941
15897 6607
23193 3700
15897 6443
23193 6055
15897 6407
15897 331
23193 3587
18293 4969
18293 3766
48298 559
48298 6508
48298 6476
18293 5425
48298 3647
48298 4633
18293 5241
48298 4059
18293 3659
48298 3676
48298 6220
18293 3689
48298 3737
48298 3714
18293 5055
48298 4961
44995 3730
44995 3884
59160 4087
59160 3699
59160 6817
44995 5160
14963 3674
14963 3651
14963 6126
14963 3793
51578 3708
51578 3704
51578 6620
14963 5436
51578 6379
51578 6445
51578 6449
51578 6492
51578 6615
14963 4726
51578 6412
51578 6611
14963 3593
51578 6487
51578 6404
14963 5051
51578 6465
51578 6369
14963 1406
51578 7053
51578 6582
14963 4889
51578 6734
51578 7069
14963 5249
51578 6920
14963 3637
51578 6535
14963 5353
51578 6420
14963 4909
51578 6402
51578 6839
14963 4969
51578 6596
14963 4077
51578 6462
14963 3595
51578 3686
14963 5022
51578 3676
62325 6308
62325 6699
43497 2083
43497 3685
43497 6497
62325 5282
43497 3844
43497 3764
62325 4069
62325 3700
43497 3746
62325 4889
62325 6389
62325 6378
62325 6451
43497 5281
62325 7937
43497 5832
62325 7209
43497 5301
62325 6571
43497 3089
43497 789
43497 3727
62325 6516
43497 1039
62325 6919
43497 2873
43497 3641
43497 4081
43497 3608
43497 3625
43497 4404
43497 732
43497 155
43497 3696
43497 3737
62325 4593
43497 5119
43497 3891
62325 4277
62325 3774
43497 3663
28534 6132
27287 3771
27287 3700
28534 4727
28534 5226
27287 3789
27287 3720
27287 4707
27287 5159
28534 3715
28534 4717
28534 5154
17014 6292
25968 4191
14963 3806
14963 6059
62325 3765
62325 3874
62325 3679
37324 3649
37324 4605
37324 5124
37324 6463
27287 4951
37324 6408
37324 5182
9833 5129
27287 4896
9833 6539
28534 4068
9833 6857
9833 6678
28534 5800
9833 6707
28534 5055
9833 6409
28534 3710
9833 6911
28534 4925
9833 6401
9833 6398
28534 5146
37324 6714
37324 6952
27287 2542
9833 6459
28534 4463
9833 6850
9833 6804
9833 6413
9833 7047
28534 5116
37324 5428
37324 3675
27287 3606
37324 6442
27287 6008
9833 7222
28534 4959
9833 6450
9833 7046
9833 6859
9833 6394
28534 6107
37324 6440
37324 6833
50044 4249
27287 4537
9833 4118
9833 6410
9833 6465
9833 6619
9833 6380
9833 6596
28534 5279
28534 3681
37324 6674
37324 6398
27287 5372
29647 3696
9833 7031
28534 4893
9833 6444
9833 6431
9833 6397
9833 6386
51578 5321
28534 3680
51578 6012
51578 6849
14963 5176
37324 6435
37324 7489
27287 5949
51578 6962
14963 5090
51578 6803
9833 4923
14963 3610
9833 6471
9833 6448
9833 6386
9833 6552
9833 6465
43497 3600
28534 3638
43497 3786
51578 6694
14963 3712
37324 7116
27287 4994
9833 6391
28534 4983
37324 6906
27287 5010
9833 6521
9833 6378
9833 6873
28534 5127
9833 6737
43497 3885
28534 3780
43497 8295
62325 5361
51578 7996
51578 6610
14963 4977
43497 6635
43497 6397
62325 4993
9833 11380
28534 7458
9833 6500
28534 5328
9833 6394
9833 6421
28534 4964
9833 6393
28534 3778
51578 6434
14963 4595
51578 6399
37324 6518
37324 6429
27287 3667
43497 6462
43497 6433
62325 5054
9833 6987
28534 3702
9833 6411
9833 6647
9833 3715
28534 3635
51578 6376
51578 7109
14963 6083
43497 8278
43497 7030
62325 5387
51578 6979
14963 5245
51578 6524
43497 6360
43497 7081
62325 5084
51578 6443
14963 5147
51578 6622
43497 6508
43497 6403
62325 6136
14963 3779
51578 7068
14963 5143
51578 6744
14963 5385
43497 6570
43497 6628
62325 5181
51578 7046
14963 5535
51578 8843
14963 6091
43497 6511
43497 6887
62325 5042
51578 7199
14963 5291
51578 9062
14963 7103
43497 6572
43497 6969
62325 5331
51578 6958
51578 7073
14963 5441
43497 6751
43497 7109
62325 5386
51578 6222
43497 6439
43497 6410
62325 5202
43497 6543
43497 6668
62325 3934
43497 6501
43497 6581
62325 6357
43497 6533
43497 6575
62325 3941
43497 6392
43497 6874
62325 6719
43497 6384
43497 6537
62325 5001
62325 3773
43497 6524
43497 8081
62325 5645
43497 6535
62325 5335
43497 6657
62325 4811
43497 6449
62325 4059
43497 6533
62325 4265
43497 6703
62325 5346
43497 7017
62325 5951
43497 7100
62325 5336
43497 7026
62325 5203
43497 7259
62325 5079
43497 6612
62325 4778
43497 6633
62325 3784
43497 6669
62325 5421
43497 6577
43497 6711
62325 5194
9833 6607
9833 3807
28534 3742
43497 7931
62325 6780
43497 6990
62325 5261
9833 6428
28534 5144
9833 6831
9833 6528
9833 6485
28534 5410
43497 6386
62325 6248
43497 6651
62325 5664
9833 6970
28534 5265
9833 6422
9833 6526
9833 6659
28534 4215
9833 6820
28534 5076
43497 6580
43497 6511
62325 5232
9833 6370
28534 5056
9833 7048
28534 5098
9833 6509
28534 6306
9833 6395
9833 8139
28534 6258
43497 6516
43497 6464
62325 6269
37324 3726
9833 6530
28534 6231
9833 6651
9833 6551
9833 7085
28534 5228
9833 7378
28534 4963
43497 6413
43497 6483
29647 4729
29647 5491
29647 4224
62325 3841
25968 3740
25968 3876
9833 6423
28534 4980
9833 6542
9833 6859
28534 5036
9833 6737
9833 6498
28534 4005
43497 6774
62325 5814
43497 7962
62325 6498
9833 6475
9833 6482
9833 7119
28534 5391
43497 7081
62325 5229
43497 6524
62325 5275
9833 6688
9833 6527
9833 6575
9833 6346
9833 6444
28534 6156
43497 6513
43497 6901
62325 5869
9833 6441
9833 6604
9833 6506
9833 6724
9833 6558
28534 6223
50044 6141
50044 3828
17014 3766
50044 3678
50044 4682
17014 5005
17014 4219
43497 7786
62325 7550
43497 6554
62325 5295
9833 6499
9833 6502
28534 5239
9833 6387
9833 6992
9833 6530
28534 5371
43497 6479
43497 6878
62325 5275
9833 6359
9833 6499
28534 5044
9833 6546
9833 5288
28534 3907
43497 6477
62325 4815
43497 6986
62325 6767
43497 6614
43497 6919
62325 5100
43497 6714
43497 6537
62325 4991
43497 6496
43497 6499
62325 6069
43497 7914
43497 6741
62325 5165
43497 6538
43497 6483
62325 5270
43497 6541
43497 6386
62325 6059
51578 4985
43497 6516
43497 6795
62325 5187
43497 6839
62325 4914
43497 6595
62325 6407
43497 6412
43497 7068
62325 5173
43497 6446
43497 7022
62325 5167
43497 6657
43497 7037
62325 5009
43497 6355
43497 6528
62325 5045
43497 6522
43497 6466
62325 3876
43497 7231
43497 6902
62325 6438
43497 6403
43497 6378
62325 6117
43497 6413
43497 6778
62325 5313
43497 6419
43497 6494
62325 5052
43497 6377
43497 7088
62325 5020
43497 6486
43497 6521
62325 5056
43497 6441
43497 6372
62325 6249
9833 6393
9833 6364
28534 6212
43497 7168
43497 7243
62325 5457
9833 6532
9833 7052
28534 5084
43497 6426
43497 7860
62325 6182
43497 6410
43497 6367
62325 5119
43497 6553
43497 6423
62325 5003
43497 6833
43497 6387
62325 3629
9833 6304
43497 6369
43497 6713
62325 5057
9833 6394
9833 6706
43497 6464
28534 6181
43497 6417
62325 3607
43497 6422
43497 6399
62325 6220
43497 6411
43497 6389
62325 5037
29647 3675
43497 6651
43497 6979
62325 4960
9833 6582
9833 8118
28534 5919
43497 6454
43497 6604
62325 5573
14963 4971
9833 6463
9833 6917
28534 5060
43497 6525
43497 6432
62325 5677
43497 6389
43497 6536
50044 6203
62325 3614
9833 6543
9833 6815
28534 5654
43497 6548
43497 8279
62325 6652
9833 6518
28534 6120
9833 6369
43497 6474
43497 6670
62325 6386
9833 6378
9833 6631
28534 5057
43497 6545
43497 7783
62325 6557
43497 6627
43497 6512
62325 5332
9833 6525
9833 6602
28534 5151
43497 6557
43497 6445
62325 5115
9833 6536
9833 7268
28534 5562
43497 6551
43497 6999
62325 5170
9833 6425
28534 5160
9833 6451
43497 6390
43497 6406
62325 5134
9833 6776
9833 6675
28534 5127
43497 6678
43497 6454
62325 6184
43497 6461
43497 6988
62325 5393
9833 8263
9833 6551
28534 6153
43497 6403
62325 5348
9833 6583
28534 5283
43497 6473
43497 6622
62325 4946
9833 6475
9833 7029
28534 5259
43497 6381
43497 6481
62325 5022
9833 6920
9833 6896
28534 5038
43497 6504
43497 6397
62325 6126
9833 6447
9833 7009
28534 4927
43497 6388
43497 6506
62325 6169
43497 6431
43497 6408
9833 6420
9833 7988
62325 7704
28534 3837
43497 6403
43497 6869
62325 5430
9833 6407
9833 6401
28534 6240
43497 6392
43497 6447
62325 6020
9833 6574
9833 6382
28534 6185
43497 6396
43497 6526
62325 6347
9833 6402
9833 6538
28534 6323
43497 6398
43497 6603
62325 5122
43497 6367
43497 6425
62325 5174
9833 6327
9833 6619
28534 4926
43497 6830
43497 6435
62325 6266
9833 7794
9833 6553
28534 6382
43497 6473
43497 6441
62325 5211
9833 6890
9833 6996
28534 5325
43497 6487
43497 6979
62325 5348
9833 6656
9833 6530
43497 6368
43497 6521
28534 6075
62325 3770
43497 6384
43497 6870
62325 5156
9833 6401
9833 6360
9833 6508
28534 4978
43497 6479
43497 6446
62325 6290
43497 7519
43497 6482
62325 4995
9833 7799
28534 4957
9833 6580
43497 6521
43497 6390
62325 5111
9833 6434
9833 6398
28534 6191
43497 6485
43497 6519
62325 3661
9833 6542
9833 6544
28534 5134
43497 6746
43497 6537
62325 5002
43497 6786
43497 6680
62325 5052
9833 6420
9833 6375
28534 6053
43497 6390
43497 7039
62325 4969
9833 6535
9833 6427
28534 6210
43497 6398
43497 6499
62325 6233
9833 8221
28534 6498
9833 6851
43497 6457
43497 7030
62325 5104
9833 6528
9833 6502
28534 6260
43497 6562
43497 6472
62325 6248
43497 6351
43497 6347
62325 3614
9833 6400
9833 6172
28534 3632
43497 6497
43497 6664
62325 5630
43497 6627
43497 6715
62325 5455
43497 7368
43497 6878
62325 5219
43497 6520
43497 6406
62325 6119
43497 6550
43497 7579
62325 7154
43497 6557
43497 6380
62325 5166
43497 6429
43497 7016
62325 5227
43497 6412
43497 6431
62325 6250
43497 6522
43497 6955
62325 5236
43497 6966
43497 6937
62325 5155
43497 6406
43497 6896
62325 5315
43497 6500
43497 7197
62325 5696
43497 6412
43497 6421
62325 5153
43497 6397
43497 6913
62325 5076
43497 6546
43497 6788
62325 6508
43497 7604
43497 6396
62325 4126
43497 6389
43497 6713
62325 6323
43497 6490
43497 6887
62325 5256
43497 6658
43497 6557
62325 6370
43497 6506
62325 6116
43497 6395
43497 6415
62325 5135
43497 6419
43497 6407
62325 4952
43497 7046
43497 6921
62325 5197
43497 6577
43497 6412
62325 6260
43497 6495
43497 6385
62325 5407
43497 6565
43497 6796
62325 5215
43497 7884
43497 6432
62325 4783
43497 6408
43497 6376
62325 6241
43497 6371
43497 6430
62325 6192
43497 6520
43497 6926
62325 4922
43497 6379
43497 6661
62325 5072
43497 6376
43497 6420
62325 4987
43497 6365
43497 6623
62325 4923
43497 6404
43497 6413
62325 6106
43497 6474
43497 6390
62325 4909
43497 6431
43497 6547
62325 6303
43497 6376
43497 6800
62325 5117
43497 6968
43497 6512
62325 5045
43497 6395
43497 6417
62325 4983
43497 6850
43497 6605
62325 5202
43497 6382
43497 6859
62325 5192
43497 6408
43497 6492
62325 6346
43497 6758
43497 6807
62325 4875
43497 6413
43497 6415
62325 6217
43497 6492
43497 6438
62325 6238
43497 6546
43497 6465
62325 5266
43497 6748
43497 6406
62325 6249
43497 6496
43497 6642
62325 4951
43497 7116
43497 6725
62325 5084
43497 6484
43497 6533
62325 6113
43497 6416
43497 6595
62325 6332
43497 6586
43497 6365
62325 5150
43497 6378
43497 6425
62325 6224
43497 6468
43497 6463
62325 6299
43497 6469
43497 6442
62325 6278
43497 6343
43497 6442
62325 5075
43497 6136
62325 3657
43497 3749
62325 3708
62325 6251
43497 711
43497 5206
43497 4159
62325 3628
43497 3735
62325 3711
43497 3648
43497 5969
62325 3652
43497 4086
62325 3703
62325 4749
43497 5083
62325 3907
43497 3603
43497 3755
62325 3744
43497 950
62325 6197
62325 3679
44995 3613
44995 3810
43497 4663
43497 5041
43497 6585
62325 3757
43497 6378
43497 7138
62325 6755
43497 6376
43497 6883
62325 5058
43497 6442
43497 6999
62325 6684
43497 6509
43497 6564
62325 3635
59160 5060
59160 4171
43497 6440
43497 6426
62325 6028
59160 6264
44995 3661
43497 6407
43497 6433
62325 4306
43497 6580
43497 6430
62325 6262
43497 6416
43497 6401
62325 6222
43497 6451
62325 6282
43497 6374
43497 6979
62325 4920
43497 6376
43497 6687
62325 5669
62325 3669
43497 3885
62325 4104
43497 6082
62325 3607
43497 3717
43497 3739
62325 3736
43497 3674
43497 829
62325 4036
43497 3575
44995 3656
44995 5095
59160 5125
59160 3685
59160 3729
44995 3601
60268 3801
57828 3837
60268 4719
60268 7261
57828 4815
57828 10809
57828 6394
57828 6573
60268 4929
60268 3757
60268 3822
60268 6161
57828 4928
57828 5043
60268 3645
60268 4336
57828 6130
57828 3760
60268 3605
57828 3694
60268 4632
57828 5096
60268 3675
57828 3712
57828 6142
60268 5101
57828 3639
60268 3745
57828 3634
62325 6170
62325 6448
62325 6458
44995 3642
44995 6152
43497 3730
43497 3612
43497 3610
43497 3626
43497 3601
43497 3752
59160 3619
59160 4872
59160 5123
44995 3632
59594 4259
40139 3696
43497 3803
43497 6605
62325 5010
43497 4102
43497 4702
62325 4896
62325 3630
13814 3746
1524 3751
40139 3593
59594 3650
59594 7161
40139 7053
43497 5381
13814 3644
1524 3628
13814 7238
13814 4860
59594 4055
1524 7496
1524 6929
1524 6136
40139 5367
59594 3690
40139 4079
13814 6067
13814 3788
59594 3634
1524 3750
1524 3685
40139 4782
40139 5105
59594 4169
59594 3691
59594 6208
1524 3629
40139 3692
13814 3769
13814 3740
13814 3658
59594 3701
13814 6088
44995 3730
44995 3685
59160 3796
44995 3767
59160 6136
43039 3786
59594 3683
26444 3780
43039 4643
43039 6620
26444 3628
26444 7229
26444 6498
26444 6266
43039 3767
43039 3768
43039 3687
43039 6086
26444 3718
26444 3843
26444 4722
43039 4090
43039 5379
26444 3740
43039 3635
26444 3693
26444 6416
26444 7039
26444 6439
26444 6831
26444 6354
43039 4145
26444 6347
26444 6385
26444 6359
43039 5628
26444 6450
26444 6260
43039 3778
26444 6516
26444 6477
43039 6105
26444 6564
26444 6614
26444 6421
26444 6387
26444 6377
26444 6846
26444 6404
26444 6873
26444 6402
26444 6377
26444 6538
26444 7119
43039 6965
26444 6388
26444 5188
43039 3742
44995 4629
44995 5102
44995 3681
44995 3728
59160 5017
59160 5130
59160 3766
44995 3743
50201 3956
14360 3815
11291 4690
53274 4979
59160 3677
37914 3727
59160 3742
26651 3817
59160 4744
44995 5115
7194 4135
6092 3671
34765 3691
50201 3781
14360 3614
30664 3724
59337 3714
53274 4618
11291 5268
6089 4420
37914 3597
34760 3654
26651 4024
11291 6929
47050 3692
7194 3633
53274 6973
14360 6649
50201 6362
37914 7514
26651 6414
7194 6343
30664 3639
59337 3674
34765 3625
6092 3672
30664 7526
30664 6383
30664 5124
6089 3628
11291 3615
34760 3637
59337 7336
59337 6379
59337 4773
47050 6351
53274 4922
34765 7330
34765 6403
34765 6101
6089 7395
6089 6863
6089 5140
14360 3799
37914 3581
6092 7355
6092 6376
6092 4286
50201 4867
34760 7305
34760 6408
34760 6261
26651 3625
47050 7147
47050 6585
47050 6214
7194 4273
11291 3690
53274 4112
14360 4778
50201 4989
37914 3675
26651 3797
53274 3666
14360 3643
50201 3737
37914 3625
7194 6003
26651 3595
11291 3809
11291 6140
11291 4116
11291 3768
11291 4316
11291 6026
11291 3678
11291 3844
11291 3705
7194 4689
7194 5150
30664 6101
30664 3760
11291 3774
59337 3851
11291 4471
53274 4589
59337 5157
53274 3565
34765 3874
14360 3616
34765 6000
14360 3634
6092 3715
50201 3656
6092 3628
50201 4474
6089 6100
37914 3580
6089 3672
37914 3626
34760 3772
26651 4574
34760 5121
26651 3610
59337 3727
53274 4141
34765 3616
14360 3627
6092 3613
50201 3634
6089 3604
37914 4637
47050 5092
47050 3763
7194 3776
34760 3595
26651 3695
30664 4760
7194 5024
30664 3597
30664 3752
11291 3765
47050 3750
30664 3686
47050 4683
7194 3670
30664 5032
11291 3775
47050 3778
47050 6525
7194 4984
47050 3077
7194 3620
30664 6419
11291 4978
30664 7268
11291 5239
30664 6857
30664 6526
30664 6413
30664 6374
11291 6095
30664 6397
30664 6779
30664 6463
30664 6393
11291 6043
30664 6481
30664 6688
11291 6336
30664 6376
11291 4017
30664 6473
11291 6050
30664 6771
30664 6412
11291 6124
30664 6443
11291 6265
30664 6425
30664 6884
11291 5216
30664 6956
11291 4907
30664 6445
30664 6441
11291 6245
30664 6409
11291 3641
30664 7426
30664 6402
30664 3924
30664 2640
30664 4979
11291 3595
30664 6675
11291 5048
30664 6515
30664 6387
30664 6225
30664 3406
30664 3663
11291 4615
30664 6832
11291 5177
30664 6961
11291 5085
30664 6546
30664 6373
11291 6196
30664 6503
30664 6399
30664 6592
11291 4912
30664 6390
30664 6375
30664 6411
11291 5416
30664 6459
30664 7088
11291 6941
30664 6381
30664 6388
11291 4839
30664 6379
30664 6838
11291 6575
30664 6574
30664 6573
11291 4917
30664 6364
30664 6395
30664 6985
30664 6672
11291 6419
30664 6395
30664 3792
30664 2444
30664 3034
30664 3789
11291 4871
30664 6490
30664 3558
11291 3611
30664 3643
30664 6622
11291 6236
30664 6450
30664 7033
11291 6806
30664 3166
11291 3588
30664 3688
30664 6448
11291 5415
30664 6527
30664 6428
11291 6064
30664 6360
30664 6400
11291 5349
30664 6409
30664 6481
30664 6488
11291 6065
30664 6941
11291 5191
30664 6537
30664 6403
30664 5123
11291 3647
30664 1299
11291 3735
30664 4887
11291 4895
30664 6520
30664 6336
30664 6774
30664 6890
30664 6454
11291 6176
30664 6382
30664 6371
30664 6558
30664 6662
30664 6366
30664 6776
11291 5144
30664 6408
30664 6380
30664 6479
11291 3647
30664 6850
30664 6702
11291 5076
30664 6389
30664 4725
30664 3813
30664 4767
11291 4932
30664 6469
30664 6849
30664 6980
11291 5570
30664 6789
11291 5027
30664 6625
30664 6574
30664 7027
11291 5819
30664 6398
30664 6516
30664 6434
30664 6792
30664 6416
30664 6474
30664 3843
11291 3744
30664 6426
30664 6405
30664 6403
30664 6921
11291 4880
30664 6420
30664 6401
11291 6125
30664 6453
30664 6418
30664 6369
30664 6878
30664 4774
11291 3618
30664 6404
30664 6482
30664 6515
11291 6075
30664 6451
30664 4899
11291 3667
47050 4180
30664 6392
30664 6530
11291 6310
30664 6380
30664 6517
30664 6905
11291 5481
30664 6511
30664 6375
30664 6457
11291 4992
30664 6415
30664 6398
11291 6147
30664 6383
30664 6453
30664 6600
30664 6818
11291 3629
30664 6364
30664 7900
11291 5566
30664 6431
30664 254
11291 4990
30664 6427
30664 6844
30664 6398
30664 6325
11291 6186
30664 7468
30664 6390
30664 6410
11291 6230
30664 6481
11291 4315
30664 6366
30664 6529
30664 6373
30664 6487
30664 6270
11291 4942
30664 2088
11291 3877
7194 6102
47050 3732
47050 3663
47050 3826
7194 3644
47050 6199
47050 3947
7194 3605
7194 6303
47050 3703
47050 3698
7194 3607
47050 6250
47050 5109
7194 3735
7194 4385
59594 3741
47050 4735
47050 5181
7194 3634
47050 6338
7194 4762
13814 5106
13814 6477
13814 3676
59594 3737
7194 6268
7194 4122
47050 3791
47050 3765
7194 4631
47050 7066
7194 5588
47050 6409
47050 6522
7194 3815
47050 6427
47050 6579
47050 7006
7194 5553
47050 6419
7194 6228
47050 6389
47050 6384
47050 6283
47050 3584
7194 4471
47050 3801
47050 6084
7194 3604
47050 6491
7194 6264
47050 883
7194 3622
47050 4083
7194 3625
47050 6051
47050 6374
47050 6363
47050 6800
7194 5324
47050 6469
47050 6545
47050 6458
7194 6264
47050 6692
7194 5030
47050 6405
47050 6389
7194 4823
47050 6535
47050 6767
7194 5140
47050 2137
7194 3623
11291 4788
30664 5353
30664 3776
11291 3670
30664 6369
30664 6431
30664 6402
30664 6544
30664 6771
30664 6353
30664 6471
30664 6788
11291 4893
30664 6842
30664 6765
30664 6849
30664 6390
11291 4097
30664 6383
30664 6382
30664 6340
30664 6782
11291 5072
30664 6401
30664 6492
30664 6515
30664 7070
30664 6409
30664 6505
30664 6622
11291 5037
30664 6482
11291 6106
30664 7408
30664 6392
11291 5101
30664 6416
30664 6421
30664 6419
30664 6406
11291 6105
30664 6873
11291 4964
30664 6750
30664 6476
30664 6571
30664 6420
30664 6401
30664 6366
30664 6589
11291 5129
30664 6409
11291 5214
30664 6412
30664 6444
30664 6466
30664 6557
30664 6458
30664 6423
11291 6020
30664 6390
30664 6400
30664 6383
11291 4919
30664 7399
30664 6381
30664 6365
30664 6394
30664 6467
11291 6046
30664 6475
30664 6508
30664 6397
30664 6728
11291 6574
30664 6387
30664 6375
11291 4243
30664 6405
30664 6393
11291 6242
30664 6373
30664 6409
11291 5033
30664 6428
30664 6404
30664 6443
11291 6211
30664 6432
30664 7683
11291 6291
30664 6479
30664 6718
11291 5076
30664 6415
30664 6614
11291 6280
30664 7228
30664 6399
11291 5399
30664 6365
30664 6382
30664 6490
30664 6411
11291 6158
30664 6421
30664 6539
11291 6225
30664 6514
30664 6474
11291 6303
30664 6410
30664 6508
30664 6412
30664 6387
11291 6142
30664 6676
30664 11098
11291 9914
30664 6372
30664 6770
11291 5077
30664 4942
11291 3616
30664 6449
30664 6511
30664 6919
11291 5182
30664 7604
30664 6383
30664 6497
30664 6365
30664 7405
11291 4965
30664 7096
11291 4979
30664 6345
30664 6395
30664 6370
30664 6461
11291 3953
30664 6402
30664 6379
30664 6657
11291 5223
30664 6424
30664 6382
11291 4868
30664 7492
30664 6678
11291 4977
30664 6515
30664 6470
11291 6054
30664 6345
11291 4062
30664 6393
30664 6532
30664 6425
11291 6232
30664 7187
30664 6438
11291 6112
30664 6408
11291 6246
30664 6564
30664 6397
11291 6154
30664 6433
30664 6388
11291 5085
30664 6445
30664 6390
30664 6378
30664 6387
30664 6839
11291 6480
30664 6381
30664 7022
11291 5451
30664 6416
30664 6483
11291 5174
30664 6373
30664 6381
30664 6450
30664 6395
30664 3735
11291 3791
30664 6468
30664 6371
30664 6368
30664 7400
11291 5688
30664 6367
30664 6537
11291 6118
30664 6428
30664 7122
11291 6758
30664 6399
30664 6421
30664 6360
30664 6702
11291 5044
30664 6403
30664 6418
11291 5406
30664 6738
30664 6373
30664 6377
11291 4984
30664 6370
30664 6520
30664 6808
11291 4948
30664 6573
30664 7232
11291 6951
30664 6368
30664 6395
30664 6793
11291 4947
30664 6442
30664 7437
11291 5726
30664 6669
11291 6250
30664 6365
30664 6856
30664 3762
11291 3620
30664 6486
11291 5961
30664 6524
30664 6398
30664 6418
11291 4968
30664 6374
30664 6367
30664 6826
11291 6579
30664 6377
30664 6983
11291 4919
30664 6743
30664 6392
11291 5012
30664 6384
30664 6503
30664 6673
30664 6783
11291 5106
30664 6528
30664 6618
30664 6391
30664 7012
30664 6420
30664 6397
30664 5358
11291 3613
30664 6377
30664 6529
30664 6634
11291 4942
30664 6490
30664 6552
11291 6298
30664 7262
30664 6499
30664 6442
30664 6419
11291 5069
30664 6394
30664 6412
30664 6951
11291 5178
30664 6530
30664 6494
11291 5030
30664 6851
11291 5085
30664 6421
30664 6256
11291 3761
30664 6371
30664 6430
30664 6392
30664 6959
11291 6789
30664 6586
30664 6416
30664 6423
30664 6451
11291 6206
30664 6538
30664 6461
11291 6177
30664 6373
30664 6478
30664 6395
30664 6569
11291 5433
30664 6362
30664 6493
30664 6381
30664 6629
11291 5027
30664 6416
30664 6870
11291 5043
30664 6550
30664 6471
11291 6275
30664 6473
30664 6513
30664 6455
30664 6390
11291 6216
30664 6455
30664 7390
30664 6470
11291 6197
30664 6443
11291 6108
30664 6435
30664 7006
11291 5238
30664 6482
30664 6403
30664 6529
30664 6384
30664 6481
30664 6388
30664 6386
30664 6956
11291 5235
30664 6391
30664 6387
30664 6542
30664 6407
30664 6358
30664 3726
30664 7186
30664 6478
11291 6175
30664 6429
30664 6555
30664 6402
30664 6341
30664 6699
30664 6859
30664 6359
30664 6847
30664 6252
30664 6557
11291 6291
30664 3633
11291 3645
11291 4808
11291 5164
11291 3682
11291 3793
11291 4737
11291 5438
11291 3685
11291 3697
11291 5156
11291 4980
11291 4155
11291 4765
30664 5152
30664 3756
11291 3635
30664 7256
11291 5501
30664 6964
11291 5067
30664 6386
30664 6371
30664 6402
30664 6387
30664 7015
30664 6889
30664 6385
11291 6088
30664 6435
30664 3172
11291 3577
30664 3754
30664 6410
11291 5413
30664 6742
11291 5654
30664 6498
30664 6538
11291 6290
30664 6363
30664 6398
11291 4268
30664 6489
30664 6514
30664 6828
30664 6401
30664 6363
30664 6361
30664 6450
30664 6377
30664 6414
11291 6025
30664 6405
30664 6885
30664 6420
30664 6427
30664 6389
30664 6416
30664 6547
30664 6465
11291 3609
30664 6399
30664 6819
30664 6442
30664 6419
30664 6386
30664 6422
30664 6460
30664 6375
30664 503
11291 6277
30664 3780
11291 3589
30664 3676
30664 3754
30664 6505
30664 6446
30664 6400
30664 6437
30664 7090
30664 6493
30664 6411
11291 6267
30664 7215
30664 6839
30664 6347
30664 6561
30664 6363
30664 6417
30664 6522
30664 6496
11291 5027
30664 6229
30664 3692
30664 3920
30664 6406
30664 6397
30664 6365
30664 6726
30664 6722
30664 6381
30664 6430
11291 4861
30664 6706
30664 6814
30664 6373
30664 6522
30664 6477
30664 7131
30664 6401
30664 6539
30664 6434
11291 6106
30664 6160
11291 4182
30664 4136
30664 6174
30664 6643
30664 6873
30664 6428
30664 6397
30664 6374
30664 7021
11291 4934
30664 6438
30664 6415
30664 6404
30664 6372
30664 6767
30664 6432
30664 6374
30664 6903
11291 5059
30664 6467
30664 6389
30664 6370
30664 6376
30664 6675
30664 1004
30664 6467
30664 6409
30664 6970
11291 6637
30664 6519
30664 6390
30664 4142
30664 1633
30664 5132
30664 3898
30664 6690
30664 6369
30664 6368
30664 6922
30664 6739
11291 5280
30664 6554
30664 6538
30664 6401
30664 6608
30664 6364
30664 6385
30664 6390
30664 6502
30664 6372
11291 6165
30664 6429
30664 6367
30664 6572
30664 3688
30664 3738
30664 6109
30664 6871
30664 6381
30664 6402
30664 6471
30664 6630
11291 4934
30664 6397
30664 6443
30664 2726
30664 6166
30664 6423
30664 6413
30664 6466
30664 6700
11291 5069
30664 6401
30664 6539
30664 6376
30664 6416
30664 6409
30664 6387
30664 6418
11291 4972
30664 6375
30664 6503
30664 6539
30664 6404
30664 6387
30664 7190
30664 6393
30664 6998
11291 5087
30664 6565
30664 6471
30664 6839
30664 6454
30664 6511
30664 6478
30664 6429
30664 6444
11291 6036
30664 6380
30664 6834
30664 6681
30664 6381
30664 6374
30664 6815
30664 6390
30664 6423
30664 6426
11291 6252
30664 7208
30664 6417
30664 6377
30664 6869
30664 6533
30664 6484
30664 6406
30664 7460
11291 5213
30664 4231
30664 6442
30664 6366
30664 6498
30664 6389
30664 6398
30664 6786
11291 5103
30664 6594
30664 6397
30664 6684
30664 6442
30664 6400
30664 6562
30664 6373
30664 6363
30664 7036
11291 5115
30664 6574
30664 6385
30664 6408
30664 6816
30664 6372
30664 6505
30664 6404
30664 6630
11291 5160
30664 6680
30664 6364
30664 6409
30664 7153
30664 3737
11291 4618
30664 3078
30664 4824
11291 3697
30664 6416
30664 2556
11291 3644
30664 1860
11291 3602
30664 3778
11291 3616
30664 6361
30664 6376
11291 5610
30664 6395
30664 4825
30664 5145
11291 3729
30664 6343
30664 3407
11291 3611
30664 6086
11291 3616
30664 6551
30664 6883
30664 6504
30664 6400
30664 6542
30664 6393
30664 6377
30664 6440
30664 6766
11291 4905
30664 3051
11291 4069
43039 3803
26444 3749
26444 3646
26444 6172
43039 3718
7194 6042
44995 3683
44995 3729
44995 3687
44995 6019
47050 3636
47050 3751
47050 3679
7194 4629
59160 5013
59160 3741
44995 3641
59160 3769
200 4741
59160 5221
44995 4290
35354 3771
8874 3861
35354 3618
35354 7037
22002 3833
200 3608
200 7018
8874 4962
8874 7432
8874 6439
8874 6605
35354 5032
35354 3666
35354 6038
35354 4520
22002 3664
22002 7280
22002 6459
22002 6179
200 3887
200 3644
200 4812
200 5226
8874 6258
8874 3731
35354 3608
8874 3659
35354 3660
8874 3634
8874 6201
35354 5355
22002 5262
22002 4976
200 3586
22002 3807
200 3661
22002 3651
22002 6381
22002 6836
200 5089
22002 6378
22002 6386
22002 6279
22002 6689
200 6043
8874 3836
25968 3735
7194 3877
22002 3597
29647 4595
47050 4974
47050 3787
7194 4046
47050 4737
29647 4999
29647 6217
29647 3716
29647 4650
25968 3760
25968 5450
27248 3687
27248 4066
7194 3752
29647 4140
51583 323
51583 5170
51583 6389
27248 6170
51583 6577
51583 6384
27248 6080
51583 6364
51583 6991
27248 5604
51583 6404
51583 6385
27248 6042
51583 6944
27248 5170
51583 6450
51583 6402
27248 6098
51583 6510
51583 6354
27248 3650
51583 6405
51583 6478
27248 6181
51583 6443
51583 6411
27248 6130
51583 6378
51583 6655
27248 5065
51583 6949
51583 6842
27248 6485
51583 6428
51583 6422
27248 6260
51583 6347
51583 6482
27248 6234
51583 6376
51583 6930
27248 5203
51583 6375
51583 7707
27248 6383
51583 6361
51583 6406
27248 5237
51583 6399
51583 6685
27248 5028
27248 5185
51583 6518
51583 6382
51583 6363
27248 4795
51583 6378
27248 6078
51583 6457
51583 6472
51583 7259
27248 6899
51583 6413
51583 6406
27248 6193
51583 6680
51583 6740
27248 5277
51583 6388
51583 6555
27248 4158
51583 6377
27248 3664
51583 6504
51583 6437
51583 6517
27248 6378
51583 6368
51583 6363
27248 5000
51583 6375
27248 4980
51583 7174
51583 6424
51583 6764
27248 6422
51583 6444
27248 6279
51583 6552
51583 6391
27248 4861
51583 6406
51583 6831
51583 6837
27248 5178
51583 6457
51583 6415
27248 6193
51583 6387
51583 6209
27248 3647
27248 3663
51583 3640
25968 6081
29647 3755
29647 3961
29647 6464
25968 3720
29647 6396
29647 6369
29647 3711
25968 4643
29647 6962
25968 4930
29647 6523
29647 6942
25968 5101
29647 876
25968 3599
25968 3766
27248 4877
29647 3652
51583 5079
51583 4236
51583 7022
27248 5413
51583 6572
51583 6407
27248 6194
51583 6566
51583 6379
27248 6217
51583 6352
51583 6538
51583 6679
27248 5814
51583 6413
51583 6399
51583 6452
51583 6427
27248 5465
51583 6412
51583 6456
51583 6828
51583 6638
27248 5048
51583 6360
51583 6511
51583 6504
51583 6906
27248 6590
51583 6404
51583 6398
27248 5553
51583 6951
51583 6501
27248 5461
51583 6470
51583 6540
51583 6497
51583 6396
27248 6040
51583 6441
51583 6394
51583 6401
51583 7044
27248 5460
51583 6405
51583 6418
51583 6410
51583 6955
27248 4935
51583 6397
51583 6374
51583 6749
51583 6402
27248 6079
51583 6393
51583 6410
51583 6621
51583 6560
27248 6352
51583 6398
51583 6392
27248 6484
51583 6536
51583 6943
51583 6557
51583 6732
27248 5650
51583 6529
51583 6423
27248 4838
51583 6371
51583 6419
27248 4859
51583 6445
51583 6489
51583 6488
51583 6486
27248 4568
51583 6420
51583 6448
51583 6459
51583 6829
27248 5224
51583 6472
51583 6765
27248 5698
27248 4734
51583 4989
25968 3733
25968 3673
25968 6938
29647 4847
29647 3838
29647 6410
25968 6177
29647 6933
29647 6576
25968 6286
29647 2009
25968 3612
25968 3629
29647 4614
29647 5372
29647 3703
29647 3716
29647 1974
25968 4042
25968 3632
29647 4751
29647 6374
29647 3858
25968 3567
29647 4083
29647 6248
25968 3869
43039 4783
43039 4926
7194 3663
47050 3643
26444 3714
47050 6106
7194 4808
47050 6504
47050 6410
7194 6178
47050 6806
47050 1123
7194 3818
26444 3625
43039 3674
26444 1975
43039 3727
26444 4976
26444 4075
43039 3594
44995 3713
44995 6062
59160 3637
59160 3635
44995 3596
59160 3782
44117 3761
30808 4683
44995 3573
33881 5176
20877 3710
30808 3584
30808 7068
24989 5408
44117 3720
44117 6968
49548 3654
33881 3616
33881 6903
43039 4661
43039 6380
43039 4207
26444 977
26444 3716
26444 6319
43039 3660
20877 3609
24989 3623
49548 3761
20877 7346
20877 6379
30808 4864
20877 6364
24989 7211
24989 7030
24989 6783
44117 6544
30808 3822
44117 3696
30808 6257
49548 7259
49548 6473
49548 6913
33881 5205
33881 3711
20877 3593
20877 6190
30808 3602
20877 6154
30808 3630
24989 4217
24989 3847
44995 6206
44995 3815
59160 3739
59160 3708
44117 3791
49548 3588
49548 6214
44995 3593
33881 3628
44995 3666
59160 3622
43039 4955
43039 6385
200 3836
200 6542
26444 377
22002 3636
22002 4591
22002 5123
26444 4636
43039 3614
22002 6293
200 5424
44995 4995
44995 3810
59160 1905
59160 3636
59160 6247
44995 4839
26535 4505
39846 3664
61351 3692
14860 3600
26535 3732
26535 6860
43533 3687
39846 4649
39846 6602
39439 5327
61351 3632
61351 6540
14860 3802
14860 7433
14860 6396
26535 6117
14860 6186
43533 3632
43533 7212
43533 6371
43533 6270
39846 3606
26535 3794
39846 4717
26535 6229
14860 6354
26535 4387
43533 6223
39846 3847
14860 6985
26535 3695
43533 7317
39846 4560
39439 4605
39439 7264
39439 6360
39439 6788
61351 4885
61351 3760
39439 6194
61351 3714
14860 6283
26535 3684
14860 3593
14860 1401
14860 6285
26535 3605
43533 3588
43533 5129
44995 5049
44995 3736
14860 6160
26535 3837
59160 3619
59160 3926
44995 4756
61659 5216
39846 3592
37095 3835
61659 3750
61659 6887
39439 6897
61351 4500
37095 4236
37095 5558
37095 6425
37095 6412
37095 6500
61659 4051
37095 1820
61659 4058
61659 3710
61659 7200
39439 5037
39439 6127
61351 3666
37095 3602
37095 3707
37095 3623
61659 4628
37095 1239
61659 4009
39439 3803
61351 3829
37095 6431
37095 6550
37095 5286
37095 3673
37095 3703
61659 3577
37095 6365
37095 6497
37095 7241
37095 3675
61659 3625
37095 6414
61659 6540
37095 6458
37095 6389
37095 6607
37095 6377
37095 6413
37095 6826
37095 6465
37095 6708
37095 6385
37095 7124
37095 6377
61659 4858
46299 3847
18650 4763
23769 5314
41176 3774
44995 3619
44995 3719
37095 6167
61659 3659
44995 4700
44995 5508
44995 4115
44995 3635
44995 4733
44995 5120
59160 3643
59160 4231
59160 3616
59160 4049
44995 3708
59160 4601
59160 4959
59160 3638
37095 6383
37095 6404
37095 6518
37095 6414
37095 6467
37095 6385
37095 6410
37095 6357
61659 5196
37095 6372
37095 6364
37095 6549
61659 6349
61659 6197
24807 3837
46299 3779
227 3932
61670 3846
23769 3749
37090 3825
18650 6053
41176 3618
46299 6989
41176 5008
44995 3761
18650 7373
23769 5404
37095 4718
37090 3680
37090 2746
37090 3708
41176 3590
24807 3653
24807 465
46299 3729
24807 3645
227 3610
61670 3702
61670 1204
61670 4638
18650 4963
227 4524
227 3625
227 4115
41176 3667
23769 3750
46299 4773
18650 4998
23769 3807
41176 6351
46299 6291
18650 6213
37090 4845
24807 3717
61670 4158
227 4748
37090 4983
24807 3644
61670 3587
37095 6402
37095 6374
37095 6378
37095 4665
37095 3800
61659 3655
37095 6395
37095 6295
61659 4892
37090 6396
37090 6395
37090 6339
37090 3725
37090 6411
37090 6329
37090 6205
37090 6204
41176 3604
61670 6438
61670 6384
61670 6329
61670 3653
18650 5053
61670 6475
61670 6386
18650 4832
24807 6977
46299 5352
59160 3777
44995 4698
44995 5238
59160 4034
59160 3936
59160 4733
59160 5186
44995 3606
34015 3821
30942 3712
3295 4690
44995 5006
44995 3828
59160 4874
44995 4960
44995 3703
61662 3856
59160 3632
59160 3787
59160 3629
59160 5112
44995 5087
59160 3855
44995 3694
44995 6103
59160 3637
59160 4135
2787 3776
39650 3756
34015 3636
30942 4262
43744 3780
3295 3574
30942 7408
34015 5873
3295 6389
59160 6147
44995 3912
44995 3676
44995 4209
15073 3715
61662 3617
61662 6761
59160 4658
59160 5018
59160 4119
44995 3744
39650 3602
2787 3640
43744 3697
39650 7571
39650 6472
39650 6468
30942 5166
2787 7292
2787 6640
2787 6401
34015 5127
43744 7525
43744 6546
43744 6759
3295 5196
30942 4454
34015 3708
3295 4745
34015 5080
3295 3706
30942 3751
30942 4954
30942 5049
30942 3830
15073 3632
15073 7325
15073 6489
15073 6910
61662 5195
61662 3839
59160 3802
39650 3717
39650 6094
39650 4252
30942 3725
30942 3665
2787 5057
2787 5108
2787 3655
34015 782
43744 3660
43744 6157
43744 3636
3295 4073
3295 4030
43744 821
2787 4626
2787 5169
3295 983
34015 3578
34015 3590
39650 3632
39650 3647
39650 3611
39650 3629
39650 6535
30942 3624
39650 6409
39650 6410
39650 6404
30942 6217
39650 6422
39650 6443
39650 6765
30942 5943
15073 3614
15073 3817
15073 3657
61662 3624
44995 4600
59160 5119
39650 3623
39650 6690
39650 6366
39650 6542
39650 6915
39650 6359
39650 7028
30942 5085
39650 6516
39650 6501
39650 6390
39650 6506
30942 6195
39650 6407
39650 6790
39650 6413
39650 6411
30942 6045
44995 3993
39650 6803
39650 6557
39650 6374
39650 6406
39650 6414
39650 6965
30942 5207
39650 6418
30942 6106
39650 6389
39650 6394
39650 6403
39650 6675
39650 6415
39650 6390
30942 5456
39650 6856
39650 6410
39650 6625
30942 5016
39650 6529
39650 6627
39650 6420
39650 6441
39650 6409
30942 4856
39650 6470
39650 6418
39650 6954
30942 4884
30942 3728
30942 6112
39650 3596
39650 6512
30942 6369
39650 6774
39650 6379
39650 6816
39650 6486
39650 6380
39650 6926
30942 5095
39650 6402
39650 6352
39650 6507
39650 3819
30942 5030
39650 7198
39650 6451
39650 6334
39650 6394
39650 6459
39650 6357
39650 6433
30942 6215
39650 2112
30942 5007
39650 6424
39650 6373
30942 5304
39650 6419
39650 6433
30942 6079
39650 6385
39650 6369
39650 6686
39650 6846
30942 6635
39650 6408
39650 6458
39650 6370
39650 6421
39650 6466
39650 6392
39650 6599
39650 6534
39650 6389
39650 6507
30942 6313
39650 6973
39650 6416
39650 6514
39650 6403
30942 5197
39650 6426
39650 7028
30942 5056
39650 6695
39650 6375
39650 6423
39650 6418
30942 6160
39650 6682
39650 6426
30942 5353
39650 6462
39650 6764
39650 6422
39650 6517
39650 6440
39650 6501
39650 6438
39650 6758
30942 5063
39650 6368
39650 6358
39650 6401
39650 6380
39650 6447
39650 6310
30942 5276
44995 5242
44995 5212
30942 3694
59160 3613
59160 4943
44995 3734
39650 3641
39650 7639
30942 6359
59160 3770
18429 3789
48124 4669
28667 5017
37882 3670
55290 3720
32026 3727
60699 3680
18429 3658
48124 3667
56595 3849
28667 4725
19730 6054
37882 3625
18429 7116
48124 5082
28667 6415
37882 5391
44995 5014
48402 3699
55290 4940
55290 5509
32026 5550
60699 3759
56595 4041
19730 3629
32026 7866
32026 6518
32026 7160
18429 5505
60699 7857
60699 6400
60699 6378
48124 6059
56595 7088
56595 6432
56595 6360
28667 6201
19730 7644
19730 6452
19730 6795
37882 5109
18429 3690
28667 3723
48124 3694
37882 6021
28667 3655
48124 3659
37882 3600
18429 3672
18429 6146
18429 3664
18429 3718
18429 4686
48402 5568
48402 7867
48402 6397
48402 7000
55290 5332
55290 3741
32026 5007
32026 5244
32026 3624
18429 3777
56595 3678
18429 3640
56595 6265
56595 3775
28667 3634
28667 3693
60699 3619
60699 6104
48124 4696
60699 3628
48124 3649
19730 3704
56595 4648
28667 3720
56595 5084
19730 3780
19730 3826
28667 3653
60699 875
37882 3595
48124 3790
48124 4184
37882 3660
19730 1442
37882 3591
37882 3593
32026 3621
32026 210
32026 4071
32026 3604
32026 6425
18429 5343
32026 6445
18429 5080
32026 6396
18429 4882
32026 6532
32026 1616
18429 3601
48402 3590
48402 4802
48402 5575
55290 4885
32026 6398
32026 6795
18429 5107
32026 6354
32026 4931
18429 4098
32026 6838
18429 5197
32026 6415
32026 6387
32026 6401
32026 6406
18429 6100
32026 6869
32026 6389
32026 6492
32026 6971
18429 5129
32026 6481
32026 6856
18429 5330
18429 4686
44117 4951
33881 3596
18650 6351
32026 3635
32026 6423
32026 1998
18429 3624
18429 6102
41176 6176
61659 6256
32026 3596
32026 6330
61670 3745
18429 5170
37090 4107
37095 3771
49548 1518
33881 3619
33881 3601
24989 3632
24989 4055
44117 1069
61670 3779
37095 6826
37090 6832
41176 5079
18650 3596
61659 4603
44995 4957
44995 3782
59160 4035
59160 3683
59160 6064
44995 3592
57013 3781
43700 3774
22197 3658
14100 3810
57013 3652
57013 7128
1814 3799
43700 3577
43700 7022
38513 3707
22910 5121
38679 5149
22197 3967
22197 6977
14100 5420
1814 3675
14100 7166
14100 6814
14100 6379
14100 3800
14100 6739
1814 6391
1814 7135
1814 7185
1814 6653
1814 3956
57013 3754
43700 4756
57013 4948
43700 3647
43700 3601
57013 3689
43700 3716
43700 4601
57013 5052
57013 3780
53570 3774
12245 4757
53570 5054
53570 4157
12245 7774
12245 6919
53570 6581
12245 7071
38679 4865
53570 4812
38679 6499
38679 6419
38679 7729
38679 6439
38679 3814
22197 3673
22197 1972
22197 3602
22197 3704
14100 4753
14100 5539
57013 4998
57013 3637
12245 3706
14100 3653
53570 6129
53570 6826
1814 393
43700 32
14100 6119
14100 3609
57013 3683
44995 3641
44995 8171
59160 4934
59160 4211
59160 5182
44995 3688
33884 5157
12245 3606
12245 6330
53570 3788
19203 3799
33884 3585
33884 7082
12245 5505
53570 4747
19203 3617
19203 8315
19203 6389
19203 6375
33884 6217
19203 6982
33884 5081
33884 5006
33884 3762
33884 6252
19203 4411
19203 6628
33884 4888
19203 3676
33884 3668
19203 6488
19203 6517
33884 5279
19203 6418
19203 6243
19203 7451
19203 6381
19203 6378
33884 6071
19203 6393
19203 6424
33884 5035
19203 6867
19203 6453
19203 6740
33884 5095
19203 6440
19203 6939
33884 5087
33884 6496
19203 6828
19203 6833
19203 6423
19203 6389
19203 6432
33884 5015
19203 6382
33884 6136
19203 6479
19203 6449
19203 6379
19203 6861
19203 6468
19203 6481
19203 6834
19203 7442
19203 6390
19203 6367
19203 6612
33884 5019
19203 6483
19203 6384
19203 6369
19203 5044
33884 3602
44995 4985
44995 3717
44995 3635
44995 6071
44995 3676
44995 3703
44995 3668
44995 6016
38679 4755
38679 3616
22197 3612
59160 4613
59160 1061
44995 3643
59160 3639
59160 3660
59160 3584
59160 4658
44995 3601
1175 5622
14100 4108
14201 3791
1175 3637
1175 4391
14201 7901
14201 6813
14201 6390
14201 3713
1175 4581
1175 5198
59160 6181
33884 3805
33884 3688
33884 3663
33884 4681
14201 5010
1175 5008
1175 6384
19203 6414
19203 6292
19203 6405
19203 6370
33884 3611
19203 6461
19203 6200
19203 6406
19203 6485
33884 4897
19203 6420
19203 6324
19203 6312
19203 6414
19203 6647
19203 6319
33884 4977
19203 6464
19203 6341
19203 6776
33884 4930
19203 6729
19203 6192
19203 6949
33884 5355
19203 6440
19203 6363
33884 4806
19203 6826
19203 6207
19203 6157
33884 3704
33884 3634
19203 6370
19203 6408
19203 6688
33884 4876
19203 6430
19203 6630
33884 5402
19203 6522
19203 6378
33884 6214
19203 6383
19203 6948
33884 5208
19203 6939
19203 6531
33884 6045
19203 6448
19203 6798
33884 5178
19203 6369
19203 6920
33884 5205
19203 6435
19203 6432
33884 6026
19203 6826
19203 6803
33884 5212
19203 6395
19203 6648
33884 6275
19203 6413
19203 6897
33884 5270
44995 3615
19203 6329
19203 6517
19203 6463
19203 6849
19203 6783
19203 6364
19203 6372
19203 6420
19203 6536
33884 5108
19203 6858
19203 6417
19203 7104
33884 5317
19203 6413
19203 6392
19203 6929
33884 4993
19203 6356
19203 6823
19203 6404
19203 6382
33884 5170
19203 6887
19203 6481
19203 6355
19203 3702
33884 3610
39846 4783
61351 4934
19203 6354
19203 6440
19203 6534
33884 6237
19203 6801
33884 4958
19203 6465
19203 6445
19203 6738
33884 5079
19203 6420
19203 6407
19203 6925
19203 6452
33884 6285
14201 3670
19203 6391
19203 6747
33884 5293
14201 6274
19203 6967
33884 4922
19203 6412
19203 6397
19203 6391
33884 6218
19203 6458
19203 6711
33884 6511
1175 4211
19203 6459
19203 6865
19203 6888
19203 4669
33884 3605
44995 3665
44995 4825
19203 6363
19203 6416
19203 7092
19203 6415
19203 6421
33884 6212
19203 6426
19203 7100
33884 6928
19203 6432
19203 6464
19203 7239
33884 5398
19203 7233
33884 6969
19203 6463
19203 6382
19203 6521
19203 6501
33884 6305
19203 6397
19203 6446
19203 6545
19203 6568
19203 6663
33884 5084
19203 6354
19203 6379
19203 4168
33884 3779
19203 6809
19203 6406
19203 6362
19203 6657
33884 5061
59160 3759
19203 6518
19203 6447
19203 6428
19203 7356
59160 3662
33884 3627
19203 6364
19203 6515
19203 6520
33884 6134
19203 6587
19203 6984
33884 4919
19203 6451
33884 6126
19203 6396
19203 7109
33884 5085
19203 6448
19203 6389
19203 6590
19203 6955
33884 5040
19203 6411
19203 6828
19203 5124
33884 3956
14201 3636
1175 3691
19203 6386
33884 3644
19203 6374
19203 6469
19203 6412
33884 4850
19203 6922
19203 6621
19203 6818
19203 6404
19203 6408
33884 6222
19203 6352
19203 6977
33884 5058
19203 6423
19203 6371
19203 6766
33884 5090
19203 6363
19203 6429
33884 6024
19203 7050
19203 6884
33884 4908
19203 6469
19203 6600
19203 6508
33884 6230
19203 3688
33884 3631
19203 6141
44995 3935
33884 3758
59160 3815
59160 6145
44995 4022
5983 4298
33884 3860
33884 6265
33884 3719
16240 3616
46764 3922
52854 3785
5983 3593
5983 7032
43533 721
39846 3634
19203 6539
19203 6340
33884 4850
19203 6392
19203 6647
33884 3646
19203 6836
19203 6351
19203 3813
33884 3586
19203 6337
19203 6238
33884 4045
19203 6470
19203 6769
19203 6984
33884 5446
19203 6375
19203 6205
19203 6903
33884 4927
19203 7066
19203 6689
33884 5028
19203 6859
19203 6578
33884 5495
19203 6390
33884 6099
19203 6388
19203 6452
19203 6437
33884 5417
19203 6944
33884 3699
19203 6839
19203 6381
19203 7060
33884 5118
19203 6458
33884 3625
19203 6395
19203 6575
19203 6605
33884 4924
39439 101
61351 3594
19203 6504
33884 4855
19203 6391
19203 6400
19203 6948
33884 5089
19203 6912
33884 6709
19203 6408
19203 6371
19203 6566
33884 5110
19203 6527
19203 6816
33884 5100
52854 3647
52854 7643
52854 6502
52854 6390
5983 6054
52854 6566
5983 5469
52854 3918
5983 6223
5983 3657
5983 4360
52854 6302
52854 3873
5983 3603
5983 4098
52854 6447
52854 6332
5983 5246
52854 6402
52854 6414
52854 6607
5983 5064
52854 6719
5983 4403
52854 8575
52854 6583
52854 6439
5983 3754
52854 6847
52854 3809
52854 8666
52854 6450
52854 6849
5983 5214
52854 6757
52854 6554
5983 3569
52854 6655
52854 6691
52854 6515
52854 6556
5983 5295
52854 6724
52854 6971
52854 6660
52854 6797
52854 6428
52854 3947
5983 3780
59160 4778
5983 5103
52854 6595
52854 6524
52854 6521
52854 6629
5983 4352
52854 8950
52854 6367
52854 6630
5983 5360
52854 6390
52854 6519
52854 6733
52854 6530
52854 6563
52854 7339
52854 5011
52854 6542
52854 6742
5983 4896
52854 6760
52854 6385
52854 6603
52854 6357
5983 6035
52854 6412
52854 6599
52854 6357
5983 4553
52854 6400
52854 6768
5983 5098
44995 5674
44995 3675
59160 3781
23769 3812
44995 6038
44995 5147
44995 5114
44995 4336
44995 3921
44995 4934
33884 5184
33884 3790
33884 3958
19860 3658
33884 5085
33884 5012
33884 3914
59160 3949
59160 3917
59160 3818
59160 6615
44995 5802
52469 3976
59160 5393
506 4052
59160 3691
44995 3651
59160 5213
19203 6429
19203 6545
19203 7038
33884 5412
19203 7168
33884 5335
19203 6412
19203 6408
33884 3863
19203 8597
33884 6655
19203 6728
19203 6440
19203 6884
33884 5157
19203 7045
33884 5298
19203 6697
19203 6648
19203 6403
19203 6550
33884 5359
19203 7518
33884 4000
19203 6466
33884 5169
19203 6570
19203 6404
19203 6784
33884 5265
19203 6326
19203 6450
33884 5252
19203 6417
19203 6383
33884 3715
19203 12904
19203 6435
19203 6814
19203 6398
33884 5099
19203 8468
19203 6655
19203 6748
19203 6978
33884 5235
19203 6678
19203 6492
33884 6151
19203 6810
19203 6639
33884 5027
19203 6729
19203 6620
19203 6585
19203 6700
33884 4369
19203 6677
19203 6747
19203 6928
33884 5566
33884 3651
19203 6714
33884 3737
19203 7413
33884 5161
19203 6609
19203 6748
33884 5558
19203 6661
33884 4094
19203 6746
19203 8395
19203 6649
33884 4780
19203 6505
33884 5342
19203 7027
19203 7239
33884 5197
19203 6409
19203 6674
33884 4563
19203 6701
19203 6659
19203 6391
19203 6961
33884 5391
19203 6779
19203 6818
19203 3873
33884 3860
19203 6520
19203 6523
19203 6953
19203 4728
33884 5330
19203 6563
33884 5253
19203 6508
19203 6415
19203 6468
19203 6414
33884 5176
19203 9032
33884 7731
19203 6598
19203 6493
19203 6911
19203 7302
33884 5467
19203 6447
19203 6565
19203 6606
19203 6488
33884 6057
19203 6514
33884 4470
19203 6501
19203 6422
33884 5428
19203 6548
19203 6812
33884 5453
19203 6649
33884 5572
19203 6562
19203 4202
33884 3778
227 4842
23769 716
19203 6525
33884 5254
19203 8636
19203 6639
33884 5168
19203 7197
33884 5207
19203 6600
19203 7096
19203 6647
19203 6918
33884 5300
19203 6646
33884 5332
19203 6648
19203 6454
33884 10545
19203 6717
33884 4789
19203 6565
19203 6648
33884 5295
19203 6744
19203 6373
19203 6530
33884 5257
19203 6659
19203 6417
33884 5155
19203 6814
33884 5954
19203 6407
19203 6635
19203 6424
19203 8877
33884 6395
19203 6405
19203 6385
19203 6376
33884 3727
19203 6527
19203 7492
19203 6681
33884 6208
19203 6386
19203 6554
33884 5352
19203 6572
19203 6393
33884 6192
19203 6634
19203 6487
19203 6478
33884 5296
19203 6414
33884 4856
19203 6665
19203 6496
19203 6636
19203 6418
33884 6234
19203 6857
19203 6981
19203 6373
19203 6498
19203 7486
33884 5121
19203 7968
33884 6072
19203 6474
19203 6649
19203 6551
19203 6935
33884 5359
19203 6411
19203 6530
19203 6363
19203 6431
19203 6369
19203 6559
33884 6173
19203 6449
19203 6706
19203 6419
19203 6435
19203 6440
33884 6274
19203 6413
19203 6436
33884 6025
19203 6455
19203 6358
33884 3697
59160 6116
5357 3845
24812 3919
40173 3833
55533 3743
9452 3747
12512 5678
44995 3649
51303 5112
52469 3625
52469 6934
44834 3629
40173 3632
40173 6981
3873 3744
5357 3761
5357 6396
16178 3607
12512 3777
12512 6606
16163 3830
24812 3787
24812 6821
24354 4039
55533 4226
55533 6536
53027 3716
9452 3817
9452 6340
51303 3711
51303 10097
51303 6366
51303 6379
51303 6089
52469 5238
52469 3901
52469 3774
52469 6159
44834 5223
44834 7835
44834 6600
44834 6875
40173 4446
3873 3700
3873 7264
3873 6525
3873 6400
5357 4870
40173 6111
16178 3643
5357 1764
40173 3711
24812 3631
55533 3581
9452 4641
12512 4974
16178 7433
16178 6371
16178 6484
12512 1185
40173 6149
40173 4107
40173 3676
40173 6010
40173 3687
16163 3656
16163 7370
24812 6180
16163 7216
16163 6909
24812 1354
24354 3589
53027 3703
24354 7339
24354 6385
24354 6789
55533 719
55533 1062
53027 7141
53027 7180
53027 6711
9452 1946
9452 5113
51303 3797
51303 3969
52469 3649
52469 5988
51303 6502
51303 1623
52469 3691
44834 6139
44834 3711
40173 3720
40173 3655
44834 3646
44834 5682
44834 4928
44834 6985
40173 5082
44834 6473
44834 6741
44834 6412
40173 6232
44834 6383
44834 6292
44834 6473
40173 3657
3873 920
5357 126
16178 3610
12512 3697
16163 3604
24812 3691
24354 3615
55533 3712
53027 3690
9452 4742
40173 5115
51303 3642
59160 3749
40173 6159
44834 6374
44834 6500
44834 6130
40173 3659
44834 6824
44834 6440
40173 6235
44834 6427
44834 6406
40173 6230
44834 6394
44834 6376
44834 6421
44834 7409
44834 7031
40173 5246
44995 3623
44834 6417
40173 6058
44834 6363
44834 6403
44834 6460
40173 6322
44834 6400
44834 6561
44834 7004
40173 6813
44834 6388
44834 6399
44834 6397
40173 4877
44834 6364
44834 6498
44834 6499
44834 7089
40173 6909
44834 6562
44834 6518
44834 6384
40173 5167
44834 6410
44834 6507
40173 4991
44834 6391
44834 6366
44834 6498
44834 6502
40173 5439
44834 6346
44834 6594
44834 6539
44834 6369
44834 6359
44834 6384
44834 6528
44834 6404
44834 6552
44834 6530
44834 6377
44834 6380
44834 6872
44834 6353
44834 6491
44834 6970
40173 5105
44834 7567
40173 5960
44834 6398
44834 6679
40173 3656
13135 3793
13135 4495
65487 3625
59145 4653
10109 3617
13311 5037
63091 3596
39289 3794
61662 3819
55290 3748
44995 3658
44995 4693
44995 5148
44995 3729
44995 3636
44995 4714
44995 5040
44995 3763
44995 3630
44995 6097
48402 733
55290 3603
59160 3606
59160 525
59160 3822
44995 5582
59160 1459
59160 3684
44995 3607
44995 3674
44995 4652
59160 3811
59160 4905
59160 3705
44995 3652
15073 3612
15073 3755
61662 3590
59160 6329
19866 3855
59160 4178
44995 3637
42847 3962
34363 3687
19866 3590
19866 8077
23193 5985
54110 4445
15897 5181
34363 3583
34363 7283
34363 6381
34363 6357
19866 5183
19866 6060
19866 3743
19866 5226
59160 5286
14437 3924
31845 3702
44995 3602
34363 6117
34363 3670
19866 3624
34363 3668
19866 4644
40537 5589
14437 3677
14437 7046
59160 3793
6549 3696
3478 3838
61847 4852
28249 5026
31845 4535
31845 7388
44995 4305
46487 3803
44995 3806
18293 3725
44995 3651
44995 3658
44995 6045
48298 3850
40537 3597
40537 7114
40537 6585
40537 6446
40537 4694
14437 3846
14437 5151
14437 5042
14437 3774
59160 857
59160 6007
28249 3708
28249 7163
28249 6544
28249 6769
28249 4025
31845 3604
31845 3827
56767 3784
3478 4657
3478 6205
19902 4209
61847 4616
61847 6838
44995 5086
11706 3680
6549 3613
6549 6791
34363 3635
48574 3756
46487 3579
46487 7013
40537 3622
40537 5223
40537 1622
40537 3795
14437 3582
14437 3761
40537 4033
40537 6402
14437 6202
40537 6542
40537 154
14437 3620
44995 3620
44995 6152
28249 3628
28249 4143
28249 4677
31845 5204
59160 3823
59160 3689
44995 3604
3548 3791
56767 3638
56767 7201
56767 6540
56767 6618
56767 6116
3478 3631
19902 3627
19902 7339
19902 6763
19902 6508
19902 4000
61847 4444
3478 3715
61847 2288
3478 3797
6549 3643
3478 6118
3478 3711
3478 3792
11706 3604
11706 7227
11706 6490
11706 6378
11706 3891
6549 1553
6549 4922
6549 3606
40537 4047
48574 3643
48574 7224
48574 6727
48574 6449
48574 3794
46487 3596
46487 5090
8425 5607
3548 3632
3548 7211
56767 3620
56767 3758
56767 4960
3478 4207
3478 5026
56767 3664
56767 189
19902 4052
56767 295
19902 6147
61847 3823
19902 4007
19902 3600
61847 3640
61847 3733
56767 6508
56767 6404
56767 6383
56767 6371
56767 686
56767 6433
56767 6370
56767 6414
56767 6421
56767 6379
56767 6278
56767 6412
56767 6387
56767 6485
56767 2049
56767 6444
3478 4219
11706 3591
6549 4605
11706 5401
6549 3591
48574 3678
48574 3745
46487 3750
8425 3753
8425 7235
8425 6375
8425 6274
3548 5197
56767 3585
59160 3794
32185 3830
3548 4888
3548 6428
33208 3864
44995 3621
57781 3663
32185 3602
32185 7157
8425 4939
8425 5072
8425 3608
3548 3707
29108 3824
33208 3645
33208 6553
40173 4696
57781 5442
57781 7027
57781 6423
57781 6808
32185 5186
29108 3946
32185 5709
29108 7736
32185 5920
29108 6398
29108 6369
33208 6010
33208 3662
44834 6283
40173 3683
57781 5140
29108 6563
57781 3762
57781 3663
32185 3622
33208 3615
27287 3641
14963 6013
37324 4237
51578 3804
17014 3620
50044 3704
28534 4065
9833 3813
42847 3681
22197 3618
44995 4735
44995 5741
59160 3626
59160 3623
59160 6145
44995 3599
47978 3808
57837 3661
47978 3613
47978 7031
57837 5850
57837 7120
57837 6414
57837 6508
47978 5014
47978 3671
47978 6189
47978 3737
47978 3634
57837 6656
47978 3814
57837 4758
57837 5317
47978 3679
57837 6079
57837 3929
47978 3598
57837 6439
57837 3629
47978 3688
47978 3651
54110 3796
57837 3710
38679 4174
22197 4603
13135 5030
39650 3644
39650 3814
39650 3598
30942 3595
30942 3626
60268 3683
57828 3786
39650 3615
40173 6492
40173 3818
40173 3708
40173 3713
40173 6072
3548 6287
15837 3778
59866 4255
5595 3667
44834 6833
40173 5208
44834 6406
44834 6486
44834 6496
44834 6390
44834 6287
44834 6444
44834 6382
44834 6380
44834 1638
40173 4980
44834 103
53475 3794
59866 3625
59866 7269
8425 439
3548 3639
3548 6661
20955 5182
16610 3958
57579 3799
5595 3617
15837 4790
5595 6645
15837 5536
32026 4725
32026 4999
32026 3595
18429 3608
18429 3817
32026 3717
44834 6413
44834 6368
44834 6856
40173 6673
44834 6507
44834 6870
44834 6421
44834 6385
44834 6387
44834 6475
44834 7172
44834 6773
40173 5082
44834 6748
40173 5045
53475 3589
53475 7441
59866 3665
59866 6208
8425 4906
8425 5023
3548 3598
45282 3764
20955 4044
20955 8120
3548 6208
44506 4376
16610 3781
16610 4604
57579 3703
57579 6915
5595 3653
15837 4066
5595 6260
15837 6203
44834 6381
44834 6476
44834 6408
44834 6481
44834 6394
44834 6480
40173 6296
44834 7040
44834 6376
44834 6422
44834 6382
44834 6381
44834 6860
40173 5070
44834 6402
44834 7223
40173 5367
53475 3677
53475 6178
53475 3645
59866 3718
8425 3790
8425 4649
3548 3765
45282 4960
45282 4520
20955 3762
8419 3797
44506 3638
44506 7578
16610 6070
57579 4662
16610 6084
16610 3825
5595 3649
57579 4722
57579 4986
15837 3611
44834 6447
44834 6896
44834 6663
44834 6390
40173 6123
44834 6708
44834 6424
44834 6647
44834 6832
40173 5217
44834 6437
44834 7869
44834 6672
40173 6478
44834 6717
44834 6411
44834 6989
44834 6530
44834 6379
44834 6409
44834 6398
40173 3642
8419 3657
8419 6703
44506 3885
45282 3754
44834 6584
44834 6383
44834 6429
44834 6519
44834 6523
44834 6368
44834 6762
44834 7915
44834 6402
40173 4880
44834 6382
44834 6545
40173 5175
44834 6532
44834 6414
44834 6875
40173 4977
44834 6489
44834 6386
44834 6392
44834 6610
40173 4911
44834 6617
44834 6828
44834 7094
40173 5127
44834 6410
40173 3906
8419 3612
44834 6388
44834 6436
44834 6512
40173 5227
44834 6349
44834 6647
44834 6343
44834 6618
44834 6411
44834 6561
44834 8048
44834 6364
44834 6853
40173 6561
44834 6697
44834 7873
40173 5739
44834 6426
44834 6680
44834 6657
44834 7079
40173 5255
44834 6348
44834 6989
44834 6508
44834 6537
40173 3611
44834 6491
44834 6436
40173 6052
44834 6475
44834 6417
40173 5039
44834 6517
40173 5032
44834 6627
44834 6463
44834 6389
44834 6379
44834 7050
40173 5140
44834 8071
44834 7124
40173 5135
44834 6465
44834 6562
44834 6476
44834 6896
44834 6498
44834 6536
44834 6840
44834 6779
44834 6444
40173 6197
44834 6740
44834 6593
44834 6564
44834 6383
40173 5111
44834 6478
44834 6568
44834 6368
44834 6761
44834 7174
40173 5453
44834 6382
44834 6549
44834 6547
44834 6527
44834 6391
44834 6541
44834 6977
44834 7016
40173 5329
44834 8802
44834 7430
44834 6771
40173 5169
44834 6609
40173 4225
44834 6586
44834 6628
44834 6377
44834 6426
44834 6394
44834 6582
44834 7153
40173 5296
44834 7046
40173 6105
44834 7919
44834 6562
44834 6864
40173 6503
44834 6528
44834 6488
44834 6651
44834 6868
44834 6556
40173 5288
44834 6564
44834 6992
44834 6452
44834 6533
40173 5076
44834 8336
44834 7032
40173 5354
44834 6453
44834 6936
40173 4783
44834 6454
44834 7038
44834 6556
44834 6564
40173 5027
44834 6541
44834 6512
44834 6497
44834 6806
44834 6791
44834 6556
44834 6683
44834 6530
44834 7025
40173 5116
44834 6432
44834 6515
44834 6806
40173 4401
44834 6501
44834 6834
44834 6442
40173 6160
44834 6518
44834 6662
44834 6949
44834 8563
44834 7200
40173 5184
44834 6939
44834 6909
40173 5511
44834 6714
44834 6475
44834 6834
44834 6635
44834 6464
44834 6968
40173 5506
44834 7655
44834 6503
44834 6630
44834 7069
40173 5082
44834 6696
44834 6536
44834 6597
44834 6883
40173 5284
44995 3751
44995 4854
59160 5196
59160 3701
59160 3730
44995 3694
63927 3958
35581 3726
63927 4841
63927 9241
35581 6339
35581 8662
35581 6548
35581 6425
63927 4177
63927 3776
63927 6417
35581 4548
35581 3986
35581 6450
63927 3841
62325 3790
43497 5019
42847 3614
54110 3761
40173 3795
15837 6737
44834 6558
44834 6565
44834 1093
40173 3775
57579 6392
59594 3915
15837 3701
13814 4890
44995 5066
44995 3856
5595 6457
44995 4988
44995 5153
59160 3779
59160 5387
59160 3747
59160 3916
44995 4808
16610 5232
16610 3848
5595 4121
59160 4812
4516 5652
59160 3830
44995 3709
41233 3751
23824 3817
18707 3814
26297 4853
4516 3715
4516 7110
46354 5169
11291 3962
30664 3750
26846 3981
41233 3773
41233 6659
63711 3846
23824 3722
2266 3798
18707 3636
23824 7250
18707 6449
26297 4167
26297 7331
26297 8213
26297 6479
4516 3807
4516 6151
4516 3674
4516 6256
39131 3675
46354 3906
46354 7124
26846 3592
63711 3652
2266 3586
63711 6504
63711 5301
23824 907
63711 7359
23824 6148
26846 7231
26846 6444
26846 6581
41233 1554
2266 6367
2266 7070
2266 6239
18707 3703
18707 3758
41233 6177
23824 3946
18707 3755
41233 6707
23824 8313
18707 6193
26297 6249
26297 3841
4516 3602
4516 4324
26297 3820
26297 6157
4516 4235
39131 3727
39131 4348
46354 2368
39131 7514
46354 7348
46354 5115
26846 4128
63711 6679
2266 3914
26846 6605
41233 5151
26846 3807
63711 6276
63711 3884
23824 3823
2266 3775
18707 4596
2266 5065
26297 3667
18707 3628
41233 3768
39131 4907
46354 4752
31845 4103
33208 4932
46487 3743
44995 3903
44995 3855
44995 3635
44995 6008
44995 3667
44995 3775
59160 760
59160 5139
44995 3782
59160 3565
59160 3660
35354 3724
44995 3868
8874 4770
28249 3640
28249 5053
31845 3621
29108 3640
33208 3733
48574 3601
48574 3554
46487 3663
59160 4769
59160 5190
44995 3617
27248 3639
59160 7482
51583 3907
44995 3683
25968 3581
29647 3960
7194 3753
47050 3635
41800 3818
41800 4956
20955 4942
44506 3612
5595 6223
45282 3657
20955 3614
8419 3670
44506 3608
30808 3610
16610 161
5595 5016
20877 3830
40173 3824
40173 3650
44834 3627
44834 4709
44834 6813
44834 6618
40173 5031
44834 6432
44834 6156
44834 3801
40173 3792
43039 4500
200 3770
26444 3655
22002 3623
41800 4641
44995 5502
44995 4083
44995 3747
46354 3822
59160 3640
59160 4670
44995 4933
59160 3732
64506 3860
2043 3972
54242 3609
39131 3676
46354 4609
44995 4935
63949 4226
64506 3770
64506 6954
27084 3645
2043 3640
2043 6492
23020 3705
54242 3644
54242 6505
63949 3813
27084 3730
63949 7541
63949 6423
63949 6949
64506 3584
27084 7258
27084 6351
27084 6323
2043 3761
64506 3707
2043 1861
64506 3682
64506 6122
23020 3646
23020 7426
23020 6784
23020 6374
54242 5168
54242 4781
63949 3691
63949 5202
63949 6114
63949 3774
64506 3682
64506 3792
27084 3624
27084 6111
63949 3625
2043 4047
27084 3796
27084 4742
2043 3634
2043 5087
63949 3630
63949 4426
63949 6671
63949 6726
64506 4909
63949 6430
63949 6423
64506 5030
63949 6406
63949 6394
64506 6073
63949 6404
63949 6748
64506 5014
44995 3683
44995 6249
63949 6574
64506 4922
59160 3618
59160 3644
44995 3732
63949 6509
64506 5122
63949 6513
63949 6384
64506 4850
63949 6454
63949 6395
64506 6088
23020 6198
54242 3840
44995 3654
44995 6585
63949 6390
63949 7097
64506 5212
26535 3619
59160 4682
59160 5109
63949 6493
63949 6448
64506 4476
63949 6391
63949 6905
64506 5171
63949 6883
63949 6528
64506 6312
44995 3784
63949 6409
63949 6399
64506 6215
63949 6759
63949 6513
64506 5019
63949 6475
63949 6878
64506 5084
54242 3685
14860 3774
23020 4651
23020 5086
23020 6120
23020 3685
54242 4239
44995 3789
44995 3802
44995 4729
44995 5044
44995 3757
44995 3674
44995 6053
44995 3641
44995 3798
44995 3792
44995 4707
44995 5019
44995 3746
59160 3626
59160 3651
59160 5061
59160 4996
44995 3807
59160 3607
59160 3644
44995 3640
59160 3724
59160 3648
44995 4628
44995 5443
46299 4053
24807 4187
59160 3799
62898 4690
45490 5515
52956 3698
62898 4075
62898 6791
16092 5863
45490 4124
45490 6828
44995 3562
52956 3736
52956 7168
52956 6605
52956 6362
62898 6032
62898 3736
62898 3670
62898 6245
16092 4856
16092 7483
16092 6551
16092 6831
45490 5192
45490 3826
52956 3712
52956 6139
52956 3651
62898 3620
62898 3678
52956 6366
52956 7029
62898 5155
52956 6428
52956 6393
52956 7244
52956 6513
52956 6437
52956 6413
52956 6210
52956 6401
62898 5359
16092 3743
16092 3685
45490 3600
52956 4651
59160 5208
20026 3834
59160 4866
44995 4609
33343 4939
59160 3758
32318 3648
33338 3683
50751 3684
53820 4691
61959 5310
20026 4488
20026 6809
44995 3597
55172 4221
33343 3711
33343 6673
18309 3677
32318 3632
32318 6904
41476 3843
33338 4204
33338 7088
55169 3690
53820 3670
10116 3657
50751 3639
53820 6750
50751 6700
61959 5266
61959 7231
61959 6403
61959 6317
20026 3718
20026 3690
20026 3837
20026 6069
55172 4064
55172 8320
55172 6544
55172 6214
33343 3641
18309 3731
18309 7472
18309 2890
32318 3626
33343 1953
33343 5093
32318 3668
32318 3785
32318 3936
41476 5151
41476 7148
41476 6437
41476 6370
33338 3917
33338 3723
55169 3654
10116 3628
55169 7200
55169 6409
55169 6194
53820 4859
10116 7286
10116 6451
10116 6741
50751 5138
53820 3687
50751 4663
61959 5052
61959 4751
61959 3791
20026 3672
61959 3615
20026 3805
55172 4038
55172 1377
55172 3636
33343 3586
55172 4619
33343 5014
55172 7157
55172 2213
33343 3589
44995 3654
44995 6121
18309 3000
32318 3623
32318 4096
18309 3933
32318 3726
44995 5106
59160 763
59160 3664
41476 3574
41476 6191
44995 4074
55169 3707
55169 6175
10116 6600
61959 4887
59160 3628
53820 3658
33338 3623
55172 3638
50751 3594
18309 4695
61959 6215
20026 3617
44995 4149
44995 3662
44995 6052
44995 3836
59160 3649
59160 3737
59160 6245
44995 5231
59160 6185
44995 3617
13814 4653
13814 4967
59594 3627
59594 3664
59594 3699
15652 3779
49445 3654
34085 3789
31012 3693
3365 3628
10428 4661
15652 5190
15652 5686
61732 4951
47293 4240
49445 3655
49445 6475
18621 3828
34085 3672
34085 6395
55484 3690
31012 3722
31012 7002
59582 3692
3365 3642
3365 6499
10428 3653
30911 4045
61732 3651
61732 6718
10428 7417
10428 7057
10428 6398
15652 3574
15652 3852
15652 6550
47293 5779
47293 7022
47293 6400
47293 6829
49445 5230
18621 3639
18621 7264
18621 6405
18621 6919
34085 5100
55484 3631
49445 4895
55484 7004
55484 6773
31012 4966
55484 6800
34085 5078
59582 3625
31012 4276
49445 6175
34085 6233
31012 6766
59582 7354
59582 6425
59582 6869
3365 6736
3365 6011
3365 4818
44995 5007
44995 3741
44995 3784
59160 3578
59160 3676
30911 4600
30911 7211
30911 6391
30911 6795
61732 5014
61732 6145
61732 4843
10428 2461
10428 3943
10428 7643
10428 6357
15652 5379
47293 3664
47293 6575
18621 3819
18621 4805
55484 5012
55484 4625
31012 3583
47293 3763
55484 3628
18621 5428
47293 6492
49445 5041
55484 6399
55484 6914
31012 4916
18621 6308
34085 3678
59582 3614
59582 3793
59582 4053
59582 6364
3365 3620
59582 6286
44995 5034
3365 3631
30911 3619
30911 4604
30911 5167
30911 6367
30911 6298
61732 3607
59594 3677
30664 3630
30664 3673
11291 881
30664 4275
15652 6152
61732 6204
3365 6182
10428 3614
10428 6509
10428 6919
15652 4918
30911 3676
18650 3623
41176 4058
61659 3701
59582 3652
30911 6388
30911 6844
61732 5074
59582 6475
59582 6754
3365 5041
37090 3864
37095 5154
61670 3688
44995 3653
59160 3672
59594 3597
8874 945
35354 3593
35354 4596
8874 4981
52854 496
5983 4088
5983 4134
52854 3605
19203 960
33884 3616
33884 5060
19203 4979
47050 3640
47050 3614
7194 68
47050 3705
42176 3651
59594 3638
29569 3586
42176 5072
44995 5406
44995 3841
59160 1126
59160 3646
44995 3670
59160 6112
3365 6227
44995 3934
59582 3598
59582 6389
59582 6563
59582 6414
59582 6440
59582 6472
59582 7170
59582 6436
3365 6064
59582 6520
59582 6413
59582 6481
3365 3680
59582 6736
3365 5127
38513 4693
22910 5127
57013 3611
28502 3780
14100 3750
16240 4084
46764 3766
19860 3635
506 3819
52469 4719
59594 3736
51303 5044
28502 3668
44995 3771
44995 3732
45490 3604
50751 3706
54242 5045
33338 5094
53820 3614
59160 3577
59160 3691
16092 3633
45490 4104
44995 3572
55169 3587
53820 3599
10116 4678
50751 5040
41476 3618
33338 3709
59160 3806
38725 3793
54085 3815
44995 3599
12100 6219
23020 4230
54242 4062
15941 3650
54085 3637
54085 6916
52805 3652
38725 3616
38725 6558
44612 3671
12100 3618
12100 6507
15941 3587
15941 7198
15941 6448
15941 6445
54085 5330
54085 3736
54085 6195
52805 5143
52805 7908
52805 6858
38725 4922
52805 6382
38725 3711
44612 3626
44612 7335
44612 6576
44612 6774
12100 5108
12100 3717
15941 6109
15941 6174
54085 6056
44995 3802
44995 3670
26444 3666
26444 3656
43039 688
59160 3766
59160 4082
22002 191
200 3622
200 3772
26444 3598
22002 3648
44995 4565
52805 5402
52805 3893
44612 3749
44612 6573
38725 3616
12100 3666
59160 3739
10433 3866
46495 4623
10433 5063
10433 6530
44995 3637
46495 4042
46495 7386
46495 6368
46495 6215
10433 4120
10433 3742
10433 3737
10433 6197
46495 3616
46495 3880
46495 4844
10433 5049
10433 3646
46495 3672
46495 3576
14860 3653
14860 3594
26535 3617
46495 4382
10433 3782
26535 175
44995 4134
44995 3785
59160 204
44995 4601
59160 5289
1387 3794
44995 3611
14574 3647
1387 3597
1387 6551
14860 5641
14574 3570
65487 4642
59145 5177
14574 7388
14574 6382
14574 6826
1387 4873
1387 3712
1387 3694
1387 6115
24807 3701
46299 3582
10109 3775
13311 3787
14574 3630
14574 6095
14574 3765
1387 3585
1387 3682
63091 3678
14574 6750
14574 6778
14574 5647
1387 3584
14574 6393
1387 4256
14574 6407
14574 6516
14574 6437
14574 6150
1387 3624
39289 3767
46299 3596
44995 3646
44995 5190
44995 4993
44995 3877
59160 1698
59160 3640
59160 6285
44995 5206
14574 6376
1387 5011
14574 6371
14574 6430
14574 6402
1387 6249
14574 6407
14574 6439
1387 5136
14574 6392
14574 6996
14574 6405
14574 6956
1387 5198
14574 6383
14574 6420
1387 4871
14574 6433
14574 6443
14574 6851
1387 5218
14574 6756
1387 5167
14574 6411
14574 6501
1387 6369
14574 6391
14574 6595
1387 5133
59160 5062
24807 3665
14574 6524
14574 6472
14574 6808
1387 5165
14574 6365
14574 6382
14574 6824
14574 6358
14574 7039
1387 4942
14574 6461
14574 6917
14574 6675
14574 6552
1387 6310
14574 6393
14574 6364
14574 6379
14574 6495
14574 6383
14574 6350
14574 6414
14574 6469
1387 6068
14574 6680
14574 6538
14574 6369
14574 6467
14574 6947
14574 7070
1387 5146
14574 6431
14574 6821
1387 5023
44995 3711
44995 4707
44995 4996
44995 3686
59160 847
59160 3798
59160 4816
44995 4932
59160 4242
59160 3767
47043 4244
19394 3893
59160 6113
44995 3799
24526 3717
41935 3834
44995 3667
44995 6048
27199 3663
64062 3846
39470 3629
41935 3753
24526 3790
47043 4014
59160 1037
47043 6656
59160 4619
41935 5718
24526 6690
2607 3911
19394 4750
19394 6400
27199 3609
39470 4930
64062 3728
27199 8183
27199 6375
27199 6449
27199 6253
39470 7893
39470 6795
39470 6174
41935 3666
47043 3591
64062 7334
64062 6422
64062 6499
64062 6267
24526 5285
2607 4563
41935 5054
2607 7305
2607 4151
19394 4076
24526 5056
41935 3661
24526 3663
41935 3823
41935 6039
47043 3701
19394 832
47043 3782
47043 6226
47043 5109
44995 3700
27199 3739
27199 6218
41935 3813
27199 3749
64062 5300
24526 5048
64062 3842
24526 3759
64062 3794
24526 3617
41935 4719
27199 4911
27199 6466
27199 888
41935 3704
27199 6468
27199 6737
27199 2068
41935 3663
39470 3947
39470 6136
47043 3600
39470 4110
47043 3655
39470 3696
39470 6430
47043 4771
39470 6402
47043 5141
39470 6957
47043 5171
39470 6421
39470 6414
39470 6427
47043 6251
2607 6560
19394 3638
2607 3893
19394 3753
2607 5157
19394 4907
39470 7100
47043 4979
39470 7017
39470 6724
39470 6505
47043 6062
39470 6467
39470 6832
47043 5341
39470 6377
39470 6393
39470 6427
47043 4918
39470 6407
39470 6418
39470 6291
47043 5285
27199 3591
44995 3776
44995 4670
44995 4946
44995 3690
59160 3580
59160 3778
59160 4199
44995 4608
47043 6251
47043 3617
47043 5115
44995 3684
44995 5137
39470 3765
39470 6396
47043 4870
39470 6673
39470 6393
39470 6507
39470 6537
39470 6906
47043 5209
39470 6376
47043 6180
39470 6385
39470 6647
47043 4641
39470 6546
39470 6422
39470 6642
39470 7167
47043 4909
39470 6398
47043 6108
39470 6949
47043 5211
39470 6392
39470 6973
47043 5207
39470 7559
47043 5808
39470 6397
39470 6857
39470 7361
39470 6420
39470 6491
39470 6388
39470 6423
39470 6906
47043 5080
39470 6397
39470 6481
39470 6374
39470 6353
39470 6410
47043 5384
59160 732
59160 4639
59160 5112
44995 3646
39470 6400
39470 6425
47043 6160
39470 6391
39470 6486
39470 6629
39470 6900
47043 5175
39470 6852
39470 7232
39470 6413
39470 6418
47043 6128
39470 6381
39470 6429
47043 6015
39470 6460
39470 6394
47043 6139
39470 6426
39470 6852
39470 6409
47043 6119
39470 6819
39470 6416
39470 6434
39470 6667
39470 6888
47043 5215
39470 6826
39470 6410
39470 6474
47043 6054
39470 6483
39470 6405
39470 7143
47043 5348
39470 6803
47043 5210
39470 6430
39470 7047
39470 6390
39470 6952
47043 4908
39470 6394
39470 6850
39470 6414
39470 6384
39470 6360
39470 6520
39470 6398
39470 6894
47043 5737
39470 6353
59160 3792
5152 3824
32251 5613
5152 3876
5152 6848
47043 3647
32251 4954
44995 4054
32251 7494
32251 6405
32251 6291
5152 3624
41935 6162
59425 3780
44995 3612
44995 3770
5152 3697
5152 6073
5152 6793
5152 3858
60922 4274
59425 3619
32251 6218
32251 3794
5152 4080
32251 3674
27199 4656
32251 4934
5152 3803
59160 3681
59160 3805
32251 6891
5152 5161
32251 6480
32251 6417
32251 6912
5152 5065
27199 6401
27199 1685
41935 3670
32251 6383
32251 6382
32251 6413
5152 6181
32251 6389
5152 6210
32251 6498
32251 6351
32251 6467
5152 6225
32251 7057
32251 6379
5152 6220
32251 6354
5152 4880
32251 6389
32251 6736
5152 4928
32251 6428
32251 6375
32251 7454
5152 5872
32251 6395
32251 6858
5152 5208
32251 6391
5152 6211
32251 6394
32251 6466
32251 6418
5152 6188
32251 6819
32251 6694
5152 5078
32251 6422
32251 7050
5152 5693
32251 6484
32251 6392
32251 6377
5152 6236
44995 5259
59160 5221
41935 3897
27199 6542
27199 6365
27199 1921
41935 3602
44995 3607
23193 3726
15897 3864
59160 6103
44995 5134
18293 3711
48298 3793
19866 3742
34363 3672
14437 3604
28502 3621
40537 3787
61670 5045
18650 3751
37095 4942
61659 3572
37090 3701
41176 3587
3478 3581
56767 3781
32185 3754
57781 3694
18650 3589
61659 3639
41176 5038
44995 5022
44995 3728
27287 3683
14963 3576
28623 3774
59160 4609
59160 5028
37324 4507
51578 4120
14908 3815
28623 3616
28623 7031
17014 4017
59160 4758
44995 3782
37838 4966
47043 3689
28534 3608
14908 3629
14908 7746
14908 6401
14908 6710
28623 3607
28623 3691
28623 3660
28623 6134
50044 3775
43581 3755
37838 3586
37838 7045
37095 4112
37090 4494
61670 3610
39470 6538
39470 6412
39470 3416
47043 3607
9833 3772
14908 3685
14908 6136
14908 3907
28623 4595
14908 4958
28623 3737
14908 6527
14908 6383
28623 6185
14908 6386
14908 6558
28623 6378
14908 6380
14908 6568
14908 6421
28623 4855
43581 3598
43581 7563
43581 6387
43581 6344
37838 5172
37838 3675
37838 3684
37838 6278
14908 7385
14908 6368
14908 6892
28623 5094
14908 7226
28623 4949
14908 6377
14908 6726
28623 6643
14908 6687
28623 5062
14908 6438
14908 6458
28623 6306
14908 6381
14908 6400
14908 6407
14908 6445
28623 5466
14908 6495
14908 6544
28623 6216
14908 6442
14908 6480
28623 6098
14908 6395
14908 7216
28623 6940
43581 3805
43581 6261
43581 3891
37838 4222
37838 3679
43581 6375
43581 6472
37838 6073
43581 6499
43581 6609
43581 6381
43581 6452
37838 6145
14908 6371
14908 6973
28623 4956
14908 6400
14908 6364
14908 6446
14908 6407
14908 6388
28623 5001
43581 6688
43581 6559
43581 6370
37838 4785
43581 3612
44995 3634
44995 4699
59160 5129
59160 3789
44995 3616
44995 3783
44995 3722
47043 6294
59160 4340
59160 3645
39470 6735
39470 1735
47043 4665
47978 3749
44995 5082
57837 3865
59160 3913
44334 3778
44995 3678
44974 4836
44334 4998
44334 7448
44974 5957
44974 7649
44974 6436
44974 6223
44334 3649
44334 3701
44334 319
44974 3677
44974 3604
44974 6095
44974 6482
44334 5696
59160 3770
44974 3624
44334 3762
44995 4773
47043 5516
47043 3699
39470 6807
39470 6505
39470 6638
39470 6679
39470 6841
39470 1214
47043 3574
39470 6523
39470 6290
39470 7027
47043 5242
39470 6358
39470 6418
39470 6410
39470 6390
47043 6221
39470 6401
39470 6413
39470 6527
39470 6422
39470 6618
39470 6380
39470 7186
47043 5189
39470 6402
39470 6524
47043 6323
39470 6404
39470 6925
39470 6559
39470 6358
39470 6438
39470 6626
39470 6383
39470 6533
47043 5065
39470 6553
39470 6353
39470 6364
39470 6391
39470 7066
39470 6404
39470 6360
39470 6406
47043 6218
39470 6463
59594 3751
47043 3728
47043 6336
47043 6243
39470 6450
39470 6306
39470 6838
47043 4578
39470 6403
39470 6434
39470 6388
39470 5271
39470 3722
47043 3626
44995 4138
44995 6130
39470 6391
39470 6354
39470 6418
47043 6154
39470 6459
39470 6499
39470 6445
39470 6410
39470 6660
39470 6541
39470 6420
39470 6366
39470 6542
39470 6487
39470 6371
39470 6565
47043 6300
39470 6819
39470 6432
47043 5233
39470 6541
39470 6457
39470 6478
39470 6529
39470 6534
39470 6401
39470 6410
39470 6521
47043 6379
39470 7043
39470 6399
39470 6368
39470 6541
39470 6340
39470 6838
39470 6477
39470 6871
39470 7862
47043 6525
39470 6375
39470 3719
47043 3691
39470 6470
39470 6823
39470 6205
47043 4099
39470 6436
39470 6427
47043 6273
39470 6860
39470 6221
47043 3591
59160 3636
59160 3648
39470 6416
39470 6402
39470 6366
39470 6461
39470 6468
39470 6809
47043 4967
39470 7324
39470 6741
47043 6504
39470 6486
39470 6846
39470 6495
39470 6405
39470 6348
39470 6537
39470 6407
39470 6390
39470 6365
39470 6299
47043 5127
44995 3623
44995 3742
44995 3917
59160 4595
59160 4963
5152 3668
44995 3615
32251 6425
32251 2652
5152 3603
59160 4202
44995 4041
59160 6154
8510 3834
44995 3638
21823 3767
24875 3675
8510 4088
8510 6792
44995 4814
44995 5158
59160 4019
59160 3773
20777 3786
21823 3743
21823 6532
44995 4671
44995 3625
44995 6028
44995 3761
44995 4193
60268 3634
44995 6138
44995 3715
59160 3646
59160 3687
59160 3605
44995 4633
57828 5251
59160 3588
59160 3655
59160 4205
44995 3596
10433 6133
44995 3662
44995 4743
59160 4044
59160 4987
46495 4111
24875 3750
24875 7277
24875 6401
8510 5122
24875 6511
24875 6558
8510 6364
59160 6120
44995 3673
60734 3802
24875 6382
24875 4921
8510 4957
8510 3695
8510 3837
8510 6321
59160 3790
8431 3847
59160 6138
44995 3675
10433 6094
10433 3821
10433 6100
10433 3794
10433 6164
10433 6152
46495 164
46495 3647
46495 3622
46495 3652
46495 4306
59160 6096
20777 3636
57589 3786
20777 7333
20777 7042
21823 5134
20777 6347
20777 6420
21823 5234
14649 3932
8510 6546
19689 3693
20777 6413
20777 4731
21823 4995
21823 4416
44995 3723
42229 4203
62990 3734
57589 3754
57589 7338
12584 3668
60734 3620
24875 6257
24875 3722
8510 3618
8510 3677
44608 3879
8431 4637
8431 5755
1550 4813
42229 4336
42229 7140
24875 6073
46495 6501
46495 2795
10433 5132
8510 4841
65097 3795
19689 3605
19689 6764
288 3724
14649 3648
14649 6680
20777 3825
20777 4663
21823 3807
24875 4902
57589 6501
24875 6400
8510 3605
24875 6535
24875 838
8510 5086
44608 4017
44608 7407
44608 6365
44608 6816
8431 5242
24875 6539
24875 6426
8510 5189
8431 4196
8431 4095
8431 6110
24875 6168
8510 4926
42229 7190
62990 3637
62990 7074
62990 6559
57589 6311
62990 6350
62990 6298
57589 5725
62990 6370
62990 6786
57589 5198
62990 6250
57589 3762
57589 3697
57589 6241
65097 3604
65097 7351
65097 6364
65097 6219
19689 5300
19689 3682
288 4055
288 7170
288 6959
14649 4915
1550 3623
1550 7687
1550 6403
42229 6237
288 6374
288 6450
14649 6299
1550 6376
1550 6801
42229 5199
1550 6397
1550 6442
42229 6215
288 6394
288 3926
14649 3579
42229 3732
14649 6054
62990 3696
44608 3752
44608 6105
8431 3613
44608 3718
8431 3673
44608 6159
8431 3624
1550 3750
62990 3575
62990 3595
62990 6120
62990 3776
57589 3661
57589 3696
62990 6927
57589 3639
62990 4641
57589 5139
65097 3745
65097 6162
19689 3617
1550 3719
1550 4409
1550 4830
42229 3705
288 5277
288 3782
14649 3615
44608 4586
46495 293
10433 3749
62990 3624
46495 6275
46495 3640
10433 3655
46495 6267
46495 3860
46495 3656
10433 3593
46495 6525
10433 5012
46495 4766
46495 5020
10433 3626
46495 6290
46495 7303
10433 5520
46495 4219
10433 3688
5152 4732
38725 4931
44995 3629
44995 3756
57589 6165
32251 6403
32251 6693
32251 6992
5152 5519
32251 6436
32251 6455
32251 3555
5152 3571
59160 4601
59160 4988
41935 3857
41935 3703
41935 3671
41935 6016
41935 3680
41935 3725
41935 3676
41935 4845
41935 5041
41935 3745
41935 3689
41935 4690
41935 5496
41935 3775
41935 3858
41935 3811
41935 6491
41935 3715
41935 3683
41935 3768
41935 4776
41935 5002
41935 3650
41935 6044
41935 3697
41935 3759
41935 3685
41935 4675
41935 5118
41935 3722
41935 3776
41935 4878
41935 5095
41935 3798
41935 3762
41935 3771
44995 3595
27199 7010
41935 5094
27199 6428
27199 6471
27199 6569
27199 7310
27199 6601
27199 6367
27199 937
41935 5206
27199 6382
27199 6521
27199 6467
41935 6103
27199 6437
27199 6386
27199 6414
27199 6411
27199 6451
27199 6415
27199 6394
41935 4879
27199 6655
27199 1213
41935 6245
27199 3730
27199 3615
27199 3784
27199 3991
41935 3667
41935 4643
41935 4988
41935 3691
41935 3620
41935 4230
41935 3648
41935 4631
27199 4984
27199 6392
27199 6402
41935 4891
27199 6411
27199 6370
27199 6364
27199 6395
27199 6542
41935 6168
27199 6406
41935 3611
27199 6418
27199 6984
27199 6904
27199 6372
41935 6201
27199 6695
41935 5078
27199 6417
27199 6479
27199 6764
41935 4907
37838 6300
27199 7210
41935 5230
27199 6444
27199 6532
27199 6429
27199 6836
27199 6868
41935 6654
27199 6407
27199 6525
41935 6186
27199 6607
27199 6452
41935 6313
27199 6500
27199 6456
41935 6143
27199 6415
27199 6396
27199 7003
41935 5168
27199 6757
41935 5062
27199 6394
27199 6409
27199 6410
27199 6407
41935 6213
27199 6371
27199 6698
27199 6485
27199 2055
41935 5086
27199 3641
27199 3593
27199 4619
27199 6997
27199 6401
27199 6412
27199 6711
27199 6362
27199 6438
27199 6416
41935 6135
27199 6387
27199 6373
27199 6358
27199 6457
41935 5649
27199 6403
27199 6357
27199 6554
27199 6524
27199 6385
27199 6428
41935 6045
27199 6392
41935 5358
27199 6796
43581 5195
27199 7273
41935 5251
27199 6428
27199 6381
27199 6390
27199 6391
41935 6052
27199 6401
27199 6943
27199 3737
41935 3620
43581 6459
43581 6398
43581 6403
43581 6433
37838 6245
43581 6425
43581 6406
43581 6510
43581 6419
37838 6225
43581 3880
27199 6386
41935 6243
27199 6355
27199 6404
27199 6409
27199 6787
41935 4928
27199 6549
27199 6757
27199 6470
41935 5011
27199 6464
27199 6439
27199 6954
27199 6557
27199 6414
27199 6522
27199 6757
27199 6863
41935 5586
27199 6512
27199 6419
41935 6272
27199 6690
41935 5064
27199 6406
27199 7449
27199 6446
27199 6379
27199 6480
27199 7019
41935 4941
27199 6386
27199 6367
27199 6415
27199 6503
27199 6381
27199 6645
27199 6401
41935 3711
27199 6561
27199 6387
41935 5110
27199 6708
27199 6381
27199 6354
27199 6366
41935 6179
27199 6396
27199 7271
27199 6674
27199 6400
27199 6401
27199 3852
41935 3706
27199 6451
27199 6406
27199 6367
27199 6375
27199 6519
27199 6654
41935 5055
27199 6401
27199 6507
27199 6370
27199 6393
27199 6477
27199 6498
27199 6768
41935 6470
27199 6529
27199 6901
41935 4947
27199 6645
27199 6979
41935 4951
27199 6550
41935 6265
59866 3667
37838 3603
27199 6410
27199 7871
27199 6386
27199 6372
27199 6523
27199 7306
27199 6437
41935 4283
27199 6416
27199 6398
27199 6419
27199 6377
27199 6654
27199 6490
27199 6399
27199 6829
27199 6377
27199 6503
41935 6340
27199 6401
41935 6086
27199 7022
27199 6373
27199 6434
27199 6532
41935 5054
27199 6410
27199 6405
27199 6382
27199 6581
41935 6218
27199 6411
27199 6556
27199 8346
41935 7922
27199 6396
27199 6636
27199 6533
41935 6348
27199 6562
41935 5207
27199 6457
27199 6652
27199 6406
41935 4889
27199 6602
27199 6512
27199 6408
41935 5047
27199 6400
27199 6853
27199 6568
41935 5729
27199 6532
27199 6545
27199 6833
41935 5061
27199 6384
27199 6924
41935 5292
3548 3731
27199 6528
27199 6505
41935 6091
27199 8090
27199 6838
41935 5192
27199 6837
27199 6390
27199 6459
27199 6397
27199 6635
27199 6580
27199 6399
27199 6538
27199 6521
27199 6524
27199 6432
41935 5207
27199 6894
27199 7327
27199 6412
41935 6246
27199 6472
27199 6375
27199 6446
27199 6400
27199 6399
27199 6537
27199 6379
41935 4842
27199 6368
27199 6444
27199 6516
27199 6417
27199 8325
27199 6585
27199 6551
27199 6826
41935 4962
27199 6697
27199 6531
27199 6593
27199 6492
27199 6872
27199 6494
27199 6521
27199 6877
41935 5207
27199 6371
27199 6393
27199 6395
27199 6558
27199 6530
27199 6561
27199 6373
27199 6677
27199 7049
41935 5176
27199 6614
27199 6420
27199 6507
27199 6525
27199 6501
27199 6724
27199 6359
27199 6419
41935 5359
27199 8063
27199 6378
27199 6403
27199 6518
27199 6399
27199 6527
41935 6161
27199 6562
27199 6374
27199 6414
27199 7398
27199 6409
41935 5128
27199 6431
27199 6558
27199 6608
27199 6399
27199 6391
27199 6540
27199 6405
27199 6566
27199 6370
27199 6534
27199 6536
27199 6574
41935 5143
27199 6388
27199 6452
27199 6634
27199 7673
27199 6416
27199 6548
27199 6475
27199 6402
41935 5370
27199 6554
27199 6395
27199 6396
27199 6508
27199 6464
27199 6390
27199 6404
27199 6472
41935 6191
27199 6519
27199 6412
27199 6534
27199 6354
27199 6420
27199 6377
27199 6568
27199 6474
41935 6236
27199 6872
27199 6496
27199 6494
27199 6443
27199 6503
27199 6407
27199 6390
27199 6424
27199 8062
41935 6147
27199 6807
27199 6859
27199 6846
27199 6538
27199 6411
27199 6737
27199 7082
27199 6523
41935 6359
27199 6441
27199 6462
27199 6411
27199 6386
27199 6500
27199 6382
27199 6437
27199 6429
41935 6265
27199 6385
27199 6407
27199 6433
27199 6501
27199 6839
27199 6466
27199 6498
41935 5244
27199 6439
27199 6413
27199 6582
27199 8333
27199 6492
27199 6408
27199 6411
27199 6513
41935 6290
27199 6538
27199 6594
27199 6501
27199 6398
27199 6370
27199 6517
27199 6460
27199 6489
27199 6393
41935 6146
27199 6856
27199 6370
27199 6823
27199 6383
27199 6500
27199 6541
27199 6437
27199 6810
41935 5177
27199 6396
27199 6386
27199 6594
27199 6469
27199 6822
27199 6387
27199 6515
27199 7458
41935 7263
27199 6675
27199 6504
27199 6969
27199 6437
27199 6365
27199 6466
27199 6399
27199 6540
41935 5191
27199 6565
27199 6419
27199 6401
27199 6528
27199 6355
27199 6569
27199 6396
27199 6547
41935 6127
27199 6416
27199 6541
27199 6504
27199 6652
27199 6850
27199 6486
27199 6390
27199 6871
62990 5887
41935 3676
62990 572
57589 4441
52805 1133
38725 3683
38725 3602
59160 6128
27199 6831
27199 6404
27199 6373
27199 6847
27199 6426
41935 4867
27199 6567
27199 6450
27199 6514
27199 6731
27199 6500
27199 6447
27199 6519
27199 6434
27199 6390
27199 6397
27199 6395
41935 6253
27199 6649
27199 6499
27199 6414
27199 6488
27199 6419
41935 4921
27199 6350
27199 6438
27199 7332
27199 6449
27199 7047
41935 5345
27199 6533
27199 6442
27199 6499
27199 6543
27199 6826
27199 6347
27199 6384
27199 6434
41935 6226
27199 6404
27199 6520
27199 6477
27199 6828
27199 6658
27199 6618
27199 6395
27199 6854
41935 5231
27199 6479
27199 6862
27199 6790
27199 6465
27199 6397
27199 6369
27199 6406
27199 6492
27199 6898
41935 6658
27199 7217
27199 6554
27199 6557
27199 6394
27199 6411
27199 6450
27199 6444
27199 6637
41935 5168
27199 6404
27199 6419
27199 6519
27199 6558
27199 6509
27199 6359
27199 6429
27199 6633
41935 5045
27199 6388
27199 6424
27199 6381
27199 6377
27199 6435
27199 6362
27199 6382
27199 7001
41935 5213
27199 6418
27199 6543
27199 6560
27199 6402
27199 6457
27199 7373
27199 6377
27199 6740
41935 5271
27199 6380
27199 6393
27199 52531
27199 6401
27199 6390
27199 6371
27199 6363
27199 6470
27199 7977
41935 6375
27199 6369
27199 6386
27199 6404
27199 6495
27199 6817
27199 6649
27199 6511
27199 7166
41935 5104
27199 6501
27199 6397
27199 6388
27199 6421
27199 6825
27199 6415
27199 6417
27199 6376
41935 3623
27199 8135
27199 6636
27199 6645
27199 6391
27199 6372
27199 6586
27199 6465
27199 6792
41935 4958
27199 6417
27199 6514
27199 6419
27199 6424
27199 6365
27199 6430
27199 6418
27199 6760
41935 5085
27199 6420
27199 6543
27199 6588
27199 6596
27199 6444
27199 6548
27199 6402
27199 6626
27199 6403
41935 15117
27199 6393
27199 6410
27199 6509
27199 8738
27199 6391
27199 6389
27199 6884
41935 5049
27199 6521
27199 6401
27199 6393
27199 6613
27199 8026
27199 6500
27199 6379
27199 6538
41935 6246
27199 6468
27199 6516
27199 6628
27199 6526
27199 6587
27199 6379
27199 6386
27199 7035
41935 5066
27199 6399
27199 6449
27199 6550
27199 6392
27199 6376
27199 6564
27199 6369
27199 6411
41935 6246
27199 7886
27199 6353
27199 6386
27199 6473
27199 6522
27199 6428
27199 6672
27199 6396
27199 6400
41935 6217
27199 6367
27199 6401
27199 6342
27199 6406
27199 6524
27199 6395
27199 6375
27199 6555
41935 5064
27199 6636
27199 6576
27199 6510
27199 6374
27199 6907
27199 6468
27199 6485
27199 7052
41935 5634
27199 6399
27199 6561
27199 6422
27199 6469
27199 8016
27199 6474
27199 6833
27199 6586
41935 5312
27199 7219
27199 6575
27199 6408
27199 6390
27199 6516
27199 6487
27199 6371
27199 6813
41935 5203
27199 6584
27199 6399
27199 6529
27199 6557
27199 6426
27199 6521
27199 6487
27199 6515
27199 6425
41935 6111
27199 6822
27199 6397
27199 6490
27199 6393
27199 6499
27199 6407
27199 6374
27199 6573
41935 6283
27199 8113
27199 6434
27199 6704
27199 6465
27199 6435
27199 6483
27199 6380
27199 6557
41935 6424
27199 6403
27199 6520
27199 6445
27199 6650
27199 6494
27199 6369
27199 6618
27199 6585
41935 6354
27199 6428
27199 6553
27199 7058
27199 6404
27199 6468
27199 6374
27199 6471
27199 6425
41935 6265
27199 6488
27199 6610
27199 6501
27199 7016
27199 8271
27199 6804
27199 6630
27199 6502
27199 6513
41935 5559
27199 6439
27199 6464
27199 6593
27199 6377
27199 6458
27199 6500
27199 6519
27199 6702
41935 6549
27199 6388
27199 1297
41935 4160
44995 3847
53475 4759
8425 3709
57589 5293
57589 6729
62990 3702
62990 1476
57589 3592
5152 4810
41935 5090
62990 6356
62990 3867
57589 5277
62990 4222
32251 6339
32251 6770
5152 6626
32251 6830
32251 6413
32251 6560
5152 6429
32251 6476
32251 6558
32251 6382
32251 6588
5152 5223
32251 6351
32251 6501
32251 6512
32251 6454
32251 6368
32251 6401
32251 6748
32251 6414
32251 6573
32251 6839
32251 6386
32251 6831
5152 6605
32251 6372
32251 6560
32251 6368
32251 6402
5152 6142
32251 8095
32251 6357
32251 6372
32251 6775
32251 6563
32251 6489
32251 6448
32251 6898
5152 5053
32251 6227
27199 6500
27199 7317
41935 4958
27199 6544
27199 6395
27199 6587
27199 6434
41935 6299
27199 6444
27199 6553
27199 6475
27199 6358
27199 6408
27199 6387
27199 6373
27199 3887
27199 6717
27199 6771
41935 5435
57589 3796
5152 5122
12100 4421
44995 3665
44995 4158
44995 3805
44995 6076
44995 4096
44995 3767
44995 5083
44995 5217
44995 3700
44995 3729
47043 4787
47043 4992
28623 3831
47043 3673
41935 4890
59160 3683
59160 119
59160 4075
44995 3640
59160 3753
59160 3782
59160 3593
59160 4752
44995 3661
59160 5488
59160 3794
44995 3623
17355 3881
59160 6229
65415 3986
39470 4453
14908 1744
28623 3636
39470 650
47043 4081
39470 6731
39470 7587
47043 5750
39470 6398
39470 1849
47043 3635
39470 6448
47043 6204
39470 6659
39470 6367
39470 6414
47043 4857
39470 6441
39470 2244
47043 4635
27199 96
41935 3619
47043 3909
47043 6053
11810 4034
65415 3681
65415 7454
60080 6273
17355 5680
17355 6711
39470 3620
11810 3719
39470 2327
47043 3617
39470 6263
39470 7025
47043 5102
39470 6447
39470 6807
47043 4925
39470 6530
39470 6798
39470 6586
39470 6383
39470 6413
39470 6402
47043 6259
39470 6550
39470 6505
39470 6189
39470 6401
47043 4901
39470 6455
39470 6398
39470 6418
47043 5007
39470 6384
47043 6156
39470 7366
39470 6340
39470 6498
39470 6397
39470 6840
39470 6407
39470 6133
39470 6415
39470 6703
47043 5057
39470 6489
39470 6312
47043 3615
44995 3708
60080 3614
60080 11596
60080 6385
60080 6172
17355 3633
11810 7074
11810 6399
11810 6694
65415 5190
65415 3640
65415 4879
65415 5088
47043 6178
17355 3677
17355 4124
17355 6135
11810 1095
65415 4132
65415 3682
39470 6303
39470 6388
39470 7235
47043 6977
39470 6383
39470 6351
39470 74
47043 3624
60080 3733
60080 4685
60080 4990
17355 4031
17355 4101
60080 3811
60080 6446
17355 4081
60080 7039
17355 5305
60080 6371
60080 6497
60080 6436
60080 6382
60080 7182
17355 6678
60080 6842
60080 6484
60080 6420
60080 6461
17355 4922
60080 7679
60080 7003
17355 4910
60080 6365
60080 6380
60080 6400
60080 6405
17355 6206
60080 6993
17355 5066
60080 6875
17355 6686
60080 6413
60080 6418
17355 6256
60080 7100
60080 4936
17355 4928
11810 3813
11810 6406
65415 6315
11810 6696
11810 6609
65415 3613
11810 6542
11810 6843
65415 5689
11810 6822
11810 6890
65415 5341
11810 6718
11810 8045
11810 6695
11810 6460
65415 3875
11810 6455
11810 6433
65415 4917
11810 6577
11810 6719
65415 6609
11810 16517
11810 6829
65415 5732
11810 6419
11810 6403
65415 4910
11810 6558
11810 3852
65415 3628
65415 4696
11810 5103
44612 3589
44612 3709
12100 3604
12100 3697
60080 3660
59160 6178
41935 3692
27199 6401
27199 6520
27199 6379
27199 6389
27199 7519
27199 6367
27199 6365
27199 6665
41935 5056
27199 6412
27199 6539
27199 6372
27199 6425
41935 6211
27199 6458
27199 6123
27199 7337
27199 6552
41935 5071
27199 6575
27199 6796
27199 6418
41935 6261
27199 6865
27199 6374
27199 6392
27199 6522
27199 6420
27199 6417
27199 4852
27199 6432
27199 6935
41935 5206
27199 6377
27199 6434
27199 6583
27199 7624
27199 6627
27199 6481
27199 6400
27199 6537
41935 3785
27199 6887
27199 6471
27199 6444
27199 6402
27199 2686
41935 5224
44995 3791
59160 3728
41935 3840
27199 6434
27199 7272
41935 5403
27199 6436
27199 6607
27199 6516
27199 6497
27199 6377
27199 6707
27199 6440
27199 6448
27199 6458
27199 6819
27199 6581
27199 5061
27199 6682
41935 5129
27199 7736
27199 6857
27199 6596
27199 6364
41935 4033
27199 6390
27199 6391
27199 6946
27199 6354
27199 4260
41935 3811
44995 3665
63927 4631
59160 5175
10277 3839
62065 3913
10277 3618
10277 7256
62065 5460
44995 5980
62065 8169
62065 6362
62065 4856
10277 4894
10277 3971
10277 3839
10277 6108
62065 3934
62065 3688
10277 3601
10277 6027
62065 7498
62065 3778
10277 3612
62065 6400
62065 6499
62065 6436
62065 6084
62065 3811
10277 3717
62065 4031
44995 4063
44995 3643
44995 6038
44995 3757
47043 3689
44995 3796
44995 6157
35581 3944
37838 3705
59160 3577
59160 3662
59160 4759
59160 5101
44995 3726
39470 6598
39470 7233
39470 6397
39470 6453
39470 6538
39470 1523
47043 3695
17355 6390
43581 6441
43581 6622
43581 7945
37838 6234
43581 6572
43581 6689
37838 5052
44995 3802
44995 6117
60080 3782
60080 3652
60080 3742
17355 4689
60080 6560
60080 6364
60080 6827
17355 5347
60080 6871
17355 5231
60080 6379
60080 6854
17355 6569
60080 6360
60080 6540
60080 6531
17355 6110
60080 6761
17355 5052
60080 6538
60080 6626
17355 6478
60080 7623
60080 6425
60080 6403
17355 4857
60080 6476
17355 5212
60080 6374
60080 6450
17355 5269
60080 6578
60080 6532
60080 7375
17355 6963
60080 6392
60080 7014
17355 5386
60080 6838
60080 6443
60080 7037
17355 5296
60080 6391
60080 6361
60080 6400
17355 6220
60080 6377
60080 6387
60080 6658
17355 3603
60080 6432
60080 6433
60080 6720
17355 5241
60080 8661
60080 6678
60080 7048
17355 5303
60080 6525
60080 6691
60080 6425
17355 6145
60080 7165
17355 5026
60080 6432
60080 6829
17355 5523
60080 6411
60080 6379
17355 5280
59160 4248
59160 3697
59160 6104
44995 3647
11655 4243
60080 6557
60080 6653
60080 6635
17355 6235
60080 6485
60080 6426
60080 6365
17355 5375
60080 6687
60080 6528
60080 6514
60080 8062
17355 7813
59160 6163
60080 6511
8510 6747
60080 6555
60080 6757
17355 5155
60080 6393
60080 6424
17355 5102
60080 6450
60080 6555
17355 5074
60080 6827
17355 5563
60080 6506
60080 6650
60080 6525
17355 5195
60080 6458
60080 4832
17355 3608
60080 6396
60080 6417
60080 6412
17355 6073
60080 6826
17355 5637
60080 6354
60080 6417
60080 7685
17355 7322
44546 5131
60080 6358
60080 6399
17355 5553
11655 4861
11655 7690
60080 6380
60080 6437
60080 7265
17355 5794
60080 4906
17355 4974
44546 3593
44995 3715
44546 8800
44546 6771
44546 5883
11655 4524
11655 3672
11655 3697
11655 6104
44995 3632
44995 4030
44546 6194
11655 3843
44546 5074
59160 4980
59160 3846
44995 4625
220 3812
44546 6313
11655 3618
44546 6469
44546 6399
44546 6595
44546 6581
11655 4147
44546 6640
44546 6577
44546 6943
11655 4920
44546 6328
11655 3681
11655 3731
59160 3898
21954 3852
220 5943
220 8037
44546 6546
21954 5121
21954 7612
21954 6369
21954 6258
220 3763
220 3884
220 3752
220 6203
44995 5403
62325 3625
21954 6084
21954 5553
21954 3837
220 3647
220 3654
21954 4614
21954 5277
220 3615
43497 3841
24875 6641
24875 3654
8510 3600
21954 3727
59160 4804
8510 5247
44995 3725
24875 6716
24875 4084
8510 3751
44995 3677
44995 6065
59160 3631
59160 4112
44995 3610
59160 6146
41334 3845
44995 3703
15837 3633
23927 3934
8764 3821
41334 3627
41334 7155
57579 3679
45629 4728
23927 3647
23927 7060
8764 3590
8764 7178
8764 6535
8764 6382
8764 3853
41334 3687
8764 6880
8764 6347
8764 6470
41334 3615
41334 4298
41334 6186
41334 6182
220 3837
220 6377
8764 6270
41334 3789
21954 3627
21954 3776
21954 3565
21954 4642
21954 5633
220 5064
45629 3617
45629 7167
45629 6352
45629 6658
45629 5277
23927 3800
45629 7613
45629 6364
45629 6239
23927 3602
23927 4211
45629 6387
23927 4690
8764 4406
8764 3685
41334 3712
41334 4950
8764 4753
8764 1307
41334 3626
45629 6099
45629 3636
23927 3709
8764 3600
44995 4678
44995 5131
59160 4250
59160 3640
44995 3618
41233 3605
23824 3738
18707 3627
59160 6096
42858 3984
4516 3628
44995 3796
23403 3689
2651 4360
42858 4790
42858 5965
26297 4758
26846 3718
63711 5022
2266 3647
39514 7991
23403 6956
23403 7048
2651 3617
2651 7709
2651 6363
2651 6462
2651 5437
42858 4911
2651 3764
42858 6057
42858 3790
42858 6156
2651 3750
42858 3829
39514 3717
39514 7224
39514 6409
39514 6465
39514 3878
23403 3587
39514 6101
23403 3736
2651 4782
2651 5038
42858 4409
42858 3618
2651 3611
39514 4858
23403 5356
41935 3958
2651 6238
44995 3699
44995 4716
27199 6431
27199 6817
27199 6467
41935 6282
27199 6414
27199 6386
27199 6405
27199 7205
27199 6443
27199 6363
27199 6438
27199 6389
27199 5232
27199 6618
27199 6393
27199 6478
41935 5024
27199 6833
27199 6383
27199 6463
27199 6491
27199 6919
41935 5109
27199 7620
27199 6447
27199 3865
41935 3619
59160 4114
27199 4697
41935 5352
42858 3609
59160 3780
44995 3642
1387 6089
1387 3635
27248 3883
14574 3585
14574 3747
14574 6626
1387 5447
14574 6388
14574 6464
14574 6846
1387 5036
14574 6624
14574 6433
14574 6775
1387 5044
14574 6392
14574 6409
14574 6612
14574 6291
1387 4034
14574 6595
14574 7157
14574 6864
1387 5058
14574 6515
14574 6452
14574 6522
14574 6862
14574 6822
1387 6640
14574 6368
14574 6518
14574 6206
14574 7367
1387 5179
14574 6345
14574 6426
14574 6365
14574 6328
14574 6376
14574 6856
14574 6548
14574 6383
14574 6826
1387 5227
14574 6520
1387 5045
14574 6423
14574 6385
14574 6547
14574 6204
14574 6496
14574 7020
14574 6404
14574 5027
14574 3714
1387 3629
51583 3793
39514 4903
39514 4985
23403 3646
2651 3670
44995 3665
44995 3716
59160 7002
44995 4869
25454 3835
25968 3595
59160 3843
1387 4840
29647 5444
44995 3633
14574 6516
14574 3902
1387 3735
14574 6377
14574 6455
1387 5066
14574 651
1387 5007
44995 3673
44995 3727
44995 3784
44995 6705
59160 3755
59160 3627
59160 6326
44995 3719
59160 3658
59160 3849
44995 3619
59160 6427
44995 3668
47043 3813
47043 3788
47043 6010
41935 3896
39470 3720
39470 6378
39470 6374
47043 5171
39470 6404
39470 6736
39470 6394
39470 2823
47043 4039
27199 6390
27199 6396
27199 812
41935 3590
39470 6402
39470 6988
47043 5118
39470 7047
39470 6525
39470 6399
39470 6838
39470 6412
39470 6376
39470 6768
47043 5062
39470 7184
39470 6365
39470 3760
39470 6350
39470 6447
39470 6380
39470 6495
39470 7303
39470 6451
47043 6277
39470 6502
39470 6495
39470 6511
39470 6402
39470 6689
39470 6526
39470 6391
39470 6372
39470 6433
47043 5434
39470 6361
39470 6410
39470 4823
39470 1285
47043 3766
27199 4356
41935 3883
41334 6237
47043 4744
47043 5068
39470 3647
39470 6483
39470 6474
47043 6452
39470 6385
39470 6400
39470 6455
39470 2530
47043 3718
39470 6410
39470 6521
47043 6250
39470 6400
39470 6384
47043 5264
39470 6437
39470 6514
39470 6402
39470 6392
39470 6373
39470 6411
39470 6395
39470 5175
39470 7945
47043 7555
39470 6577
39470 6502
39470 6408
47043 6168
8764 3849
8764 6846
8764 6513
8764 6485
8764 3696
8764 6498
8764 6348
41334 3692
8764 6388
8764 3813
41334 3772
10433 6342
47043 3679
47043 6526
47043 3665
47043 3674
47043 3762
47043 6027
39470 4106
39470 6646
39470 6443
39470 2458
47043 3588
39470 1830
47043 4941
39470 6492
39470 6532
39470 2426
47043 3644
46495 4587
39470 6459
39470 6366
39470 2830
47043 4622
39470 848
47043 4585
39470 7397
39470 6328
47043 4847
39470 6428
39470 6507
47043 6366
39470 6389
39470 6418
39470 6357
39470 6504
39470 6358
39470 6517
39470 6385
39470 1893
47043 3747
41935 4872
27199 7793
27199 6397
41935 3905
27199 6013
27199 3740
41935 3951
8764 6482
8764 6218
41334 3657
8510 4243
47043 4726
47043 5074
39470 3923
39470 6363
39470 6624
39470 6517
39470 6370
39470 6624
39470 7128
47043 5165
39470 6389
39470 6382
39470 6493
39470 6553
39470 6380
39470 3793
39470 6383
47043 6196
39470 6680
39470 6352
39470 6406
47043 6182
39470 7657
39470 7077
47043 5050
39470 6732
39470 6955
47043 5359
39470 6519
39470 6794
39470 6531
39470 6488
39470 6384
39470 7860
47043 6578
39470 6650
39470 6559
39470 6535
39470 6454
39470 6387
39470 6509
39470 7167
39470 6566
47043 6142
39470 6402
39470 6396
39470 6378
39470 6394
39470 6880
39470 6409
39470 6782
39470 6415
47043 6181
39470 6533
39470 8121
39470 6550
39470 6418
39470 6840
39470 6652
47043 6174
39470 6489
39470 6422
39470 6524
39470 6485
39470 6392
39470 6436
47043 6241
39470 6792
39470 6386
39470 6590
39470 6417
39470 6537
47043 4029
39470 6402
47043 5032
39470 6449
39470 6519
39470 6427
39470 6549
39470 6364
39470 6522
39470 6371
39470 6602
47043 5413
39470 6392
39470 6829
39470 7587
39470 6939
47043 4941
39470 6442
39470 6388
39470 6846
47043 5189
39470 13111
39470 6384
39470 6881
47043 5061
39470 6839
39470 6396
39470 6844
39470 6466
47043 5197
39470 6494
39470 6564
39470 6504
39470 7157
47043 7027
44995 5503
44995 3724
47043 3845
47043 3907
46495 1330
10433 3642
47043 3706
5152 3710
59160 3713
59160 3685
47043 6852
47043 4151
47043 3690
47043 3803
47043 4787
47043 5029
47043 3692
39470 6362
39470 6339
39470 4235
47043 3598
39470 6285
39470 2537
47043 3884
47043 6035
47043 3777
47043 3781
47043 3642
47043 3812
47043 6072
39470 6817
39470 6625
39470 4643
39470 3827
47043 3580
32251 6521
32251 6350
32251 6472
32251 6685
32251 6520
32251 6597
32251 8197
32251 6376
32251 6470
32251 6690
32251 7069
32251 6393
32251 6435
32251 6376
32251 6411
32251 6480
32251 6364
32251 6486
5152 6339
32251 6548
32251 6943
32251 6488
32251 6402
32251 6503
32251 6838
32251 6675
5152 5037
32251 6474
5152 5145
32251 6372
32251 6382
32251 6587
32251 6337
32251 6542
32251 6574
32251 6476
32251 7080
5152 5321
32251 7150
32251 6416
32251 6687
32251 6391
32251 6380
32251 6375
5152 5207
39470 3592
39470 198
47043 5117
39470 6428
39470 6385
39470 6466
47043 6145
39470 1614
39470 3659
39470 3394
39470 4690
47043 4965
39470 6509
47043 3617
39470 6380
39470 6386
39470 6861
47043 5194
39470 6430
39470 6364
39470 6588
39470 2264
47043 3577
39470 1066
47043 3776
39470 6284
39470 5046
47043 3603
39470 6363
39470 3797
39470 4637
47043 5086
32251 6466
32251 6344
32251 6533
32251 7293
5152 4943
32251 6555
32251 6579
32251 6525
32251 6539
32251 6396
32251 6387
32251 6390
32251 6452
5152 5204
39470 177
39470 6440
39470 1663
47043 3618
39470 1533
47043 4079
39470 6734
39470 2087
47043 3599
39470 912
47043 3635
39470 2302
47043 3642
39470 6370
47043 5240
39470 6392
39470 4951
47043 3637
44995 4863
47043 4976
47043 3685
39470 3657
39470 6381
39470 6353
39470 6504
39470 6463
39470 6366
39470 6518
39470 6347
39470 6381
39470 6670
47043 6319
39470 7240
39470 6379
39470 6103
39470 6857
39470 6518
39470 6375
39470 6395
39470 6383
39470 6799
39470 6508
47043 5827
39470 6381
39470 6390
39470 6508
39470 6379
39470 6357
39470 6617
39470 6548
39470 6767
47043 5691
39470 6364
39470 6391
39470 6582
39470 6583
39470 6422
39470 6397
39470 6533
39470 6387
47043 4825
39470 6461
39470 6479
39470 7093
39470 6377
39470 6400
39470 6845
39470 6401
39470 6796
47043 5327
39470 6432
39470 6408
39470 6544
39470 6384
39470 6416
39470 6632
39470 6354
39470 6425
39470 6375
47043 6196
39470 6414
39470 6389
39470 6455
39470 6399
39470 6532
39470 6372
39470 6389
39470 6384
47043 5355
39470 6472
39470 6413
39470 6388
39470 6520
39470 6385
39470 6431
39470 7796
39470 6560
47043 6401
39470 6353
39470 6589
39470 6402
39470 6571
39470 7161
39470 6361
39470 6380
39470 6369
47043 6209
39470 6405
39470 6518
39470 6366
39470 6395
39470 6516
39470 6413
39470 6377
39470 6532
47043 6192
39470 6813
39470 6476
39470 6400
39470 6803
39470 6380
39470 6370
39470 6372
39470 4786
47043 5027
39470 6457
39470 6883
39470 6425
39470 6387
39470 6445
47043 6270
24875 3641
39470 6450
39470 6446
39470 6389
39470 6391
39470 6871
47043 5190
39470 6425
39470 6455
39470 6452
39470 6388
39470 6478
39470 6370
39470 6352
39470 6582
39470 6427
47043 6200
39470 6365
39470 6617
39470 6411
39470 6436
47043 6091
39470 6433
39470 6858
39470 6417
39470 6473
39470 6399
39470 6925
39470 6501
39470 7209
47043 5541
39470 6484
39470 6531
39470 6399
39470 6443
39470 6579
39470 6338
39470 6385
39470 6565
47043 5090
39470 6361
39470 6392
39470 6524
39470 6618
39470 6510
39470 6410
39470 6385
39470 6364
47043 6119
39470 6400
39470 6394
39470 6472
39470 6369
39470 6382
39470 6404
39470 6570
39470 6371
39470 6991
47043 5101
39470 6923
24875 3698
39470 6587
39470 6412
39470 6395
39470 6367
39470 6396
39470 6385
39470 6397
47043 6223
39470 6476
39470 6493
39470 6440
39470 6426
39470 6403
39470 6464
39470 6387
39470 6502
47043 6367
39470 6937
47043 5062
8510 3672
47043 3675
47043 3683
47043 4704
21823 4914
19689 3602
39470 3611
39470 6983
47043 5089
39470 6397
39470 6527
39470 7089
39470 6835
39470 1337
47043 3779
39470 6490
47043 3586
39470 6443
47043 6037
39470 6540
39470 6507
39470 6414
39470 6472
39470 1674
47043 4354
39470 6489
39470 6276
39470 6581
39470 6407
47043 6272
39470 6419
39470 6447
39470 5217
39470 3675
47043 3591
59160 3916
5886 4767
765 5244
44995 3772
42229 3633
14649 4066
44995 4231
44995 3852
44995 5994
44995 3759
65097 3702
19689 3651
65097 3758
19689 3626
59160 3582
59160 4691
20777 4987
21823 3650
59160 3636
59160 3603
44995 3612
37838 3752
43581 6519
43581 6309
43581 6974
37838 5075
43581 6489
43581 6464
43581 6434
43581 6437
43581 6817
43581 6480
43581 6384
43581 6361
43581 6478
43581 4058
37838 4604
48872 4391
5886 4944
5886 7293
1550 5236
42229 3685
288 3692
14649 3614
48872 3628
48872 8746
48872 6403
48872 6353
5886 4860
48872 6830
48872 4927
5886 5110
5886 3721
5886 3696
5886 6162
48872 7062
5886 5356
25454 3689
48872 3858
48872 4675
5886 5029
5886 3639
48872 3786
48872 3633
5886 4634
44995 4988
48872 3595
59160 3787
44995 6036
59160 4090
28623 3687
47043 3872
14908 1034
28623 4063
39470 1714
39470 3667
47043 3766
765 3790
5595 3757
16610 3927
30808 3641
23927 4765
44995 5461
44995 3749
59160 3648
59160 6283
44995 3606
5222 3840
20877 3690
47043 4663
47043 5059
47043 4001
59495 3944
39470 3588
39470 6387
39470 701
47043 3662
39470 671
47043 3625
39470 6654
39470 6518
39470 6361
39470 6541
39470 6743
39470 7148
39470 2736
47043 3609
44995 3713
44995 3935
40038 3842
45629 3626
23927 4634
59160 5122
59160 3691
44995 3612
47008 3816
40038 3642
40038 7022
59160 3763
1387 6150
40173 3585
44995 3654
14574 6413
14574 6553
14574 6363
1387 5065
47008 3612
47008 7360
47008 7278
40038 7016
47008 6372
47008 6724
40038 5081
47008 6488
47008 6397
40038 4835
47008 6418
47008 6678
40038 5031
47008 6585
47008 4046
40038 3783
40038 3696
40038 5990
40038 5099
40038 5078
40038 6206
40038 6246
44834 3669
47008 1643
47008 938
47008 3844
47008 3856
40038 3611
40038 3612
44995 6029
44995 3700
59160 3603
59160 3856
59160 5737
44995 5072
14492 3813
19613 4147
10371 3729
6273 3738
14492 3624
19613 3610
14492 7018
19613 6618
41935 3684
41935 3768
41935 6140
41935 3693
47008 3857
10371 3799
6273 3643
10371 7458
10371 6518
10371 6434
6273 7069
14492 6799
6273 6399
6273 6386
19613 6507
6273 6368
10371 6318
19613 3601
14492 3648
27199 3691
27199 6424
27199 3939
27199 4464
41935 3602
27199 6493
27199 3855
27199 3820
41935 3614
27199 6343
27199 6383
27199 1685
41935 3574
27199 6413
27199 3728
27199 3714
41935 3595
27199 3702
41935 3861
14492 6081
19613 3796
19613 3583
14492 6586
10371 3649
10371 3778
10371 3630
10371 3627
14492 3582
14492 6017
6273 3664
19613 3608
10371 3663
6273 3723
19613 4100
10371 3614
14492 3580
10371 6188
10371 6290
14492 5074
44995 3652
44995 3709
59160 4614
59160 5116
59160 3740
44995 3639
14492 4704
10371 3806
10371 5028
10371 4572
14492 3637
10371 6447
10371 6448
14492 6241
10371 6449
10371 6840
10371 6500
10371 3660
10371 6473
10371 6397
14492 6108
10371 6377
10371 6439
14492 6173
10371 6394
10371 6799
14492 5224
10371 6942
10371 7121
14492 4956
40038 3691
40038 4664
14492 5074
14492 3726
44995 3793
44995 6071
14492 3759
14492 3748
10371 3648
10371 3598
10371 6178
14492 3633
10371 6399
10371 6631
14492 5757
10371 6846
10371 6377
14492 6083
10371 6368
10371 5032
14492 3596
10371 6495
10371 6459
14492 5208
10371 6526
10371 6357
14492 6129
59160 3798
59160 4926
44995 5447
10371 6560
14492 5379
10371 6464
14492 6245
8350 3990
10371 6428
10371 6749
14492 5051
10371 6595
10371 6803
14492 5493
10371 6422
14492 3625
10371 6734
14492 4918
10371 6377
14492 3652
10371 4933
14492 3616
10371 6467
14492 3637
10371 6414
10371 6622
14492 6417
10371 6458
10371 6427
14492 3618
10371 6531
10371 6825
14492 6650
10371 6977
10371 6496
14492 6229
10371 6365
7553 4340
8350 3625
8350 6993
7553 3633
7553 7736
7553 6434
7553 6373
8350 4816
7553 6281
8350 5277
14492 3617
8350 6031
40038 6371
7553 3739
7553 3660
7553 3714
7553 3619
8350 3675
25454 4631
47008 5237
47008 3651
40038 6418
47008 4928
59495 3945
34722 3660
59495 4699
59495 7240
34722 6963
34722 4941
59495 3598
14492 3718
10371 3651
10371 6189
14492 3954
10371 6381
10371 6274
14492 3609
34722 4894
59495 3824
765 4898
20205 3659
765 3608
765 7413
44995 3788
44995 3699
14492 3687
59160 4750
59160 4970
59160 4226
44995 3767
23403 3604
62620 4784
10371 5408
10371 3935
10371 6778
14492 4910
30848 3824
62620 3607
62620 6676
20205 4021
20205 5411
765 5498
30848 5161
30848 7036
30848 6384
30848 6405
62620 6229
30848 6235
62620 5266
62620 3670
30848 3725
30848 3745
30848 4625
30848 5064
62620 3975
20205 4403
765 3812
39514 3649
23403 3642
20205 4787
765 5361
64506 3753
63949 3912
62898 3562
52956 3875
33343 4055
32318 3594
55172 3685
18309 3805
20026 4620
61959 3847
44995 5418
44995 3727
59160 4025
59160 3679
59160 6175
44995 3655
18631 3820
23748 4168
58514 3611
18631 3591
5271 3656
23748 4761
18631 6739
23748 5326
58514 3735
5271 5084
58514 7089
58514 6394
58514 6330
18631 4843
5271 7389
5271 6473
5271 6790
23748 5179
18631 5137
23748 1317
18631 3690
18631 6070
58514 3820
58514 5077
58514 5503
58514 4332
18631 3626
18631 3610
58514 3691
5271 462
23748 5000
23748 3593
58514 3643
58514 494
18631 3612
44995 3630
44995 4792
59160 3731
59160 5006
59160 3779
44995 3610
39919 3845
20975 3627
39919 4602
39919 6817
20975 5536
20975 7279
20975 6411
20975 6729
39919 5065
39919 3738
39919 3667
39919 6155
58514 3788
20975 6161
20975 4474
20975 4073
20975 3653
39919 3809
39919 3731
20975 4651
20975 5158
20975 4597
39919 5033
44995 3650
44995 3760
59160 3624
59160 3630
59160 6089
44995 4514
39919 3847
20975 3607
20975 3619
20975 4722
20975 514
20975 3678
39919 3589
20975 3598
20975 6322
39919 6155
44995 3688
44995 4810
44995 5019
44995 3749
44995 3656
44995 6726
20975 5174
20975 6876
20975 6411
20975 407
39919 3760
20975 6871
39919 5038
20975 6849
20975 7022
39919 5042
20975 6591
20975 6344
20975 6989
39919 5259
31012 3681
49445 5028
34085 3631
59160 3597
59160 3620
59160 6628
44995 5135
48028 3826
59160 3722
18333 3806
13212 3732
59160 3673
59160 3690
44995 4597
53149 3827
59160 5072
35741 3665
30620 3674
44995 4187
44995 6048
20975 6531
39919 6342
20975 6661
20975 6388
20975 6381
20975 6390
20975 6380
20975 7210
20975 6689
39919 4908
59160 3784
44995 4667
44995 5190
59160 3768
59160 3655
64180 3644
48028 3626
27317 3614
23223 4613
13212 5072
18333 3591
48028 7236
15030 3731
35741 3588
51894 3614
53149 3602
43703 3612
30620 3686
13212 6838
18333 6374
30620 7617
53149 6491
35741 6388
59160 3817
44995 3646
59160 3628
18563 4699
64180 4988
64180 7257
64180 6444
64180 6344
64180 6311
23223 5245
27317 3620
48028 3736
23223 7372
23223 6432
23223 6346
23223 6815
43703 5145
13212 3790
27317 7499
27317 6495
27317 6514
27317 6295
51894 5025
18333 3604
15030 3615
15030 7512
15030 6378
35741 6064
15030 6845
15030 6918
35741 5485
51894 7305
51894 7067
53149 5390
51894 6045
51894 6319
53149 4272
43703 7527
43703 6397
43703 6375
43703 6785
30620 5038
55484 3955
47293 3636
18621 3818
59160 3752
44995 4649
51867 3876
21001 5125
18563 3620
18563 6856
48028 3806
18333 3667
13212 3750
30620 3611
53149 5968
35741 3756
18333 3646
13212 3699
30620 3772
53149 3671
35741 4103
48028 4722
48028 5132
48028 3844
48028 3798
48028 6046
48028 3767
48028 3838
48028 3805
48028 4687
48028 5141
48028 3642
48028 4082
48028 3664
48028 5006
20975 3655
20975 6429
39919 6229
20975 6438
20975 6368
20975 6389
20975 6196
20975 6402
39919 6251
20975 6818
20975 6428
20975 6374
20975 6240
39919 4984
20975 6389
20975 6077
39919 4150
16367 4233
51867 3624
51867 7668
21001 5573
48028 3713
21001 7403
27317 3765
21001 6464
64180 6147
21001 6386
64180 3761
64180 3615
64180 5142
18333 5322
27317 3793
27317 3771
27317 4622
18333 939
18333 608
18563 3622
48028 4061
48028 3810
23223 6339
13212 3608
23223 3807
23223 3752
23223 6039
13212 878
13212 667
43703 4341
30620 3626
43703 6135
43703 3645
30620 3598
30620 3589
43703 4618
43703 4993
30620 3696
51894 3810
53149 3583
51894 6116
53149 3714
51894 3711
53149 3720
51894 5149
53149 4058
15030 5080
35741 3619
15030 6579
35741 3625
15030 3672
15030 3686
27317 3591
35741 3624
35741 3634
18333 4616
23223 4961
13212 3838
43703 3712
30620 4027
51894 4038
53149 3678
15030 4052
35741 3637
64180 1537
18563 5029
64180 686
64180 3648
64180 6282
48028 4939
64180 6387
48028 3917
64180 6417
64180 6389
48028 6178
16367 3603
16367 7654
16367 6395
16367 6368
16367 6579
51867 5545
64180 6792
48028 5166
64180 6387
64180 6406
64180 6403
64180 6437
64180 6447
64180 6566
64180 6475
48028 3637
51867 4606
21001 3823
64180 6554
64180 6399
64180 6609
64180 6388
48028 6125
64180 6556
64180 6403
64180 6484
64180 6363
64180 6417
64180 6378
64180 6401
64180 6522
48028 6292
20975 3637
39919 3592
20975 3720
20975 3736
20975 6024
39919 3698
20975 3675
39919 3621
20975 6669
20975 3850
39919 4683
20975 5052
20975 3769
39919 3780
20975 439
39919 4042
20975 4627
20975 5024
39919 4061
20975 3648
20975 3645
20975 3622
39919 4046
20975 6910
39919 4867
48028 3637
64180 6547
48028 6124
64180 6759
48028 5420
64180 6424
64180 6409
64180 6371
64180 6369
64180 6389
64180 6401
64180 6434
64180 6392
64180 6394
64180 6405
64180 6583
64180 6516
64180 6443
64180 6482
48028 6244
16367 6130
16367 5313
16367 5159
16367 3771
51867 3628
64180 6402
64180 6556
64180 6412
64180 7268
48028 4963
64180 6419
64180 6620
64180 6381
64180 6370
64180 6389
64180 6694
64180 6386
48028 6062
64180 6353
64180 6448
64180 6526
64180 6351
64180 6846
48028 5209
64180 6375
64180 6512
48028 5033
64180 6429
64180 6442
64180 6403
64180 6392
64180 6404
64180 6416
48028 6160
20975 6911
20975 6508
20975 6395
20975 6389
39919 5697
20975 6378
20975 6383
39919 6191
20975 6766
20975 6445
39919 6145
20975 6464
20975 6698
39919 5441
20975 6401
20975 6428
20975 6404
39919 5451
20975 6389
20975 6448
39919 6205
20975 6373
39919 6212
20975 6528
20975 6379
39919 6016
20975 6393
20975 6389
20975 6383
20975 6365
20975 6429
20975 6809
20975 6406
39919 6274
18563 3707
64180 6365
64180 6402
64180 6378
64180 6385
64180 6433
64180 6505
64180 6409
64180 6358
64180 6699
64180 6365
64180 6805
64180 6486
64180 6535
64180 6422
64180 6361
64180 6394
64180 6371
64180 6557
48028 6233
64180 6423
64180 6980
48028 5108
64180 6383
64180 6391
64180 6385
64180 6832
48028 5234
64180 7006
64180 6736
64180 6417
64180 6387
48028 6182
64180 6353
64180 6453
64180 6338
64180 6540
64180 6392
64180 6722
64180 6397
64180 6351
64180 6590
64180 6411
48028 6208
64180 6434
64180 6540
64180 6578
64180 6607
64180 6378
64180 7262
48028 4977
20975 6832
20975 6382
20975 6705
39919 5095
20975 6550
20975 6374
20975 6396
39919 6209
20975 6546
20975 7565
39919 5095
20975 6558
20975 6518
39919 6146
20975 6398
20975 6394
39919 3641
20975 6538
20975 6451
20975 6481
20975 6517
20975 6387
20975 6470
39919 6166
20975 6412
20975 6415
20975 6361
20975 6716
20975 6421
20975 6822
20975 6350
20975 6500
39919 6025
20975 6431
20975 6413
20975 6464
20975 6404
20975 6406
20975 6537
20975 6818
20975 6907
39919 5201
48028 4417
48028 3825
48028 3745
48028 6064
48028 3890
48028 6124
48028 3740
48028 6264
48028 3772
48028 6216
48028 3715
48028 6184
48028 4135
48028 3794
48028 6557
48028 3677
48028 3668
48028 3689
48028 4691
48028 5129
48028 3806
48028 3678
64180 6489
48028 5028
64180 6478
64180 6517
48028 5027
64180 6401
64180 6388
48028 6235
64180 6375
64180 6889
48028 5094
64180 7037
64180 6417
64180 6395
64180 6541
64180 6392
64180 6567
64180 6426
64180 6390
64180 6410
64180 6969
48028 5197
48028 4678
64180 6827
64180 6421
48028 6174
48028 3662
64180 6413
64180 6386
48028 6065
64180 6377
64180 6991
48028 5075
20975 6418
20975 6420
20975 6394
20975 6390
20975 6410
39919 6008
20975 6858
39919 5359
20975 6402
20975 7083
20975 6480
20975 7428
39919 4976
20975 6364
20975 7001
39919 5355
20975 7015
20975 6408
39919 5200
20975 6406
20975 6848
20975 6559
39919 6347
20975 6399
20975 6414
20975 6411
20975 6380
20975 6171
39919 3678
64180 3583
64180 3622
64180 4659
64180 1918
64180 1333
64180 3695
64180 3660
64180 3809
48028 3724
64180 6522
64180 6458
48028 6281
64180 6940
64180 6387
64180 6379
64180 6489
64180 6487
64180 6436
64180 6423
64180 6383
64180 6367
48028 4856
64180 6397
64180 6543
64180 6393
64180 6369
48028 6009
64180 6481
64180 6416
64180 6697
48028 5016
64180 6376
64180 6551
64180 6388
64180 6435
64180 6537
64180 6411
64180 6496
64180 6570
48028 4822
64180 6400
64180 6427
64180 6373
64180 6911
64180 6841
64180 6384
64180 6786
64180 6420
48028 5414
64180 6859
64180 6401
64180 6484
64180 6541
64180 6373
64180 6411
64180 6384
64180 6456
48028 4892
64180 6448
64180 6539
64180 6529
64180 6387
64180 6555
64180 6376
48028 6167
44995 4788
44995 5034
48028 3649
48028 3824
64180 6901
48028 5171
64180 6412
64180 6356
64180 6395
64180 6497
64180 6963
64180 6385
64180 6381
48028 4358
64180 6503
64180 6483
64180 6368
64180 6469
48028 5081
64180 6391
48028 4857
64180 6526
64180 6651
64180 6375
48028 3677
64180 6570
64180 6701
48028 6430
64180 6428
64180 6408
64180 6467
48028 6068
64180 6744
48028 5056
64180 6397
64180 6507
48028 6208
64180 6638
48028 5152
64180 6388
64180 6381
64180 7930
64180 6940
64180 6358
64180 6401
64180 6493
48028 5170
64180 6800
48028 5034
64180 6413
64180 6419
64180 6512
64180 6493
64180 6869
64180 6544
64180 7028
48028 5004
64180 6496
48028 5084
64180 6417
48028 5235
64180 6404
64180 6406
64180 6838
64180 7181
48028 5084
59160 3773
59160 3638
64180 3587
48028 3672
64180 6570
64180 6377
64180 6376
64180 6499
48028 5126
64180 7083
64180 6513
48028 5120
64180 6416
64180 6467
64180 6357
64180 6473
64180 6845
64180 6847
64180 6372
64180 6808
48028 4965
64180 6806
48028 5454
64180 6367
64180 6822
48028 5232
64180 6955
48028 5085
64180 6394
48028 3602
64180 6978
64180 6375
48028 4878
64180 6854
64180 6412
48028 4991
64180 6401
48028 6240
64180 6544
64180 6840
48028 5207
64180 7033
64180 6413
64180 6382
48028 6227
64180 6867
48028 4937
64180 6808
48028 5112
64180 6389
48028 5096
64180 6795
64180 6763
48028 6444
64180 6418
48028 3594
64180 6496
48028 6284
64180 6806
48028 5193
64180 6396
48028 3753
64180 6869
48028 3589
64180 6919
48028 5100
64180 6415
64180 6409
64180 6596
64180 6461
64180 6418
48028 4884
64180 6445
64180 7529
64180 6403
64180 6569
64180 6497
64180 6411
48028 6032
59160 5153
44995 4858
35667 3795
64180 6387
48028 3616
64180 6366
64180 6389
64180 6406
64180 6491
64180 6365
64180 7054
48028 4906
64180 6525
64180 6432
64180 6399
64180 6418
64180 6508
64180 6870
64180 6386
64180 6769
64180 6379
64180 6407
48028 6082
64180 6526
64180 6368
48028 5139
64180 7277
64180 6476
64180 6707
48028 4542
48028 3752
64180 6349
48028 4271
64180 6371
64180 6382
64180 6408
48028 5362
64180 6405
64180 6916
48028 5191
64180 6546
48028 5072
64180 6377
64180 7019
48028 5300
64180 6375
64180 6387
64180 6972
48028 5114
64180 6517
48028 5164
64180 6468
48028 5231
64180 6639
48028 5041
64180 6867
64180 6479
64180 6425
64180 7190
64180 6945
48028 5133
64180 6412
48028 5097
64180 7251
48028 5265
64180 6417
64180 6354
64180 6825
48028 5747
64180 6468
64180 6435
64180 6581
64180 6704
64180 6641
64180 6363
64180 6377
64180 6428
64180 6753
48028 5040
64180 6504
64180 6969
48028 5108
64180 6407
64180 6511
64180 6379
64180 6411
64180 6558
64180 6347
64180 6412
64180 7561
48028 7179
64180 7271
64180 6360
64180 6385
64180 6514
64180 6410
64180 6703
64180 6489
64180 6905
48028 5189
64180 6380
64180 6764
64180 6408
64180 6411
64180 6451
64180 6538
64180 6480
64180 6934
48028 5109
64180 6529
64180 6392
64180 6387
64180 6398
64180 6727
64180 6399
48028 5301
39919 6605
44995 3651
44995 3759
5953 3877
35667 4698
44995 6082
44995 3710
44995 3783
44995 5210
35667 6972
64180 6519
48028 3600
64180 6392
64180 6399
64180 6385
64180 6375
64180 6681
48028 4040
64180 6421
64180 6410
64180 6456
64180 6408
64180 6677
64180 6420
64180 6428
64180 6389
64180 6426
64180 7000
48028 5267
64180 6533
64180 7019
48028 5255
64180 6399
64180 6386
64180 6341
64180 7237
64180 6416
64180 8064
64180 6395
64180 6990
48028 5007
64180 6792
64180 6519
64180 6523
64180 6398
64180 6380
64180 6509
64180 6436
64180 7167
48028 5535
64180 6421
64180 6362
64180 6386
64180 6409
64180 6528
64180 6843
64180 6762
48028 5084
64180 6413
64180 6748
64180 6937
64180 6387
64180 6476
64180 6409
64180 6363
64180 6358
64180 6777
48028 6525
64180 7646
64180 6350
64180 6600
64180 6542
64180 6372
64180 6611
64180 6378
64180 6805
48028 5524
64180 6539
64180 6864
64180 6573
64180 6809
64180 6394
64180 6392
64180 6411
64180 6429
48028 4045
64180 6841
64180 6516
64180 6376
64180 6566
64180 6451
64180 6391
64180 6511
64180 6395
48028 4400
64180 6520
64180 6398
64180 6495
64180 6400
64180 6547
64180 8459
64180 6574
64180 6494
48028 5020
64180 6959
64180 6540
64180 6392
64180 6649
64180 6434
64180 6398
64180 7006
64180 6382
64180 6685
48028 5072
64180 6361
64180 6432
64180 6401
64180 6925
64180 6614
64180 6529
64180 6390
64180 6416
48028 4378
64180 6508
64180 6394
64180 6509
64180 6506
64180 6460
64180 6406
64180 6450
48028 4992
64180 7573
64180 6572
64180 6536
64180 6957
64180 6491
64180 6451
64180 6654
48028 5051
64180 6399
64180 6588
64180 6570
64180 6534
64180 6507
64180 6413
64180 6519
64180 6429
48028 5194
64180 6377
64180 6461
64180 6399
64180 6402
64180 6666
64180 6476
64180 6334
64180 6741
48028 5156
64180 6643
64180 6364
64180 6481
64180 6837
64180 6552
64180 7791
64180 6507
64180 6509
64180 6793
48028 5099
64180 6398
64180 7497
64180 6394
64180 6533
64180 6580
64180 6839
64180 6443
64180 6808
48028 6401
64180 6390
64180 6695
64180 6658
64180 6393
64180 6521
64180 6732
64180 6489
64180 6818
48028 5178
64180 6366
64180 6499
64180 6376
64180 6453
64180 6390
64180 6420
64180 6385
64180 6955
48028 5223
64180 7817
64180 6444
64180 6424
64180 6381
64180 6502
64180 6371
64180 6557
64180 6928
48028 5060
64180 6354
64180 6684
64180 6409
64180 6768
64180 6663
64180 6373
64180 6422
64180 6545
64180 6410
48028 4160
64180 6529
64180 6472
64180 6352
64180 6491
64180 6405
64180 6372
64180 6387
64180 6519
48028 6324
64180 6391
64180 6424
64180 6981
64180 6446
64180 8360
64180 6356
64180 6909
64180 6983
48028 5216
64180 6483
64180 6545
64180 6430
64180 6546
64180 6467
64180 6348
64180 6431
64180 6941
48028 5212
64180 6379
64180 6571
64180 6512
64180 6548
64180 6504
64180 6716
64180 6387
64180 6577
48028 4930
59160 3738
59160 3741
59160 3624
59160 3757
59160 3602
5953 3641
64180 6541
64180 6433
64180 6494
20975 5095
20975 6255
20975 3710
48028 3625
44995 4866
39919 4995
59160 4028
44995 3639
5953 8627
5953 6552
5953 6494
5953 6302
35667 3783
44995 4847
44995 5042
64180 6508
64180 6977
48028 5355
64180 6387
64180 6426
64180 6604
64180 6716
48028 5116
64180 6406
64180 6942
64180 6507
64180 6390
64180 6392
48028 6221
59160 4985
44995 6003
44995 3934
35667 4816
59160 6123
44995 3599
44995 3647
44995 3803
59160 1240
59160 3743
44995 3602
44995 3822
44995 6075
59160 3634
59160 3614
5953 3671
35667 6252
59160 3631
59160 3644
44995 3613
59160 3647
59160 3652
59160 6107
44995 3609
44995 3673
44995 4735
59160 5112
44995 3676
44995 4832
5953 6219
59160 3651
59160 3586
59160 3816
44995 3672
59160 6721
44995 3643
44995 3715
59160 6105
44995 3612
59160 3881
44995 3638
59160 3621
59160 4801
59160 5050
44995 3623
35667 3712
44995 5106
44995 5141
44995 3811
44995 4633
44995 5089
59160 3703
59160 3663
59160 3604
59160 3691
44995 3629
59160 4627
59160 5129
59160 3784
44995 3870
44995 4609
44995 5132
15652 3758
59160 4764
44995 5023
44995 4493
61732 3607
59160 4753
44995 5247
59160 4159
44995 3734
44995 3762
44995 4203
59160 3731
59160 6204
59160 4196
44995 3630
59160 1396
59160 3616
44995 3627
59160 4769
10428 3836
30911 5232
44995 3634
44995 3714
44995 3720
44995 3775
44995 6098
44995 3633
44995 3739
59160 3605
59160 4750
59160 5000
44995 3604
59160 3940
59160 3690
59160 6777
44995 3663
44995 5136
44995 5174
44995 4189
59160 6137
48028 3685
44995 3745
44995 3862
48028 6077
48028 3842
59160 3617
59160 3674
59160 3726
59160 3633
44995 4762
59160 5311
59160 3752
64180 3686
64180 4909
48028 3659
64180 6933
48028 4983
64180 6383
64180 6291
64180 6819
64180 6353
64180 6341
64180 6388
48028 6189
64180 7014
64180 7253
48028 5423
64180 890
64180 3751
48028 3597
64180 6952
64180 6681
48028 3639
59160 4848
44995 4986
59160 3773
59160 6078
44995 4193
6143 3788
49123 3659
6143 3625
6143 6993
48028 3682
49123 3623
49123 5977
6143 5205
49123 7006
49123 6389
49123 6359
6143 3608
64180 3746
64180 6103
48028 3619
64180 6349
6143 5025
6143 3688
6143 4278
49123 6312
49123 3833
49123 6057
6143 3627
6143 3650
49123 3797
48028 4902
57781 5185
57781 3685
32185 3590
6143 3644
49123 3733
48028 3683
48028 5119
48028 4925
48028 3760
48028 3668
48028 4844
48028 5062
48028 3711
48028 4096
48028 4791
48028 5089
48028 3846
48028 3843
48028 4691
48028 5032
48028 3685
48028 3826
48028 4814
48028 5225
48028 4145
48028 3661
48028 4029
48028 4825
64180 5056
64180 3768
64180 6266
48028 3827
64180 3622
48028 3592
64180 6619
64180 996
48028 6229
64180 522
64180 3623
64180 4580
64180 5109
64180 3786
48028 3610
64180 6366
64180 6511
48028 6289
64180 6395
64180 6489
64180 6414
64180 6822
64180 6813
64180 6493
48028 6027
64180 6433
64180 6533
48028 6180
64180 7387
64180 6377
64180 6473
64180 6382
48028 5319
64180 6372
64180 6434
48028 5193
64180 6526
64180 6424
64180 6414
64180 6379
64180 6392
64180 6917
48028 4942
32185 2839
8350 3723
44995 3752
44995 3764
44995 4685
44995 5055
48028 3760
64180 6411
64180 6361
64180 6395
64180 6362
64180 6380
64180 6427
64180 7074
64180 6976
48028 4939
64180 7757
64180 6418
64180 6386
64180 7325
48028 4927
64180 6415
64180 6803
64180 6621
48028 4937
64180 6934
48028 5285
64180 6427
64180 6389
64180 380
48028 3615
7553 3718
8350 3728
59160 1678
59160 3740
44995 4101
64180 520
48028 3623
64180 1920
64180 1790
48028 4067
64180 6366
64180 6569
64180 6401
64180 6980
64180 6407
64180 6360
64180 6553
64180 6430
48028 6104
64180 6394
64180 6429
64180 6439
64180 6483
64180 7089
48028 5082
64180 6872
48028 5076
64180 6494
64180 5160
48028 3908
44995 5941
44995 3686
59160 3653
59160 6132
44995 3688
26920 3839
37116 4220
26920 3722
26920 7528
37116 5865
37116 7336
37116 6639
37116 6464
26920 6340
37116 6905
26920 4091
59160 5185
37116 5142
26920 3720
26920 6329
57781 3717
32185 3655
37116 3611
44995 4284
37116 6145
37116 6684
26920 5022
26920 6241
37116 6820
26920 5193
44995 4999
44995 3851
44995 3630
44995 4703
44995 4973
44995 3909
44995 3685
44995 6095
59160 399
59160 3677
44995 3775
59160 4757
59160 5119
44995 3636
59160 3667
59160 6749
44995 3644
59070 3843
6847 3657
3772 3674
59160 4661
59160 5272
44995 4086
48028 6239
48028 6377
48028 6287
11524 4227
59070 3642
19712 4133
3772 3744
48389 4806
6847 5173
6847 5876
3772 5341
59070 6386
64180 3695
64180 3642
64180 7314
48028 4878
19712 3739
48389 3751
11524 4729
19712 7315
19712 6398
19712 6393
19712 6282
11524 7231
11524 7264
3772 6797
59070 4385
48389 7091
48389 6345
48389 6800
48389 6315
11524 6474
11524 6916
59070 5267
6847 3614
3772 3744
6847 3870
59070 6125
6847 3854
59070 3687
3772 3832
3772 6233
3772 6612
3772 6154
19712 3791
19712 4653
3772 5391
3772 3794
48389 3588
6847 2796
11524 3802
59070 3623
19712 3666
48389 3660
6847 4520
11524 3702
59070 3610
19712 3738
19712 1715
3772 4623
19712 5211
19712 3941
3772 3624
19712 4795
19712 5063
3772 3680
19712 3604
37754 3773
59495 4046
3772 6211
48028 3706
48028 3696
48028 4818
48028 5467
48028 3642
48028 3790
48028 3660
48028 6088
48028 3680
48028 3732
48028 4694
48028 5067
48028 3853
48028 3708
48028 4146
48028 5090
48028 5066
48028 3717
48028 3722
19712 4733
19712 5112
19712 3604
3772 3603
64180 3711
64180 326
64180 4621
64180 5034
48028 3682
64180 6410
64180 6206
64180 3838
48028 3576
64180 6408
64180 6619
48028 5140
64180 6445
64180 2650
48028 3647
64180 6373
64180 6379
64180 6439
64180 7049
48028 5282
64180 6850
64180 7340
48028 5466
64180 6440
64180 6551
48028 5088
64180 6366
64180 6432
64180 6238
48028 4834
34972 4272
30560 3796
34972 3582
34972 6773
39919 4789
48028 5135
39919 3683
34722 3608
59495 3621
30560 3639
30560 7469
30560 6476
30560 6384
34972 3757
48028 3722
48028 6539
64180 5454
64180 3773
48028 3599
64180 6387
64180 7219
48028 4949
30560 6400
34972 4893
48028 5246
48028 6389
34972 3709
34972 3698
34972 6123
20975 3669
20975 3631
20975 6205
39919 3631
20975 6389
20975 6398
20975 6424
39919 6030
20975 6496
39919 4819
20975 6535
20975 6793
39919 4934
64180 3615
64180 3811
64180 3667
48028 3672
20975 4644
20975 5672
39919 4844
20975 6450
64180 5028
30560 3592
30560 3853
30560 3678
30560 5985
30560 4131
34972 3615
34972 3748
64180 4123
48028 4625
30560 5007
30560 6326
34972 5174
30560 6402
30560 6453
34972 5997
39919 6195
39919 6389
48028 3818
48028 6885
20975 5084
30560 3752
64180 3604
64180 4757
64180 5074
48028 3599
20975 3686
20975 6112
39919 3613
20975 6604
20975 6852
39919 6446
20975 6385
20975 6605
39919 6303
20975 6416
20975 6872
20975 6348
20975 6402
20975 6383
39919 4864
20975 6398
20975 6434
39919 6174
20975 6523
20975 7387
39919 5829
20975 3713
39919 3697
20975 6501
20975 6359
20975 3773
39919 3623
20975 4622
39919 5028
20975 6413
20975 6502
39919 6250
20975 6407
20975 6744
39919 5076
20975 3747
20975 6511
20975 3763
20975 7048
39919 4971
20975 6427
20975 6446
20975 7184
20975 6207
20975 1002
39919 5035
20975 6524
20975 6807
20975 6785
39919 5188
20975 6819
20975 6363
20975 6362
20975 6904
39919 5204
20975 6857
20975 6499
39919 3614
20975 6556
20975 6479
20975 6419
39919 5266
37764 3800
48028 3700
39919 6060
48028 3691
48028 3643
48028 3637
23189 3617
37764 3613
37764 7088
64180 3637
64180 6118
48028 4270
64180 6572
64180 6386
48028 4892
20975 4102
20975 6217
39919 3903
64180 3578
64180 3646
64180 3883
48028 3595
64180 6500
64180 7012
48028 5131
64180 6516
64180 6630
48028 5042
48028 6072
48028 6454
23189 6161
23189 7895
23189 6405
23189 6500
23189 6810
37764 4911
37764 5055
37764 3659
37764 4757
64180 6411
64180 6795
48028 4940
64180 6435
64180 7012
64180 6442
48028 5258
64180 6449
64180 6675
64180 6928
48028 5101
48028 3694
48028 6406
48028 5132
48028 6434
64180 6380
64180 6433
64180 6808
64180 6365
64180 6428
64180 6564
64180 6537
64180 6789
48028 5315
64180 6389
64180 6382
64180 6497
64180 1000
48028 5085
23189 6131
23189 6127
37764 3643
64180 6352
23189 3645
23189 3698
37764 4076
23189 3719
37764 4933
64180 1743
64180 3639
48028 3638
64180 4121
64180 3630
64180 4678
48028 4958
23189 3637
23189 78
23189 3741
37764 3607
3365 3707
59582 3911
765 4742
62620 5260
44995 3746
44995 3713
30848 3758
62620 3630
59160 4095
59160 4791
59160 5171
44995 3602
20205 3600
765 3638
53475 3645
53475 4672
59866 5362
8425 3702
8425 3628
3548 3687
38513 3618
22910 3898
37754 3682
57013 3692
59866 3754
59866 5043
3548 66
8425 3607
3548 3621
53475 3618
59866 4027
14100 3833
16240 3624
46764 3721
19860 3993
506 4672
35581 1936
63927 3773
52469 3633
63927 589
44995 3603
44995 6050
59160 3785
59160 4258
59160 3775
44995 4627
37724 4816
28509 3743
44970 4993
37724 3612
37724 7274
16299 3782
28509 3605
28509 7072
51303 3813
44970 3621
44970 3671
16299 3632
16299 3608
44970 7710
44970 6435
44970 6518
44970 6375
37724 3647
16299 7818
16299 6444
16299 6588
16299 6396
28509 5388
37724 3718
28509 4727
37724 5262
44970 6341
37724 4652
28509 3694
44970 4996
16299 4127
44970 5969
37724 4034
44995 3649
44995 3850
44970 6166
37724 3903
59160 3605
59160 3624
59160 6238
44995 4102
22690 3921
28509 3638
106 3641
22690 4065
22690 7334
35581 5653
63927 3614
106 5914
106 7368
106 6442
106 6793
22690 5122
106 6846
22690 6464
22690 3670
22690 6158
22690 3911
106 6146
22690 5177
106 3882
22690 3667
22690 4176
106 3655
106 4597
106 6197
106 6365
22690 5131
106 6392
106 6397
22690 3598
106 6787
106 6143
22690 5425
106 3662
106 6320
22690 4974
106 6405
106 6270
22690 3628
106 6593
22690 5000
106 6387
106 6406
106 6506
22690 6209
106 6397
22690 6192
44995 3741
44995 6498
44995 3646
44995 3736
44995 4875
44995 5562
106 6619
106 6535
106 6472
106 6805
22690 4974
106 6918
106 6164
22690 3640
59160 3688
59160 3724
59160 3648
44995 4844
59160 5005
59160 3745
44995 3686
59160 6183
59160 4219
44995 4066
22798 3768
42255 3659
57615 5083
7438 3731
2306 5050
36771 3830
45315 3632
44995 4063
44995 3698
106 6155
106 6440
22690 3746
106 6432
106 6720
22690 3880
106 6336
106 6397
106 6368
106 7387
22690 5585
106 6840
106 6858
22690 4922
106 6359
106 7087
22690 5120
106 6277
106 5016
22690 3602
106 3761
106 6865
22690 5137
106 6437
106 6935
22690 4948
106 6409
106 6622
22690 5030
106 6549
106 6694
22690 5147
59160 4758
59160 5017
21386 3874
36771 3781
36771 7317
106 3846
106 6598
22690 5046
106 6408
106 6200
22690 3608
106 6368
106 6753
22690 4934
106 6290
106 3711
22690 3651
106 4884
57579 2561
15837 3580
59160 4840
44995 4905
106 3783
22690 3698
106 6324
106 3692
22690 3628
1539 3814
106 6320
106 3690
22690 3599
106 4805
106 6282
22690 5230
106 6391
21386 997
21386 7804
21386 6546
21386 6547
21386 6515
36771 5507
106 3693
22690 3610
106 6221
36771 3833
249 3952
1539 3621
1539 6790
106 6866
22690 5166
106 6844
106 6203
106 6392
22690 6167
106 6462
22690 5014
106 6443
106 6817
22690 5246
106 6577
106 6899
22690 5189
106 6427
106 5105
22690 3628
106 6442
106 7043
22690 5420
106 3714
106 6458
22690 4955
106 6378
106 6824
22690 5065
106 6341
106 6384
106 6450
22690 3632
106 6420
22690 4933
106 6518
22690 5046
106 6668
106 6479
106 6760
22690 5096
106 6384
106 6101
22690 3618
6809 3806
22798 3642
22798 6657
31384 3748
57615 3613
35480 3755
60057 4229
42255 3611
7438 5590
57615 6814
7438 5398
6792 3727
2306 4614
42255 6460
2306 5644
31369 4858
45315 3587
45315 6980
21386 5012
249 4062
249 7219
249 6406
249 6482
249 6723
1539 5147
1539 4705
1539 5046
1539 4845
249 5123
249 3715
1539 3731
1539 4709
249 5132
249 3761
1539 3640
36771 3623
6809 4044
6809 7271
6809 6498
22798 5105
6809 7065
31384 5666
31384 7825
60057 5966
31384 6365
31384 6782
57615 5195
60057 7411
60057 6414
7438 6215
60057 6555
31369 5093
31369 7929
31369 6560
35480 6286
6792 3606
45315 3646
31369 6381
35480 7378
35480 6530
6792 7109
6792 6414
42255 5342
2306 3604
35480 6394
6792 6368
6809 6401
22798 3587
31384 6218
57615 3641
60057 6755
7438 5766
6792 6679
2306 3617
35480 6396
42255 3821
31369 6273
45315 3693
22798 3874
7438 3686
45315 6095
42255 4377
45315 3690
7438 3759
57615 3648
2306 3756
7438 6209
7438 5097
7438 3676
7438 4708
249 5017
6809 3788
6809 3707
6809 3835
22798 4051
60057 4057
60057 6086
60057 3792
7438 3669
7438 3651
31369 3818
31369 6119
31369 3671
45315 3687
45315 4107
31369 3725
45315 3590
60057 3654
31384 3660
57615 4596
35480 3689
6792 4920
60057 3633
2306 3591
35480 3853
35480 4645
42255 3698
60057 4904
60057 6435
7438 6260
60057 6379
60057 6433
60057 6376
60057 6401
60057 6496
60057 6476
60057 6450
7438 6195
60057 6465
60057 6983
7438 5112
60057 6583
60057 6489
7438 5033
60057 7041
7438 5433
60057 7446
7438 5588
60057 6368
60057 7241
7438 5415
60057 7508
7438 4947
60057 6627
7438 5053
60057 6462
60057 6413
7438 6010
60057 6404
60057 6440
7438 5182
60057 6396
60057 6521
7438 6346
60057 6462
60057 6556
7438 6137
60057 6448
60057 6394
7438 6124
60057 6383
60057 6438
7438 6003
60057 6364
60057 6985
7438 5202
60057 6396
60057 6839
7438 5224
60057 7493
60057 6561
7438 6386
60057 6390
60057 7099
7438 4923
60057 6833
60057 6416
7438 6166
60057 6413
7438 4853
60057 6421
60057 6393
7438 6112
60057 6351
60057 7008
7438 5234
60057 6374
60057 6392
7438 6214
60057 6569
60057 6409
7438 4854
60057 6825
60057 6429
7438 6246
60057 6877
60057 6599
7438 5030
60057 6542
60057 8481
7438 6537
7438 4382
7438 6118
7438 3683
7438 3690
7438 4713
7438 5067
7438 3702
7438 3701
7438 6249
7438 3835
7438 3873
7438 6122
7438 3870
7438 3713
7438 6234
7438 3788
7438 3662
7438 3837
7438 4653
7438 5049
7438 3652
7438 3795
7438 3717
7438 6000
7438 3685
7438 3678
7438 4134
7438 4823
7438 4987
7438 3656
7438 4102
7438 4688
7438 5568
7438 3704
7438 3679
7438 6078
7438 3670
7438 3647
7438 3675
7438 4674
7438 5452
7438 4150
7438 3708
7438 3707
7438 6023
7438 3646
7438 3673
7438 3706
7438 4663
7438 5053
7438 3790
7438 3697
7438 3692
7438 6177
7438 3687
7438 3648
7438 3800
7438 4871
7438 5690
7438 3874
7438 3640
7438 4700
7438 5041
7438 4215
15837 1330
7438 3652
22798 6509
44995 3656
44995 3883
22798 3720
22798 6112
22798 3652
22798 3707
7438 6151
60057 6384
60057 6916
7438 4908
60057 3666
60057 6802
60057 6422
7438 6021
59160 4093
59160 3689
60057 6692
7438 3752
7438 4609
42255 5114
42255 3613
42255 6687
42255 4854
60057 6876
60057 6417
7438 6137
60057 6407
7438 5238
60057 6573
7438 4925
60057 6424
60057 6405
7438 6257
60057 6553
60057 6828
7438 5189
60057 6403
60057 6675
7438 6291
60057 6439
60057 6421
7438 5140
60057 6404
60057 6786
7438 5168
60057 6794
7438 5086
60057 3029
60057 4744
7438 5364
60057 6436
60057 3945
7438 3638
60057 6397
60057 4120
7438 3809
60057 7823
60057 421
7438 3819
44995 3759
60057 6552
7438 4283
60057 4117
7438 3604
60057 6410
7438 3640
60057 3884
60057 2062
7438 3624
60057 6368
60057 4580
7438 4787
60057 6411
60057 6864
7438 5261
60057 6376
60057 6738
7438 5114
6809 3718
6809 3635
60057 6364
60057 1503
60057 3604
7438 3629
6809 3713
6809 6384
6809 6426
22798 3621
6809 6544
6809 6439
6809 6799
22798 5188
6809 6380
6809 6496
6809 6387
22798 6061
60057 6727
7438 6290
60057 4814
7438 3634
60057 6608
7438 3575
60057 6421
7438 3596
60057 6369
60057 6394
7438 5263
6809 6392
6809 6960
22798 5186
6809 6390
6809 6481
22798 6273
6809 7042
22798 5128
6809 6543
60057 6362
60057 6563
7438 3626
6809 6546
6809 6539
22798 6271
60057 6535
60057 6897
7438 4906
6809 6954
22798 5191
6809 6435
6809 6421
6809 6773
22798 5197
6809 7019
22798 5067
6809 6528
35480 3651
35480 3620
35480 6758
42255 5067
35480 6484
35480 6424
35480 6393
42255 5974
35480 6982
42255 5120
35480 6814
35480 6519
35480 6804
42255 5593
59160 5536
17544 3923
6809 7018
22798 5114
6809 6415
35480 6397
35480 6851
42255 4942
6809 7068
22798 4992
6809 6382
60057 6509
60057 6927
7438 5160
60057 6440
60057 6523
7438 6318
35480 6420
35480 6759
42255 4943
60057 6398
60057 6427
7438 6650
60057 6451
60057 6402
7438 4847
6809 7063
6809 6526
22798 6108
60057 7101
60057 6777
7438 4976
35480 6441
35480 6584
42255 3783
60057 6495
60057 6396
7438 5387
60057 6395
60057 6528
7438 6070
6809 6455
6809 6696
22798 5722
60057 6398
60057 6375
7438 6046
35480 6522
42255 6346
35480 6552
60057 6555
60057 6397
7438 6082
60057 6376
60057 6765
7438 4944
60057 6523
60057 6760
7438 4949
35480 6586
42255 5120
35480 7029
60057 6416
60057 6549
7438 5072
9777 3960
17544 3595
17544 7152
60057 6382
60057 6910
7438 4940
60057 6563
60057 6809
7438 6370
35480 6371
35480 6404
42255 4770
60057 6397
60057 6527
7438 5060
60057 6513
60057 6878
7438 4956
60057 6382
60057 6673
7438 5117
35480 7359
35480 6412
42255 6024
60057 6404
60057 6585
7438 6284
60057 6546
60057 6884
7438 6562
60057 6522
60057 6394
7438 6213
35480 6546
35480 6421
42255 5255
44995 4984
9777 323
9777 7503
9777 6376
9777 6406
9777 6515
17544 5044
60057 6433
60057 6976
7438 5200
60057 6403
60057 6626
7438 5039
17544 3728
17544 6207
57579 3631
15837 3742
60057 6540
60057 6529
7438 5451
60057 6361
60057 6424
7438 6037
60057 7187
60057 6396
7438 6242
60057 6645
60057 6910
7438 4936
9777 3674
60057 6372
60057 6784
7438 4911
60057 6418
60057 6975
7438 5201
60057 6669
60057 6388
7438 5161
60057 6394
60057 6795
7438 4958
60057 6389
60057 7006
7438 5181
60057 6399
60057 6907
7438 5185
60057 6375
60057 6812
7438 5221
60057 6527
60057 6469
7438 6185
60057 6494
60057 7310
7438 5696
60057 6425
60057 6369
7438 6038
9777 6458
17544 3635
60057 6378
60057 6895
7438 5188
60057 6838
60057 6718
7438 5052
60057 6658
60057 6511
7438 6374
60057 6394
60057 6582
7438 6173
60057 6556
60057 7002
7438 5081
60057 6475
60057 6912
7438 5086
9777 5190
17544 3798
60057 6844
60057 6473
7438 3623
60057 6846
60057 6449
7438 4818
44995 5598
44995 3920
44995 3646
44995 6065
44995 3644
44995 3866
60057 6649
60057 6619
7438 5023
60057 6462
60057 6633
7438 5046
60057 6459
60057 6464
7438 6267
59160 3639
59160 3657
59160 3805
44995 3578
59160 4632
59160 4958
60057 6540
60057 6443
7438 6124
60057 6584
60057 6416
7438 6031
60057 6387
60057 7358
7438 5838
60057 6888
60057 6858
7438 6069
60057 6414
60057 6356
7438 3610
60057 6478
60057 6552
7438 6254
60057 6598
60057 6798
7438 4935
60057 6411
60057 6651
7438 5058
60057 6395
60057 6753
7438 5051
60057 6382
60057 6953
7438 5252
60057 6495
60057 6376
7438 6166
60057 6348
60057 6394
7438 6024
60057 6821
60057 6403
7438 6028
60057 6390
60057 6355
7438 4868
60057 6954
60057 6406
7438 6089
60057 6381
60057 6404
7438 5383
60057 6416
60057 6422
7438 5162
44995 3726
60057 6489
60057 6433
7438 6028
60057 6434
60057 6420
7438 3623
59160 6051
44995 3669
44995 3729
59160 6168
44995 3632
44995 3631
44995 3741
60057 6841
60057 6417
7438 5128
60057 6511
60057 6843
7438 6269
60057 7167
60057 6798
7438 5190
60057 6924
60057 6755
7438 5778
60057 7061
7438 4922
60057 6373
60057 6648
7438 5035
60057 6459
60057 6418
7438 6122
60057 6443
60057 6463
7438 6130
59160 3623
59160 3619
60057 6393
60057 6513
7438 6084
60057 6383
60057 6395
7438 6264
60057 6423
60057 6511
7438 6270
60057 6413
60057 6646
7438 5028
60057 6458
60057 6417
7438 4874
60057 6848
60057 6449
7438 3602
60057 6859
60057 6840
7438 6729
59160 3798
44995 3582
60057 6383
60057 7158
59160 5061
7438 3639
59160 3710
44995 3658
44995 5151
60057 6530
60057 7066
7438 5124
60057 6683
60057 6382
7438 5367
60057 6419
60057 6804
7438 5021
60057 6602
60057 7680
7438 5483
60057 6373
60057 6857
7438 5171
60057 6598
60057 6832
7438 4944
59160 4468
60057 6584
60057 6385
7438 5007
60057 6544
60057 6974
7438 5196
59160 6100
44995 4130
44995 3627
44995 4731
60057 6540
60057 6460
7438 3683
60057 6385
60057 7125
7438 4918
60057 6463
60057 6926
7438 5201
60057 6518
60057 6424
7438 6291
60057 6585
60057 6378
7438 5945
60057 6929
7438 4928
60057 6397
60057 6662
7438 5208
60057 6998
60057 6415
7438 5451
60057 6412
60057 6502
7438 5054
59160 5030
60057 6403
60057 6398
7438 3612
44995 4667
44995 5128
59160 3583
59160 3657
60057 6369
60057 6436
7438 6052
60057 6461
60057 6456
7438 6140
60057 6656
60057 6634
7438 4063
60057 6543
60057 6425
7438 6312
60057 6472
60057 6420
7438 5388
60057 6439
60057 6933
7438 5359
60057 6903
60057 6852
7438 5206
60057 6416
60057 7569
7438 5700
60057 6355
60057 6394
7438 6312
60057 7061
60057 6421
7438 6040
60057 6507
60057 6921
7438 5100
60057 6357
60057 7103
7438 5122
60057 6390
60057 7030
7438 5407
60057 6436
60057 6886
7438 5177
60057 6394
60057 7062
7438 5462
60057 6596
60057 6573
7438 5103
59160 4946
59160 3659
44995 4190
60057 6412
60057 6391
7438 4814
59160 6090
60057 6450
60057 6892
7438 5077
44995 5978
44995 3692
60057 6546
60057 7280
7438 4970
60057 6417
60057 6638
7438 4951
60057 6419
60057 6655
7438 5039
60057 6390
60057 6792
7438 6465
60057 6353
60057 6771
7438 4880
60057 6435
60057 6704
7438 5026
60057 6575
60057 6418
7438 6096
60057 6701
60057 8026
7438 5535
60057 6390
60057 6413
7438 4853
60057 6846
60057 6387
7438 4889
59160 6270
60057 6407
60057 6583
7438 6215
59160 6124
44995 3606
44995 3679
44995 3823
44995 3636
44995 6215
60057 6351
60057 6504
7438 6184
59160 4054
59160 4676
60057 6419
60057 6381
7438 3654
59160 2700
44995 5068
59160 1712
59160 3649
44995 4168
44995 4641
44995 5101
60057 6387
60057 6570
7438 6326
54085 3778
60057 6487
60057 6444
7438 3591
59160 6183
44995 3623
44995 3886
59160 6060
44995 3800
44995 3762
60057 6488
60057 6557
7438 4134
59160 3624
59160 3675
60057 6413
60057 6487
7438 6317
60057 6384
60057 6930
7438 5208
60057 6377
60057 7203
7438 5396
60057 6508
60057 7034
7438 5368
59160 4754
59160 5089
44995 3582
59160 3762
60057 6875
60057 6381
7438 4872
59160 3741
44995 3644
44995 4590
44995 5071
44995 3675
44995 3742
60057 6489
60057 6866
7438 5227
59160 3606
59160 3631
60057 6400
60057 6468
7438 6149
60057 6390
60057 6786
7438 5190
60057 6581
60057 6403
7438 6024
60057 6396
60057 6419
7438 6276
60057 6379
60057 6395
7438 5397
60057 7352
60057 6870
7438 4907
60057 6397
60057 6401
7438 6449
60057 6407
60057 6693
7438 5049
59160 3699
44995 4606
44995 5014
44995 3700
60057 6421
60057 6951
7438 5188
59160 3622
59160 3629
60057 6460
60057 7200
7438 5407
59160 5308
44995 4152
59160 3667
44995 4668
44995 5494
60057 6498
60057 6521
7438 6309
60057 6788
60057 6396
7438 6230
60057 6964
60057 6943
7438 4938
60057 6436
60057 6398
7438 4879
60057 6712
60057 6433
7438 5333
60057 6413
60057 6619
7438 5230
60057 6414
60057 7175
7438 5017
60057 6432
60057 6394
7438 3594
60057 6367
60057 6805
7438 5161
59160 3623
59160 4615
60057 6492
60057 6581
7438 6272
60057 6524
60057 6578
7438 6198
59160 3670
59160 3698
44995 4347
60057 6797
60057 6806
7438 5791
60057 6371
60057 7010
7438 5223
60057 6513
60057 6684
7438 5056
60057 6489
60057 6916
7438 5051
60057 6408
60057 6771
7438 5579
60057 6417
60057 6524
59160 3751
7438 3763
44995 3648
44995 6112
60057 6381
60057 6896
7438 4921
60057 6724
60057 6797
7438 5076
60057 6345
60057 6931
7438 5281
60057 6534
60057 6906
7438 6616
60057 6465
60057 6790
7438 6450
60057 6385
60057 6706
7438 5028
60057 6383
60057 6470
7438 5068
60057 6566
60057 6803
7438 5184
60057 6389
60057 6980
7438 4951
60057 6402
60057 6390
7438 5257
60057 6419
60057 6610
7438 5145
59160 3888
60057 6398
60057 6421
7438 5391
60057 6406
60057 6753
7438 5340
60057 6399
60057 6980
7438 5256
60057 7219
60057 6555
7438 4801
60057 6382
60057 6518
7438 5340
59160 5144
44995 3589
44995 3665
44995 6079
60057 6369
7438 4045
7438 6218
7438 4766
22798 5161
22798 3777
22798 4671
59160 5042
44995 3648
44995 3822
59160 3726
59160 4612
59160 5164
44995 3618
59160 3689
59160 3683
44995 4763
44995 5051
59160 3733
44995 4096
44995 5095
44995 5687
59160 4084
59160 3631
15941 3826
59160 6166
44995 3930
44995 3661
44995 3703
59160 6054
44995 3660
44995 3818
59160 3754
60057 4613
60057 6514
60057 6907
7438 5191
6809 3581
6809 6381
6809 6378
60057 6408
60057 6762
22798 5187
7438 4023
6809 6180
6809 6779
22798 5192
6809 6401
60057 6416
60057 6578
7438 5176
60057 6439
60057 3884
7438 4246
6809 6401
22798 3603
6809 6891
59160 5153
59160 3685
44995 3591
59160 6123
44995 3650
44995 4754
6809 6432
6809 6811
22798 5163
6809 6411
22798 5058
6809 6565
6809 6445
6809 6625
22798 5041
6809 6477
6809 6407
22798 6247
59160 3866
59160 3623
6809 6388
6809 6527
22798 5326
6809 7241
22798 4961
6809 6390
6809 6397
6809 6466
22798 5156
2266 100
18707 3603
6809 6461
6809 6375
22798 6121
63711 3672
63711 3674
23824 3622
26846 785
41233 4595
59160 3637
59160 4918
44995 3621
6809 6417
22798 3579
6809 6547
6809 6360
6809 6387
22798 4878
6809 6525
6809 6960
22798 5085
6809 6438
22798 5372
6809 6392
6809 6418
6809 6882
22798 5169
59160 3805
6809 6832
22798 5359
6809 6405
44995 3694
44995 4730
6809 6394
6809 7121
22798 5153
6809 6506
6809 6942
22798 4924
6809 6872
6809 7029
22798 5119
6809 6362
6809 6424
22798 6095
6809 6369
6809 6412
22798 5059
59160 3617
59160 5027
6809 7083
6809 6438
22798 6199
6809 6514
22798 3613
6809 6492
59160 4760
44995 5137
44995 3689
44995 3720
6809 6955
22798 6779
6809 6883
22690 4942
6809 6394
6809 6689
22798 3616
6809 6389
22798 6253
6809 6563
6809 6413
22798 5099
6809 6355
6809 6462
22798 6024
6809 6461
6809 6373
6809 6443
22798 6189
6809 6544
6809 6398
22798 6005
6809 6390
22798 4902
6809 6439
59160 3694
44995 3648
44995 4785
6809 6466
6809 6571
22798 6264
59160 3679
6809 6884
22798 3621
6809 6381
59160 4169
44995 3690
44995 4638
6809 6512
22798 6197
6809 6397
44995 5208
106 4903
6809 6480
22798 6058
6809 6395
6809 6400
22798 6241
6809 3817
22798 3776
6809 6774
6809 512
22798 6599
59160 3624
59160 3643
44995 3711
59160 6078
44995 3644
44995 3718
22798 3607
59160 6227
44995 3713
44995 5166
59160 5000
106 5695
106 5274
22690 3746
59160 3624
106 3666
59160 3830
44995 3761
59160 4797
44995 4989
44995 3712
59160 6138
44995 5136
44995 3634
44995 3746
59160 6045
44995 3937
44995 4153
59160 3797
59160 4065
59160 3693
44995 4638
59160 5127
22690 3743
59160 6120
44995 4101
59160 3610
59160 4124
59160 3777
44995 4659
22798 5212
22798 4093
7438 4719
7438 5413
7438 3667
7438 3677
7438 5179
7438 3670
7438 3706
7438 3871
7438 6017
7438 3711
7438 3701
7438 3699
7438 6041
7438 3729
7438 4110
7438 6059
7438 3676
7438 3697
7438 3661
7438 4735
7438 5056
7438 3836
7438 3771
7438 6148
7438 4287
7438 3709
7438 6716
7438 3707
7438 3694
7438 3732
7438 4661
7438 5095
7438 3723
7438 3683
7438 6050
7438 3682
7438 3795
7438 3679
7438 4840
7438 5101
7438 3691
7438 3636
7438 4685
7438 4990
7438 3681
7438 4121
7438 4751
7438 5102
7438 3840
7438 3693
7438 4754
7438 5040
7438 3777
7438 3698
7438 3730
7438 4871
7438 5427
7438 3696
7438 3661
7438 4688
7438 5038
7438 3690
7438 3694
7438 3893
7438 6066
7438 3735
7438 3712
7438 6172
7438 3812
7438 3742
7438 4734
7438 5164
7438 4145
7438 3700
7438 6196
7438 3653
7438 3688
7438 3701
7438 4763
22690 5407
22690 3654
22690 4134
22690 4798
22690 5025
22690 3740
106 315
106 3603
106 3635
106 3736
106 4645
6809 6483
6809 6861
22798 6638
60057 3633
6809 6659
6809 6397
22798 6052
60057 3750
106 3625
60057 6415
7438 6114
60057 6365
6809 6653
7438 5513
22798 4839
6809 6442
22798 3713
60057 6857
7438 6715
60057 6399
6809 6373
6809 6806
7438 5162
22798 3753
6809 6409
6809 7027
22798 5337
60057 7300
7438 5593
60057 6731
7438 5560
6809 6514
6809 6979
22798 5192
106 3637
22690 3598
6809 6393
6809 6421
22798 5115
60057 6415
7438 4828
60057 4155
60057 769
7438 3646
6809 6377
6809 6365
22798 6167
106 4056
6809 6530
6809 6924
22798 5200
60057 6420
60057 40
7438 5141
41233 3737
41233 3651
23824 2032
18707 3662
18707 3759
18563 3604
6809 6388
6809 6999
22798 5317
51867 3627
36771 6262
6809 6501
6809 6431
22798 6225
60057 6391
60057 6619
7438 5031
6809 6416
6809 6851
22798 5207
60057 6855
60057 1204
7438 3599
6809 6780
6809 6382
22798 3640
6809 6358
6809 6393
22798 4881
60057 6525
7438 3616
60057 788
7438 3628
6809 6412
6809 6778
22798 4984
60057 6428
60057 1155
7438 3615
6809 6580
6809 6672
22798 6337
6809 6500
6809 7867
22798 5902
60057 6388
60057 6368
7438 5359
6809 6376
6809 6435
22798 3624
60057 6467
60057 6859
7438 5196
6809 6570
6809 6417
22798 5253
6809 6598
6809 6861
22798 5419
60057 9476
60057 6425
7438 5429
6809 6368
6809 6447
22798 5011
60057 6428
60057 6675
7438 5050
6809 6424
6809 6963
22798 5162
60057 6386
60057 7451
7438 5569
60057 6621
60057 7043
7438 4967
60057 6393
60057 6543
7438 5155
44995 3775
44995 3741
60057 6388
60057 6405
7438 3923
22690 3778
60057 6589
60057 6722
7438 5091
60057 6701
60057 8301
7438 6428
60057 6644
60057 6544
7438 5082
21001 4237
16367 3646
18563 3757
51867 3844
60057 6550
60057 6799
7438 5220
60057 6463
60057 6371
7438 5041
60057 6473
60057 6423
7438 5316
60057 6757
60057 6756
7438 5037
60057 6366
60057 7291
7438 5414
21386 5904
21386 4330
21386 4615
36771 5395
60057 6373
60057 7309
7438 5707
60057 6943
60057 7674
7438 6703
60057 6492
60057 6397
7438 5179
60057 6378
60057 6942
7438 5065
60057 7122
59160 5607
60057 6497
59160 3676
7438 3611
59160 4785
44995 4961
34723 3916
60057 6402
60057 6504
7438 5045
106 6591
106 3698
22690 4731
60057 6698
60057 6653
7438 5074
60057 6425
60057 6871
7438 5225
60057 6393
60057 7069
7438 5412
106 8808
22690 5359
106 8163
106 3685
22690 3807
60057 6531
60057 6446
7438 6058
60057 6869
60057 6808
7438 5069
60057 6437
60057 6628
106 3669
7438 3769
60057 6486
60057 6964
7438 5089
60057 6395
60057 7214
7438 5797
60057 6392
60057 6976
7438 5032
60057 6587
60057 6539
7438 5626
60057 6414
7438 5251
6809 6510
6809 7002
22798 5146
6809 6456
6809 7786
22798 7389
60057 6548
60057 6805
7438 5061
6809 6797
6809 6408
22798 6255
60057 6375
60057 6571
6809 6938
7438 5079
6809 6768
22798 5801
6809 6443
60057 6378
60057 6840
7438 5331
41480 3831
34723 3775
34723 7464
60057 6756
60057 7032
7438 4943
60057 6478
60057 6351
7438 5159
60057 6358
60057 6596
7438 5116
106 3712
22690 3774
106 7217
60057 6606
60057 6455
7438 5025
60057 6423
60057 7128
7438 4899
60057 6558
60057 6415
7438 4888
60057 6561
60057 6564
7438 5210
60057 6478
60057 6638
7438 5051
60057 6384
60057 6672
7438 6517
60057 6396
60057 7731
7438 6326
60057 6958
60057 6478
7438 4049
60057 6389
60057 6637
7438 5059
60057 6418
60057 6910
7438 5154
60057 6483
60057 8139
7438 6530
41480 3782
60057 6580
60057 7016
7438 5135
41480 3648
60057 6605
60057 6627
7438 5044
41480 9307
41480 6372
41480 6803
34723 5057
41480 459
34723 3614
60057 6452
60057 6806
7438 6599
60057 6486
60057 6828
7438 4921
60057 6533
60057 6609
7438 6251
60057 6359
60057 6492
7438 6073
60057 6612
60057 6830
7438 5204
34723 5208
34723 6617
22798 3764
60057 6502
60057 6982
7438 5306
60057 6374
60057 7285
7438 5396
60057 6496
60057 6944
7438 5230
60057 6568
60057 6501
7438 5397
60057 6406
60057 6733
7438 6590
60057 6457
60057 6861
22690 3772
60057 6479
60057 6419
7438 6011
41480 3639
34723 3789
60057 6521
60057 6763
7438 6543
60057 6534
60057 7563
7438 5876
60057 7643
60057 6607
7438 4908
60057 6585
60057 6662
7438 5036
60057 6485
60057 6640
7438 5035
60057 6425
60057 6610
7438 4872
60057 6555
60057 6602
7438 6193
60057 6669
60057 6951
7438 5171
41480 3711
60057 6388
60057 6412
7438 4965
60057 6459
60057 6750
7438 4439
60057 6368
60057 6481
7438 5002
60057 6493
60057 6533
7438 4994
41480 6214
34723 4091
60057 6978
60057 6408
7438 4795
60057 6404
60057 6881
7438 4946
60057 6381
60057 6887
7438 5190
60057 6668
60057 6910
7438 5202
60057 6402
60057 6741
7438 5051
60057 6868
60057 6714
7438 5059
60057 6406
60057 6379
7438 5296
60057 6447
60057 6629
7438 5399
60057 6855
60057 7291
7438 5621
60057 6367
60057 6910
7438 5204
60057 6588
60057 7925
7438 6064
60057 6419
60057 6633
7438 5035
60057 6379
60057 6716
7438 4933
60057 6484
60057 6905
7438 5100
60057 6390
60057 6846
7438 5353
60057 6376
60057 6466
7438 6094
41480 6334
34723 4226
60057 6910
60057 6424
7438 4865
60057 6393
60057 7015
7438 5134
60057 6372
60057 6442
7438 6028
60057 6855
60057 6757
7438 5048
60057 6435
60057 7236
7438 5783
60057 6358
60057 6861
7438 4947
60057 6379
60057 6826
7438 5011
60057 6395
60057 6374
7438 5307
60057 6403
60057 6654
7438 5059
60057 6368
60057 6397
7438 6054
60057 6866
60057 6579
7438 6439
60057 6551
60057 6393
7438 5033
60057 6978
60057 6720
7438 5039
60057 6384
60057 6416
7438 5378
60057 6409
60057 6608
7438 3651
60057 7114
60057 6840
7438 4888
60057 6516
60057 6413
7438 3759
60057 6403
60057 6960
7438 5200
60057 6543
60057 6519
7438 5028
60057 6394
60057 6897
7438 5191
60057 6466
60057 6554
7438 5106
60057 6400
60057 7255
7438 5246
60057 6393
60057 6507
7438 5365
60057 6356
60057 6613
7438 5138
60057 6431
60057 6928
7438 4900
60057 6470
60057 6571
7438 6303
60057 7086
60057 6417
7438 6043
60057 6378
60057 6966
7438 5092
60057 6527
60057 6802
7438 5154
60057 6896
60057 6766
7438 5080
60057 6875
60057 6935
7438 5087
60057 6559
60057 6711
7438 6552
60057 7075
60057 6417
7438 4855
60057 6387
60057 6406
7438 5068
60057 6370
60057 6804
7438 5218
60057 6378
60057 6805
7438 5081
60057 6505
60057 7716
7438 5929
60057 6381
60057 6405
7438 4849
60057 6672
60057 6389
7438 4864
60057 6497
60057 7390
7438 5237
60057 6422
60057 6403
7438 6172
60057 6493
60057 6684
7438 5048
60057 6615
60057 6845
7438 5830
60057 6451
60057 6775
7438 5757
60057 6410
60057 6870
7438 5028
60057 6468
60057 6555
7438 6267
60057 6428
60057 6736
7438 5098
60057 7253
60057 6444
7438 6015
60057 6482
60057 6397
7438 5308
60057 6859
60057 6875
7438 4926
60057 6386
60057 6567
7438 4291
60057 6830
60057 7014
7438 5063
60057 6526
60057 6375
7438 4872
60057 6394
60057 6870
7438 6435
60057 6497
60057 6378
7438 4883
60057 6364
60057 6874
7438 4978
60057 6630
60057 7077
7438 5005
60057 7590
60057 6793
7438 5200
26846 5501
41233 3597
63711 5076
23824 3694
60057 6368
2266 3612
18707 3880
60057 6685
7438 5007
60057 6599
60057 6443
7438 6164
60057 6406
60057 6399
7438 6247
60057 6396
60057 6467
7438 5037
60057 6601
60057 6493
7438 3894
60057 6458
60057 6385
7438 5149
60057 6364
60057 6472
7438 6095
60057 6852
60057 7079
7438 5321
60057 6391
60057 6423
7438 6167
60057 7263
60057 6370
7438 3815
60057 6396
60057 7081
7438 6374
60057 6410
60057 6897
7438 5069
60057 6472
60057 6725
7438 5752
60057 6341
60057 6452
7438 6127
60057 6372
60057 6662
7438 5072
60057 6431
60057 7025
7438 5095
60057 6380
60057 6403
7438 5445
60057 7575
60057 6368
7438 6075
60057 6404
60057 6576
7438 4796
60057 6527
60057 7129
7438 5491
60057 6398
60057 6388
7438 4855
60057 6363
7438 5130
60057 6570
60057 6732
7438 5249
60057 6836
60057 7138
7438 4989
60057 6366
60057 6870
7438 5192
60057 6555
60057 7037
7438 5340
60057 6383
60057 6991
7438 5224
60057 6559
60057 6367
7438 4873
60057 6495
60057 6637
7438 5159
60057 6610
60057 6850
7438 5216
60057 6933
60057 7125
7438 5527
60057 6463
60057 6715
7438 5686
60057 6885
60057 6866
7438 5135
60057 6392
60057 6638
7438 4945
60057 6415
60057 6653
7438 5036
60057 6358
60057 6399
7438 5154
60057 6388
60057 6437
7438 6175
60057 6833
60057 6585
7438 6250
60057 6498
60057 6889
7438 5369
60057 6362
60057 9219
7438 7625
60057 6424
60057 6684
7438 4993
60057 7165
60057 6724
7438 4908
60057 6566
60057 6414
7438 6205
60057 6363
60057 6587
7438 6129
60057 6367
60057 6626
7438 4942
60057 6416
60057 6372
7438 6194
60057 6425
60057 6861
7438 4961
60057 6377
60057 6834
7438 5164
60057 6402
60057 6475
7438 3591
60057 6375
60057 6383
7438 4858
60057 6836
60057 6370
7438 4814
60057 6373
60057 6496
7438 6196
60057 6853
60057 6490
7438 6322
60057 6558
60057 6892
7438 5159
60057 6429
60057 6995
7438 4916
60057 7137
60057 6386
7438 5335
60057 6387
60057 6391
7438 3580
60057 6868
60057 6531
7438 5299
60057 6739
60057 6645
7438 4946
60057 6400
60057 6819
7438 5200
60057 6586
60057 6564
7438 6203
60057 6472
60057 6410
7438 5269
60057 6421
60057 7000
7438 6643
60057 6399
60057 6706
7438 6411
60057 6395
60057 6365
7438 4815
60057 6410
60057 6522
7438 6367
60057 6877
60057 7128
7438 5370
60057 6580
60057 6852
7438 4914
60057 6471
60057 7051
7438 5168
60057 6375
60057 6795
7438 5206
60057 6391
60057 6968
7438 5070
60057 6510
60057 6678
7438 6546
60057 6549
60057 6793
7438 5069
60057 7630
60057 6394
7438 4969
60057 6374
60057 7418
7438 5736
60057 6410
60057 6983
7438 5236
60057 6922
60057 6788
7438 5065
60057 6860
60057 7266
7438 6960
60057 6529
60057 6399
7438 4871
60057 6367
60057 6898
7438 5311
60057 6451
60057 6653
7438 6374
60057 6535
60057 6860
7438 5197
60057 6420
60057 7720
7438 5843
60057 6997
60057 7016
7438 5012
60057 7746
60057 6901
7438 4323
60057 6391
60057 7028
7438 5188
60057 6577
60057 6473
7438 6190
60057 6385
60057 6779
7438 5737
60057 6435
60057 6823
7438 5188
60057 6439
60057 7074
7438 5149
60057 6381
60057 6770
7438 5206
60057 6648
60057 6514
7438 5037
60057 6676
60057 7045
7438 5082
60057 6397
60057 6588
7438 6379
60057 6562
60057 6644
7438 5192
60057 8400
60057 6374
7438 4871
60057 6486
60057 7089
7438 5139
60057 6480
60057 6790
7438 5017
60057 6576
60057 6393
7438 5214
60057 6457
60057 6761
7438 5154
60057 6409
60057 6584
7438 5298
60057 6397
60057 6467
7438 6048
60057 6370
60057 6869
7438 6281
60057 6400
60057 6670
7438 5091
60057 6510
7438 6031
22690 6173
22690 3723
106 3653
106 7161
22690 4000
106 6227
106 3702
22690 3611
106 3784
22690 3692
37754 4627
65487 4013
59145 5034
10109 3620
13311 3858
63091 3688
39289 3784
7438 6189
22690 3709
7438 3921
106 3639
60057 3769
60057 6434
60057 6470
7438 5430
60057 6424
60057 6447
7438 6195
60057 6487
60057 6457
7438 4258
60057 6914
60057 7058
7438 5165
60057 6409
60057 7749
7438 5151
60057 6454
60057 6918
7438 5112
60057 6371
60057 6969
7438 5235
60057 6429
60057 6706
7438 5044
60057 6417
7438 3868
60057 6954
60057 6830
7438 5215
60057 6547
60057 7266
7438 5545
60057 6380
60057 6814
7438 5175
60057 6407
60057 6839
7438 5718
60057 6408
60057 6982
7438 5204
60057 6391
60057 6883
7438 5256
60057 7577
60057 6988
7438 4948
60057 6430
60057 6945
7438 5076
60057 6560
60057 6980
7438 5134
60057 6419
60057 6412
7438 5338
60057 6395
60057 6429
7438 5583
60057 6431
60057 6664
7438 4967
60057 6997
60057 6828
7438 5037
60057 6414
60057 6870
7438 5193
60057 7222
60057 6371
7438 4402
60057 6394
60057 7066
7438 4989
60057 6558
60057 6414
7438 5337
60057 6363
60057 6417
7438 6044
60057 6378
60057 6598
7438 5219
60057 6567
60057 6981
7438 5047
60057 6401
60057 6390
7438 6251
60057 6518
60057 7298
7438 5718
60057 6735
60057 6826
7438 5194
60057 6511
60057 6389
7438 6084
60057 6476
60057 6698
7438 5095
60057 3710
106 6585
106 6297
22690 5425
7438 3740
52956 4125
52956 3824
52956 5493
62898 3778
62898 5156
52956 3813
22690 6524
1539 6644
1539 6429
34723 6323
34723 6659
22798 3690
42255 4857
1539 5191
1539 6120
1539 4026
1539 6429
1539 4767
1539 5235
1539 6085
1539 3986
1539 6130
1539 4838
22690 5199
22690 4203
249 992
249 3545
1539 3610
41480 1151
249 3729
249 6036
1539 4284
106 4495
249 3907
249 3641
1539 3676
249 3621
249 4660
249 1622
249 3768
249 3625
1539 4184
249 6175
249 3654
1539 3695
41480 6184
106 3612
106 3599
106 3702
249 7060
106 2457
22690 3693
42255 3793
42255 4728
6809 6365
6809 7706
22798 6430
6809 6382
6809 5207
6809 3873
22798 3714
35480 803
42255 3638
22690 5049
34723 3589
22690 4864
1539 5139
106 6427
106 6305
106 6853
22690 5066
249 4761
249 5581
1539 4578
106 4902
22690 3776
106 4978
106 3638
22690 3650
35480 3597
35480 6550
35480 6383
35480 6408
35480 6433
42255 6118
35480 6540
35480 6953
42255 5193
35480 6371
35480 6936
42255 5101
35480 6413
35480 7439
42255 5662
35480 6465
35480 6407
42255 5362
22690 3737
22690 3711
35480 6750
35480 6385
42255 6010
106 6174
106 4174
22690 3611
35480 6364
35480 7080
42255 4931
35480 6466
35480 6860
42255 5338
35480 6546
35480 6827
42255 5185
35480 7164
35480 6522
42255 6344
35480 6428
35480 6776
42255 4968
35480 6325
106 4008
106 4687
42255 4929
22690 4227
106 6239
106 3683
22690 3610
44995 3655
44995 6013
44995 3719
44995 3706
59160 3588
59160 3652
59160 4595
59160 4988
44995 4067
59160 3985
59160 6092
44995 4091
3905 3946
18750 3679
3905 4092
3905 7001
18750 774
18750 9063
18750 6377
18750 6472
18750 7028
3905 5229
23193 3641
3905 6053
3905 6415
18750 7026
3905 5302
15897 4499
18750 3745
18750 6304
3905 3721
1539 6142
1539 6361
1539 6351
1539 6385
1539 6541
1539 6768
249 4935
249 3686
1539 6396
249 1567
1539 6578
249 5335
1539 6402
249 3935
249 4880
249 5040
249 3603
249 3793
1539 3609
249 3597
249 3638
249 3624
249 4718
249 5115
1539 3604
18293 3598
48298 4028
22798 4145
22798 6249
22798 3726
22798 6221
22798 3706
6809 1647
6809 6406
22798 5149
6809 6949
22798 4926
6809 6539
6809 6563
22798 5090
6809 6383
22798 5340
6809 6453
22798 3670
6809 6385
6809 6552
22798 6147
6809 6380
22798 5370
6809 6939
22798 5093
6809 6676
6809 6432
22798 3592
6809 6401
6809 6549
22798 6387
6809 6464
6809 7265
22798 5437
6809 6542
6809 6424
22798 6179
6809 6893
6809 6802
22798 5055
6809 6364
6809 6656
22798 5039
6809 6383
6809 6951
22798 5209
22798 4404
6809 6497
6809 6386
22798 6184
6809 6463
22798 5985
6809 6967
22798 4914
6809 6524
6809 6937
22798 4906
6809 6354
6809 6458
22798 5426
6809 6472
6809 6537
22798 4834
6809 6607
6809 7434
22798 5712
6809 6394
6809 6917
22798 5183
6809 6380
6809 6937
22798 5111
6809 6382
6809 6525
22798 3602
6809 6572
6809 6392
22798 4783
6809 6469
22798 4157
6809 6815
22798 4920
6809 6411
22798 4611
6809 6680
22798 5451
6809 6528
6809 6817
22798 4905
6809 6386
6809 6653
22798 5039
6809 6559
6809 6997
22798 4920
6809 6416
6809 7365
22798 5737
6809 6408
6809 6547
22798 6105
6809 6926
22798 5760
6809 6958
22798 5090
6809 3675
6809 7411
22798 5524
6809 6382
22798 3676
6809 6413
22798 5169
6809 6907
22798 4957
6809 6934
22798 4916
6809 6847
22798 4958
6809 6430
6809 6780
22798 5091
6809 6411
22798 4567
6809 6403
22798 5310
6809 6589
6809 6473
22798 3692
6809 7463
22798 5581
6809 6947
22798 4945
6809 6856
6809 6941
22798 5093
6809 6663
6809 6938
22798 4967
6809 6612
6809 7067
22798 4878
6809 6796
22798 5749
6809 6444
6809 6909
22798 5165
6809 6488
6809 6932
22798 4928
6809 6449
6809 7022
22798 5093
6809 6344
6809 6420
6809 6791
22798 5217
6809 6382
6809 6454
22798 3589
6809 6566
22798 5279
6809 7136
6809 6402
22798 3609
6809 6390
6809 6458
6809 6415
22798 5248
6809 6351
6809 6603
22798 4796
6809 6511
22798 5298
6809 6448
6809 6384
6809 7208
22798 5385
6809 6886
6809 6984
22798 5057
6809 6538
6809 6381
22798 4528
6809 6548
6809 7405
22798 5460
19866 4205
6809 6872
6809 6664
22798 5058
6809 6829
22798 5730
6809 6857
6809 6433
6809 6961
22798 5069
6809 6557
6809 7012
22798 5086
6809 6384
6809 6958
22798 4982
6809 6397
6809 6502
22798 5255
6809 6503
6809 7055
22798 5346
6809 6554
6809 6573
22798 4817
6809 6453
6809 6432
22798 3611
6809 6416
6809 6488
22798 6062
6809 6462
6809 6841
22798 4968
6809 6360
6809 6985
22798 5195
6809 6474
6809 8123
22798 6061
6809 6387
6809 6400
22798 4863
6809 3622
6809 6742
6809 6812
22798 5071
6809 6411
6809 6979
22798 5206
6809 6481
22798 3644
6809 6519
6809 6397
22798 3633
6809 6469
6809 7113
6809 6990
22798 5212
6809 6363
6809 6947
22798 5183
6809 6552
6809 6593
22798 5527
6809 6638
6809 6519
22798 3750
6809 7031
22798 5113
6809 7015
6809 6390
6809 6880
22798 4960
6809 6360
6809 6412
22798 5256
6809 6398
6809 6533
22798 5434
6809 6740
22798 5045
6809 6513
22798 5244
6809 6472
6809 6384
6809 7063
22798 4896
6809 6697
22798 5632
6809 6554
6809 6898
22798 4968
6809 6406
6809 6604
6809 6945
22798 5197
6809 6575
22798 4801
6809 6571
6809 6449
6809 7409
22798 5401
6809 6949
22798 5736
6809 6383
6809 6435
22798 5029
6809 6614
6809 6654
6809 6377
22798 5367
6809 6370
6809 7045
22798 5143
6809 7335
6809 6845
22798 5177
6809 6390
6809 6393
22798 4312
6809 6457
22798 5120
6809 6669
6809 6406
6809 6378
22798 5937
6809 6679
6809 6414
22798 4869
6809 6512
6809 6965
22798 5071
6809 7675
22798 6043
6809 6388
6809 6862
6809 6951
22798 5121
6809 6427
22798 3715
6809 6372
6809 6373
6809 6563
22798 5074
6809 6404
6809 6524
22798 5053
6809 6443
22798 6190
6809 6352
6809 6440
6809 6978
22798 4975
6809 6368
6809 6790
22798 4931
6809 6848
22798 4929
6809 6847
6809 6413
22798 6054
6809 6642
6809 6573
6809 7247
22798 5505
6809 7349
6809 6816
22798 5209
6809 6563
6809 6676
22798 4979
6809 6566
22798 3751
6809 6476
6809 6619
22798 6316
6809 6364
6809 6380
6809 6685
22798 5261
6809 6394
6809 6752
22798 5067
6809 6405
22798 3662
6809 6861
6809 6935
6809 7282
22798 6949
6809 6391
6809 7650
22798 5932
6809 6481
6809 6461
22798 6115
6809 6402
6809 6727
22798 5052
6809 7453
6809 6438
22798 6054
6809 6379
6809 6835
22798 5047
6809 6385
6809 6976
22798 5199
6809 6561
22798 5299
6809 6410
6809 6585
6809 6432
22798 6284
6809 7050
22798 5063
6809 6560
6809 6373
22798 6077
6809 6612
6809 6439
22798 6133
6809 6411
6809 6562
6809 6396
22798 3607
6809 6433
6809 6438
22798 5028
6809 6394
6809 6913
22798 5112
6809 8094
22798 6156
6809 6408
6809 6463
6809 6506
22798 5051
6809 6410
6809 6603
22798 4955
6809 6539
6809 7060
22798 5141
6809 6909
6809 6623
22798 5028
6809 6416
22798 3583
6809 6523
6809 6697
22798 5063
6809 6764
6809 6969
22798 5100
6809 6388
6809 6379
6809 7008
22798 5257
6809 6405
6809 6894
22798 5166
6809 6494
22798 3666
6809 7257
6809 6700
22798 4909
6809 6417
6809 6835
6809 6454
22798 5254
6809 6496
6809 6501
22798 6272
6809 6443
6809 6409
22798 6128
6809 6500
6809 6711
22798 5063
6809 7070
22798 4937
6809 6537
6809 6507
6809 7116
22798 5081
6809 6603
22798 5700
6809 6412
6809 6405
22798 5029
6809 6364
6809 6416
6809 6423
22798 6208
6809 6537
6809 7435
22798 5693
6809 6391
6809 6659
22798 4968
6809 6427
6809 6531
22798 5051
6809 6484
6809 6736
22798 5075
6809 6538
6809 6461
22798 6274
6809 6423
6809 6449
22798 5479
6809 6604
6809 6775
22798 5072
6809 6541
6809 6672
22798 5049
6809 7027
22798 4939
6809 6524
6809 6573
6809 6555
22798 5005
6809 6505
6809 6806
22798 5125
6809 7834
22798 5726
6809 6370
6809 6418
6809 6408
22798 6223
6809 6405
22798 5133
6809 6356
6809 6434
6809 6599
22798 6345
6809 6791
22798 5277
6809 6902
6809 6378
6809 6993
22798 5097
6809 6387
22798 6194
6809 6402
6809 6396
6809 6831
22798 5177
6809 6553
22798 6346
6809 6518
6809 6406
6809 7024
22798 5348
6809 6405
22798 5133
6809 6961
6809 6344
6809 6524
22798 5039
6809 6406
6809 6889
22798 5179
6809 6411
6809 6552
22798 6166
6809 7413
22798 5607
6809 6994
6809 6516
6809 6905
22798 5590
6809 6401
6809 7015
22798 5057
6809 7005
22798 5187
6809 6613
6809 6376
6809 6832
22798 5235
6809 6393
6809 6883
22798 5069
6809 6299
22798 5072
14437 3784
34363 4314
40537 4628
3478 3716
22798 6296
22798 3803
22798 3855
22798 6092
22798 4183
6809 6381
6809 6476
22798 5180
6809 6402
6809 6690
22798 5072
6809 6405
22798 5423
6809 6395
22798 5030
6809 6495
6809 6385
22798 5459
6809 6397
22798 6202
6809 6408
6809 6384
6809 6378
22798 6006
6809 6705
22798 5038
6809 6486
6809 6427
6809 6996
22798 4920
6809 7388
22798 5674
6809 6720
6809 6428
22798 6281
6809 7429
22798 5107
6809 6727
22798 5056
6809 6408
6809 6872
6809 6428
22798 5438
6809 7028
22798 5091
6809 6396
6809 6375
6809 6439
22798 6055
6809 6930
22798 5093
6809 6369
6809 6413
6809 7496
22798 5162
6809 6391
22798 5305
6809 6380
6809 6386
6809 7275
22798 5191
6809 6420
22798 6099
6809 7179
22798 4851
6809 6395
22798 6063
6809 6384
22798 4964
6809 7051
22798 5277
6809 6436
22798 5122
6809 6417
6809 6851
22798 5210
6809 6424
22798 5319
6809 6413
6809 6382
6809 6419
22798 6211
6809 6831
22798 4889
6809 6676
6809 6381
6809 6622
22798 5017
6809 6539
22798 4064
6809 6440
6809 6737
22798 4936
6809 6424
22798 4083
6809 6468
22798 5227
6809 6484
6809 6486
6809 6668
22798 5031
6809 6384
22798 6042
6809 6351
6809 6576
6809 6805
22798 5037
6809 6402
22798 6087
6809 6856
6809 6364
6809 6427
22798 5271
6809 7365
22798 5085
6809 6386
22798 5101
6809 6596
22798 5272
6809 6869
22798 5080
6809 6923
22798 5060
6809 6387
6809 6389
6809 6928
22798 5099
6809 7292
22798 5621
6809 6436
6809 6605
22798 4930
6809 6655
22798 4995
6809 6737
22798 4919
6809 6404
6809 6506
6809 6805
22798 4943
6809 6423
22798 5084
6809 6843
6809 6863
22798 5210
6809 6444
22798 4856
6809 6952
22798 5101
6809 6382
6809 6537
6809 6988
22798 5211
6809 6510
6809 6483
22798 3620
6809 6404
22798 5073
6809 7075
6809 6363
22798 4094
6809 6421
6809 6755
22798 5098
22690 6125
6809 6375
22798 4862
6809 6902
6809 6621
22798 6361
6809 7290
22798 5486
6809 6798
22798 5123
6809 6872
6809 6372
6809 6539
22798 6377
6809 6912
22798 5065
6809 6383
6809 6416
6809 6398
22798 6083
6809 6414
6809 6391
6809 6412
6809 6396
22798 6236
6809 7239
22798 5604
6809 6427
6809 6387
22798 5342
6809 6407
22798 6095
6809 6400
22798 4883
6809 6497
6809 7121
22798 4923
6809 6358
6809 6379
6809 6555
6809 7242
22798 6943
6809 6400
22798 3782
6809 6881
22798 4899
6809 6477
6809 7043
22798 5465
6809 6393
6809 6697
6809 6435
6809 6788
22798 5045
6809 6379
22798 4796
6809 6966
6809 6455
6809 6832
22798 5178
6809 6397
22798 4616
6809 6400
6809 6568
22798 6396
6809 6458
22798 4345
6809 6590
6809 6801
22798 5115
6809 6370
6809 7149
22798 5067
6809 6488
22798 3596
6809 6380
6809 6623
22798 5035
6809 6413
22798 3620
6809 7006
22798 5226
6809 6653
6809 6874
22798 4936
6809 6397
22798 6057
6809 6974
22798 5411
6809 7011
6809 6513
6809 6693
22798 5035
6809 6946
22798 5178
6809 6452
6809 6440
6809 6956
22798 5186
6809 6453
22798 4931
6809 6377
6809 6583
6809 6683
22798 5231
6809 6381
6809 7277
22798 6933
6809 6612
6809 6380
22798 5385
6809 6404
6809 6583
22798 6166
6809 6371
6809 6379
22798 5271
6809 6757
22798 5025
6809 6373
6809 6517
6809 7556
22798 5461
6809 6492
6809 6802
22798 5177
6809 6663
6809 6395
22798 4835
6809 6595
22798 6392
6809 7184
22798 5120
6809 6386
6809 6385
22798 6166
6809 6444
22798 3643
6809 6473
6809 6525
6809 6664
22798 4984
6809 7064
6809 6432
22798 6233
6809 6414
6809 7103
22798 4903
6809 7077
22798 5029
6809 6722
22798 4913
6809 6712
6809 7430
22798 5755
6809 6427
22798 4878
6809 6435
22798 4830
6809 6540
6809 6855
22798 5079
6809 6918
22798 4927
6809 6408
6809 6395
6809 6746
22798 5159
6809 6411
6809 6405
6809 6681
22798 5092
6809 6360
22798 3627
6809 6373
6809 7241
22798 6978
6809 6421
6809 6377
22798 3650
6809 6416
6809 6383
22798 4883
6809 6370
6809 6655
22798 6495
6809 6879
6809 6681
22798 6025
6809 6569
6809 6384
22798 6262
6809 6367
6809 6378
22798 6166
6809 6388
6809 6965
22798 4940
6809 6411
6809 6448
6809 6372
22798 8459
6809 7713
22798 5831
6809 6392
6809 6418
22798 6166
6809 6590
6809 6520
22798 5063
6809 3672
106 3614
22798 3598
56767 4038
106 6158
106 3650
106 3696
22690 4190
14963 3761
27287 3788
37324 4811
51578 5095
17014 3586
22798 3907
28534 3606
22798 3777
22798 6169
22798 3763
22798 4698
50044 5179
9833 3823
6809 6374
22798 4887
6809 6403
6809 6570
22798 5275
6809 3792
22798 3677
22798 3714
6809 3644
6809 6950
22798 5167
6809 6559
6809 6179
22798 3781
6809 3620
22798 3613
6809 6434
22798 5158
6809 6923
6809 6425
6809 6936
22798 5181
6809 7334
22798 5409
6809 6437
22798 6265
6809 6382
6809 6426
6809 6776
6809 6847
22798 5215
6809 7508
22798 6182
6809 6536
6809 6420
6809 6399
6809 6673
22798 5073
6809 6468
6809 6937
22798 5179
6809 6433
6809 6354
6809 6533
22798 5060
22798 4156
6809 6373
6809 6981
22798 4921
6809 6628
6809 6946
6809 7045
22798 5274
6809 7197
22798 5079
6809 6602
6809 6388
22798 5192
6809 6393
22798 5357
6809 6920
22798 6488
6809 6873
22798 6454
6809 6400
6809 6392
6809 6398
22798 5774
6809 6779
22798 4925
6809 6442
22798 5366
6809 6386
22798 6268
6809 6881
22798 5212
6809 6469
6809 6803
22798 5188
6809 6417
22798 6145
6809 6487
6809 6860
6809 6414
6809 6383
22798 6196
6809 6430
6809 6824
6809 6827
22798 5189
6809 6362
6809 7444
22798 4975
6809 7023
22798 4958
6809 6387
22798 6025
6809 6379
6809 6439
6809 6386
22798 6266
6809 6617
22798 6412
6809 6950
22798 5050
6809 6485
6809 6593
6809 7042
22798 5332
6809 6874
22798 6458
6809 6446
6809 6666
22798 6474
6809 6942
22798 5417
6809 7197
22798 5071
6809 6369
6809 6569
22798 6394
6809 6365
6809 6385
22798 6190
6809 6388
6809 6743
22798 3684
22798 3682
22798 3704
22798 4846
6809 6441
6809 6397
22798 6248
6809 6689
6809 6487
6809 6400
22798 6096
6809 6367
6809 6394
6809 6322
22798 3598
6809 4175
6809 6481
22798 3603
6809 3554
6809 6512
6809 7116
22798 5540
6809 6602
6809 6454
6809 6739
22798 5125
6809 6385
6809 6371
6809 6615
22798 6378
6809 6627
6809 6412
22798 6040
6809 6751
6809 6417
22798 4851
6809 6376
6809 6832
22798 5082
6809 6383
6809 7588
22798 5879
6809 6902
6809 6475
22798 6318
6809 6379
6809 6423
22798 6103
6809 6396
6809 6859
22798 4902
6809 6468
6809 7171
22798 5581
6809 6403
6809 6421
6809 6436
6809 6355
6809 6650
22798 5026
6809 6958
22798 5071
6809 6774
6809 6643
22798 4947
6809 6497
6809 6502
6809 6424
22798 6249
6809 6448
22798 6309
6809 6525
6809 6408
22798 6265
6809 6607
6809 7020
22798 5233
6809 6714
6809 6380
22798 4891
6809 6360
6809 6407
6809 6693
22798 5153
6809 7054
6809 6857
22798 5029
6809 6591
6809 6402
6809 7036
22798 5270
6809 6570
22798 4898
6809 6468
6809 6380
22798 4865
6809 6392
6809 6411
22798 6274
6809 7211
6809 6379
6809 6799
22798 5120
6809 6596
6809 6391
22798 6164
6809 6530
6809 6759
22798 5167
6809 6764
6809 6492
22798 6243
6809 6390
6809 6919
22798 6497
6809 7139
6809 6481
6809 6506
6809 6393
6809 6345
6809 6423
22798 4998
6809 6547
6809 6479
22798 3639
6809 6883
6809 6387
22798 3797
6809 6389
6809 6506
22798 3811
6809 6436
6809 6446
6809 6353
6809 6471
22798 5437
6809 6900
6809 6381
6809 7028
22798 5311
6809 6397
6809 6406
22798 6224
6809 6410
6809 6541
6809 6803
22798 5190
6809 6915
6809 6422
22798 3607
6809 6403
6809 6400
6809 6398
6809 6868
6809 6578
22798 4773
6809 6783
22798 5807
6809 6392
6809 7418
22798 4920
6809 6406
6809 6711
22798 5073
6809 6397
6809 6439
6809 6588
6809 6387
22798 5227
6809 6412
6809 6865
6809 3738
22798 3629
22798 4223
47978 4122
22798 5537
22798 4651
22798 6171
57837 3835
22798 4130
6809 6688
6809 6565
6809 6287
22798 3635
22798 5995
6809 6373
6809 6719
22798 5068
6809 6603
6809 6372
6809 6562
6809 6793
22798 4935
6809 6394
6809 6819
22798 5212
6809 6389
6809 6383
22798 3589
6809 6368
6809 6685
22798 5054
6809 6425
6809 6826
22798 5163
6809 6977
22798 5211
6809 6364
6809 6492
6809 6905
6809 6762
22798 6482
6809 6377
6809 6493
6809 6455
6809 6461
6809 7318
22798 5283
6809 6451
6809 6350
22798 5144
6809 6458
6809 6535
22798 5372
6809 7045
22798 5256
6809 6391
6809 6373
6809 1746
22798 3608
6809 4963
6809 6531
22798 5210
6809 6391
6809 6392
6809 6523
22798 3655
6809 6821
22798 4908
6809 6619
22798 3639
6809 7162
22798 6107
6809 6374
6809 6510
6809 6938
22798 5195
6809 6412
22798 4857
6809 6521
22798 3609
6809 6470
6809 6884
6809 6595
22798 4918
6809 6563
6809 7143
22798 5083
6809 6371
6809 6391
6809 3796
22798 3740
22798 6050
22798 3693
44253 3818
6809 6558
6809 6409
22798 4057
6809 6368
6809 5036
22798 5127
6809 6876
22798 6496
6809 6419
6809 6920
22798 5304
6809 6392
6809 6362
22798 4994
6809 6536
6809 6393
6809 6397
6809 6417
22798 5140
6809 6719
22798 5220
22798 3702
6809 6401
6809 6615
22798 5032
6809 6429
6809 7130
6809 6529
22798 6329
6809 6441
22798 4992
6809 6377
6809 6935
22798 5217
6809 6536
6809 6876
22798 4896
6809 6400
22798 4366
6809 6780
22798 5086
6809 6439
22798 5031
6809 6908
22798 5948
6809 6636
22798 5396
6809 3944
22798 4097
22798 6060
6809 6256
6809 3627
22798 3772
35749 4778
44253 5451
44253 4350
6809 3584
6809 6480
6809 6391
6809 6376
6809 6489
6809 6423
22798 3629
6809 3637
22798 3603
6809 6374
6809 6252
22798 3683
6809 6403
6809 6391
6809 7179
6809 3095
22798 4096
6809 3798
22798 3698
6809 6369
6809 6360
6809 6446
22798 6202
6809 6682
22798 5833
6809 6489
22798 3804
6809 6428
6809 6809
22798 5498
6809 6355
6809 6399
22798 5016
6809 6376
6809 6416
6809 6496
6809 6410
6809 6551
22798 4875
6809 6394
6809 6446
6809 7002
22798 5340
35749 8824
35749 6956
35749 7255
44253 5414
44253 4820
35749 3661
44253 6122
35749 6214
44253 5173
44334 3663
44974 4273
22798 3753
22798 4881
22798 5035
22798 4109
22798 6357
6809 6472
6809 6404
6809 6862
22798 6399
6809 6470
6809 6501
22798 3651
6809 6452
6809 3744
22798 3744
22798 6115
44253 3831
6809 6348
6809 6522
6809 3480
22798 3639
6809 640
22798 4837
6809 6441
6809 476
22798 3684
6809 6421
6809 6391
22798 5181
6809 6398
6809 6372
6809 7435
22798 5473
6809 6483
22798 5314
6809 6433
6809 6550
6809 6470
6809 6379
22798 3614
6809 6382
6809 6557
6809 6471
6809 6505
6809 6440
22798 5339
6809 6882
22798 5087
6809 6374
6809 6584
6809 6415
22798 5341
6809 7060
22798 6027
6809 6396
6809 6796
22798 5463
6809 6435
6809 6469
6809 6773
22798 5079
6809 6929
22798 4951
6809 2126
22798 4059
35749 6219
44253 3580
34723 6353
34723 6489
1539 3624
1539 6375
1539 6452
44995 5005
44995 3695
41480 3625
249 3725
249 3663
59160 3684
59160 6139
249 3795
1539 3605
41480 6221
41480 4300
34723 3755
44995 4801
16299 709
28509 3567
59160 3713
28509 3777
29334 4161
13974 3894
16299 3743
44995 4741
60268 3604
57828 5347
63762 3685
13974 4067
13974 7026
2322 3641
29334 3601
29334 6802
22798 3803
22798 3882
1539 6108
22798 3737
22798 4212
22798 6100
249 3808
44253 4767
1539 5482
6809 4070
6809 6200
6809 6574
22798 5360
6809 7264
6809 6371
6809 6558
6809 7169
22798 4958
6809 4714
6809 6369
22798 3708
6809 6479
6809 6383
6809 6411
22798 6030
6809 6396
6809 6400
22798 6102
6809 6982
22798 4912
6809 6399
6809 6310
22798 6156
6809 6403
6809 6573
6809 6398
6809 3929
22798 3709
22798 4154
22798 5147
6809 6382
6809 6424
22798 5136
6809 5196
22798 5220
22798 6279
22798 3789
35749 6209
16548 4453
44253 3746
6809 6409
6809 3644
22798 3737
6809 6431
6809 6854
6809 6568
22798 5739
51005 3778
16548 5145
16548 4295
6809 3655
6809 6755
22798 4289
6809 6411
6809 6267
6809 3666
22798 3660
6809 6420
22798 3614
6809 6675
6809 6373
6809 6988
22798 5200
6809 7060
6809 6453
6809 6363
6809 6876
6809 6412
22798 4881
6809 6510
6809 6454
22798 3627
6809 6439
6809 6399
6809 6502
22798 3854
6809 6750
6809 6438
6809 6926
22798 5181
6809 6469
6809 6902
22798 5074
6809 6905
22798 4943
6809 6389
6809 6434
6809 6422
6809 6995
22798 4960
6809 6574
6809 6495
6809 6400
6809 6482
6809 7175
22798 5203
6809 7601
22798 5856
6809 6911
6809 6458
6809 6504
22798 5033
6809 6389
22798 6185
6809 6973
6809 6381
22798 4858
6809 6397
6809 6368
6809 6426
22798 5078
6809 7316
6809 6499
6809 6377
22798 4856
51005 8096
51005 6563
51005 6859
51005 7029
16548 5468
63762 3762
63762 7542
63762 6369
63762 6514
63762 5398
13974 4546
2322 3579
2322 7351
2322 7142
2322 6383
2322 3669
29334 3575
16548 6124
20877 3603
20877 3893
30808 3611
30808 9488
16610 524
5595 3613
51005 4641
16548 5161
51005 6109
16548 3639
22798 6296
13974 3930
29334 6059
22798 3756
22798 3866
22798 3757
22798 6034
18621 830
34085 3636
55484 3682
55484 4081
31012 3681
47293 3626
47293 4696
49445 4929
6809 7530
6809 7038
22798 5183
6809 6666
6809 6404
22798 5025
6809 3655
6809 3576
6809 6433
6809 6595
6809 6599
22798 5754
6809 6560
6809 6557
22798 5358
6809 6976
22798 5060
6809 6584
6809 7005
22798 4915
6809 6369
6809 6431
22798 4860
6809 6708
6809 6433
6809 6394
6809 6967
22798 4967
6809 6366
6809 6378
22798 4976
6809 6410
6809 6906
6809 6549
6809 6957
22798 4915
6809 6509
6809 6768
6809 6409
6809 6421
6809 6417
22798 5239
6809 6606
6809 6843
22798 4934
6809 6385
6809 6574
6809 6462
22798 5079
6809 6603
6809 6610
22798 4913
6809 6432
6809 6376
6809 6495
22798 5117
6809 6648
22798 6295
6809 6380
6809 6549
6809 6563
6809 6904
22798 5102
6809 6595
6809 7317
6809 6884
6809 6398
22798 5312
6809 6378
6809 6618
6809 6500
6809 7002
6809 6598
22798 4914
6809 6662
22798 5871
6809 6380
6809 6379
22798 4870
6809 6693
6809 6478
22798 4071
6809 6376
6809 6413
22798 4985
6809 6507
6809 6407
6809 6540
22798 6402
6809 7226
22798 5131
6809 6611
6809 6850
6809 6381
6809 7021
22798 5035
6809 7020
6809 6516
6809 7081
22798 5060
6809 6536
6809 6714
22798 5069
6809 6866
6809 7059
22798 5249
6809 6531
6809 6860
6809 6960
22798 4907
6809 6997
6809 6533
22798 5085
6809 6600
6809 6496
6809 6778
22798 5136
6809 6869
22798 6413
6809 6479
6809 6966
6809 6591
6809 7183
22798 5132
6809 6596
6809 6679
6809 6614
6809 7522
22798 5854
6809 8582
6809 6632
6809 7184
6809 6512
6809 7136
22798 5382
6809 6612
22798 5420
6809 6554
6809 6714
6809 6742
6809 6771
22798 5317
6809 7418
6809 6519
6809 6833
6809 6596
6809 9754
22798 7800
6809 6765
22798 5530
6809 6668
6809 6767
6809 6650
6809 7225
22798 4904
6809 6705
6809 6643
6809 7703
22798 5996
6809 6823
6809 6636
22798 5376
6809 9610
22798 8399
6809 6666
6809 6668
6809 6576
6809 6971
22798 4736
6809 7150
6809 7021
22798 5105
6809 6562
6809 6514
6809 6820
22798 5122
6809 6785
6809 7385
22798 5442
6809 6697
6809 6542
6809 7300
22798 5450
6809 6583
6809 6776
6809 6530
22798 3880
6809 6717
22798 5257
6809 17401
6809 6565
6809 6701
22798 5012
6809 9646
6809 7766
22798 6576
6809 6978
6809 6570
6809 6782
22798 4748
6809 6709
6809 7160
22798 5384
6809 6688
6809 7251
22798 5195
6809 6525
6809 8661
6809 7187
22798 5345
6809 6674
22798 5214
6809 6691
6809 6576
22798 5341
6809 6582
6809 6594
22798 4204
6809 6509
6809 7465
22798 5991
6809 6705
6809 6689
6809 7055
22798 4977
6809 10082
22798 8038
6809 6506
6809 6525
6809 7167
22798 5227
6809 7473
22798 5516
6809 6681
6809 6526
6809 6956
6809 6509
22798 5210
6809 6963
6809 6609
22798 5217
8431 3858
63762 3939
13974 6387
2322 6993
29334 5551
44608 3945
63762 5203
63762 5047
13974 3845
10428 3774
10428 3893
15652 3736
30911 3738
30911 4773
61732 5418
22798 3910
13974 6959
5595 3912
5595 3877
31012 3766
31012 3936
49445 1088
34085 3991
34085 4798
15652 5501
61732 3770
61732 3837
30808 3895
30808 3924
44995 3915
44995 5015
22798 6334
22798 5286
22798 4010
22798 3843
59160 3926
59160 4851
6809 6565
22798 5296
6809 6721
6809 324
22798 3766
44995 3750
55484 3799
47293 6286
18621 3907
49445 3788
34085 3879
31012 4795
30911 5836
10428 5203
61732 4129
15652 3845
6809 4003
6809 6566
6809 6629
6809 6728
6809 6964
22798 5190
6809 7338
6809 6866
22798 5277
6809 6625
6809 6615
6809 6664
22798 5104
6809 7407
22798 5525
6809 6503
6809 6508
22798 3806
6809 6716
6809 6569
6809 6806
22798 5223
6809 6675
22798 6136
6809 6619
6809 6555
6809 6941
6809 7079
22798 5250
6809 7674
6809 6601
6809 7842
22798 6144
6809 6707
6809 6917
22798 5082
6809 7188
22798 5409
6809 6496
6809 7245
6809 6647
6809 7101
22798 5406
6809 6944
6809 6637
6809 6921
6809 6626
6809 6723
22798 5538
6809 6503
22798 5192
6809 6639
6809 6510
6809 6533
6809 7087
22798 5723
6809 9887
6809 6504
6809 6929
6809 6495
6809 6745
22798 5149
6809 7078
22798 5373
6809 6702
6809 6716
6809 3658
22798 3958
16610 4767
5595 3998
63762 3810
59160 5705
48790 3948
17047 3815
20877 3753
30808 4099
44995 3836
22801 4078
48790 3868
48790 8078
51472 4291
17047 4990
17047 7722
34723 6594
34723 7444
41480 5988
41480 8628
34723 5440
22801 5613
22801 11070
22801 6507
22801 6624
22801 5203
48790 4388
48790 4369
51472 3816
51472 7511
51472 6486
51472 6521
51472 3837
17047 3908
17047 6356
57589 4143
22801 4011
48790 8002
51472 6281
17047 3786
62990 4534
22801 6894
22801 6688
48790 6945
22801 6830
22801 6671
22801 7119
22801 6586
22801 7173
22801 6654
22801 6697
22801 9597
48790 7961
22801 6713
22801 5074
22801 6555
48790 4084
22801 6549
22801 6530
22801 6767
48790 642
65415 4222
11810 3913
22801 3738
44995 3806
44995 4906
44995 5062
44995 3947
44995 3944
44995 6161
59160 3707
59160 3792
59160 809
44995 3929
59160 3805
44995 3960
10277 4877
62065 4049
49123 1652
49123 1716
6143 2877
49123 3745
17355 3757
60080 3981
11655 5157
44546 5747
62325 4433
43497 4013
44995 3729
44995 3819
44995 3823
44995 4752
44995 5338
44995 4687
44995 3885
44995 3762
44995 6285
59160 3774
59160 3706
59160 3853
59160 4007
44995 3757
59160 3935
59160 6123
44995 3666
59160 4407
13671 3917
51558 3699
7521 3854
57696 6281
42336 3857
22881 5047
44995 3956
63195 3795
42336 3872
42336 7002
14035 4859
38618 3719
13671 3711
7521 3782
7521 6979
13671 7151
42706 3974
51558 3770
1755 4865
57696 5377
26330 3766
22881 3736
51558 6970
57696 7318
22881 5049
63195 5009
14035 3703
63195 7357
63195 6638
42336 5049
42706 4900
63195 6431
63195 6627
63195 3750
42336 3613
1755 3896
26330 6232
14035 7359
14035 6522
14035 6376
14035 6500
14035 4194
13671 3698
38618 7682
38618 6404
38618 6631
38618 623
7521 3592
42706 7425
42706 6468
42706 6407
42706 6536
42706 3803
51558 3683
26330 7464
26330 6410
26330 6497
26330 274
22881 3958
1755 7211
1755 6861
1755 6403
1755 6437
1755 3777
57696 3590
42336 3759
13671 8120
22881 3718
7521 4697
51558 3856
57696 5548
13671 3956
22881 3780
7521 3885
51558 3698
57696 3841
42336 4713
42336 5127
42336 3955
42336 3812
42336 6105
42336 3911
42336 3658
63195 6092
63195 3762
42336 3656
42336 3703
14035 4755
13671 4984
14035 3790
13671 3784
26330 3761
22881 4695
26330 5184
22881 3629
38618 3804
38618 4175
7521 4649
7521 6595
63195 3771
63195 3620
42706 3898
51558 3635
42706 6032
51558 4427
63195 6418
26330 5398
22881 3642
42336 3803
63195 7114
1755 3744
1755 3765
57696 3688
57696 3606
42336 4939
63195 6669
42706 5080
42336 3604
51558 3647
1755 3674
57696 3818
63195 6473
63195 6414
42336 3712
63195 6901
42336 6644
14035 3683
13671 3596
38618 3747
7521 4739
42336 5860
42336 3716
42336 4137
63195 6116
63195 6881
42336 5166
63195 6668
63195 6486
42336 4865
44995 3770
44995 3730
63195 6369
42336 6179
63195 6430
63195 6375
63195 3685
42336 3605
44995 6086
44995 3743
59160 3610
59160 3853
59160 3609
59160 4647
44995 5187
43380 3788
63195 6378
63195 6442
63195 6790
42336 4888
63195 6279
42336 3656
63195 7653
63195 6491
63195 6761
42336 5133
63195 6328
42336 3621
59160 5294
42336 5095
42336 3695
42336 3765
42336 3658
36765 4925
43380 5158
43380 4410
44995 3830
36765 12186
36765 6439
43380 4771
50038 4527
63195 6425
63195 6551
63195 6223
42336 3706
63195 6471
63195 3812
42336 4613
63195 6385
63195 6352
42336 4858
63195 6384
63195 6302
42336 4002
36765 7387
43380 3885
36765 3681
43380 6283
43380 6411
36765 4097
43380 6571
44995 3696
220 3805
36765 3740
36765 6860
36765 6465
43380 5356
36765 6446
36765 6658
43380 5012
21954 4969
59160 3615
36765 6362
36765 6442
36765 6226
43380 3628
59582 3709
59582 3621
3365 5035
59160 5266
42336 3868
42336 3860
44995 3649
63195 4673
63195 6495
63195 6792
42336 5921
63195 6506
63195 6373
63195 4881
42336 3691
42336 4986
42336 3710
3365 3585
3365 6403
44995 1302
44995 3716
44995 3717
42336 5399
42336 5145
42336 3670
59160 1149
59160 3617
59160 3589
59160 3651
59160 6127
59160 6406
44995 4200
42336 3788
42336 3707
42336 3862
59160 6113
44995 3667
42336 3835
42336 3702
63195 6959
63195 6352
63195 6294
42336 3626
44995 3637
44995 3751
59582 4585
3365 3600
63195 6434
42336 5406
63195 6474
63195 6788
42336 4893
63195 6432
63195 7060
42336 4899
63195 6587
63195 6958
42336 5175
42336 3696
59160 3643
63195 3706
63195 3588
59160 3646
44995 4647
63195 7334
42336 5358
63195 6506
63195 6389
63195 6956
42336 5180
42336 3711
42336 4257
42336 3829
63195 6899
42336 6601
63195 7137
42336 5074
63195 6598
63195 6216
42336 3605
42336 5023
42336 4078
42336 3657
63195 6355
42336 3643
63195 6445
63195 6468
42336 4881
63195 6372
63195 6228
42336 3975
63195 6541
63195 6371
63195 6489
42336 4413
63195 6381
63195 6597
63195 3703
42336 3642
63195 6374
63195 6420
63195 6398
63195 6207
42336 3627
63195 7010
63195 6306
42336 6079
59160 6253
42336 3792
42336 3709
42336 3702
44995 3766
63195 6370
63195 6450
42336 5453
63195 6867
63195 6927
63195 5340
42336 5057
63195 6412
63195 6871
42336 5162
42336 4745
42336 5033
42336 3805
42336 3740
42336 4214
42336 6005
42336 3701
42336 3879
42336 3754
42336 4177
63195 6538
63195 6330
42336 5159
42336 4335
63195 6381
63195 6598
42336 4907
42336 3663
63195 6365
63195 7160
63195 6340
42336 4125
42336 4205
63195 3610
63195 6541
63195 6800
42336 5039
63195 1118
42336 5270
42336 5020
42336 3688
63195 6647
42336 4947
63195 6432
63195 6871
42336 4929
4516 3630
63195 6363
63195 6478
42336 5060
63195 6462
42336 4908
63195 6911
63195 6690
42336 5000
63195 6955
63195 6405
42336 4886
63195 6426
63195 6456
63195 5060
42336 4939
63195 6379
63195 3869
42336 3639
26297 3816
62990 4687
57589 4934
42336 3683
42336 3680
42336 3629
42336 6027
42336 4142
42336 3702
42336 3699
42336 3762
42336 5989
42336 3665
63195 6448
42336 3773
63195 6738
63195 6860
63195 3768
42336 3777
42336 3709
63195 6462
63195 6406
63195 4362
42336 3896
63195 6372
42336 4872
63195 6405
63195 4820
42336 5190
42336 3672
44995 3666
44995 3733
63195 3745
42336 6016
63195 3589
42336 3702
27248 3757
59160 253
59160 4208
63195 3630
51583 4850
42858 4945
63195 6461
42336 3628
63195 6489
42336 6311
63195 6648
63195 6586
42336 4913
63195 6383
63195 871
42336 5084
63195 7292
42336 6122
63195 6506
63195 6750
42336 4838
44995 5014
63195 6310
42336 3629
63195 6438
63195 6691
42336 5157
63195 6552
63195 6337
42336 3901
62990 3641
2651 3877
50038 4758
25968 5085
42336 3661
42336 3672
42336 3834
42336 4663
42336 5033
42336 3715
42336 3692
59160 6154
38241 4244
29647 3646
42336 3669
26976 3862
44995 3603
63195 7116
63195 6769
42336 4889
63195 1032
42336 3759
63195 6520
63195 4815
42336 4983
63195 6495
63195 6801
42336 5071
63195 6379
63195 6854
42336 4239
63195 3571
42336 3701
42336 3695
42336 3835
42336 6117
42336 3702
14041 3868
38241 3602
38241 7123
63195 3626
42712 3870
26976 3606
26976 7655
63195 6853
42336 5191
63195 6485
63195 6405
42336 4953
63195 6881
63195 6394
63195 6659
42336 4950
63195 6413
63195 715
42336 4038
63195 6434
63195 6306
42336 4809
63195 6372
63195 6411
63195 6401
63195 6342
42336 3815
14041 3582
14041 8752
14041 6528
14041 6452
14041 6385
14041 6107
38241 5004
38241 4199
38241 3779
38241 6112
42712 3738
42712 7190
42712 6544
26976 6238
42712 6431
42712 7296
42712 4743
26976 3613
26976 5230
63195 6403
63195 6543
63195 6394
63195 6562
63195 7457
42336 5832
63195 6397
42336 5050
63195 6626
63195 7037
42336 5288
63195 6503
63195 6674
42336 5038
63195 7064
42336 5064
63195 6417
63195 6408
63195 6905
42336 6473
63195 6461
42336 6192
63195 6871
63195 7159
42336 5159
63195 6478
63195 6836
42336 5252
14041 4873
14041 5156
38241 3787
38241 5107
14041 6412
14041 6939
38241 5208
14041 6420
14041 6483
38241 5332
14041 6375
14041 6729
14041 6478
38241 5170
42712 3802
42712 4708
26976 5247
63195 6570
63195 6409
63195 6370
63195 6572
63195 6431
63195 6885
42336 3621
63195 6570
63195 6443
42336 6041
63195 6579
63195 6662
63195 6565
63195 6440
42336 5208
63195 7927
63195 6386
63195 6466
63195 6579
63195 7987
42336 6455
63195 6603
42336 5396
63195 6407
63195 6384
63195 6444
63195 6422
42336 5125
63195 7285
42336 4933
63195 6700
63195 6419
42336 6073
63195 6411
63195 6479
63195 6833
42336 5240
14041 6399
14041 263
38241 3614
63195 6506
63195 6428
63195 6586
42336 6191
63195 6424
63195 7605
63195 6420
42336 3854
63195 6381
63195 6672
63195 6618
63195 6528
63195 6523
42336 3861
63195 6601
63195 6520
63195 6538
42336 5088
63195 6458
63195 6360
42336 5120
63195 6364
63195 6401
63195 7045
42336 5288
63195 6754
63195 7002
42336 5072
63195 6662
63195 6937
42336 5125
63195 6368
63195 6452
63195 6588
63195 6617
63195 6517
63195 6438
63195 8207
63195 6602
42336 6290
63195 6377
63195 6859
63195 6373
63195 7093
42336 5441
63195 6450
63195 6494
63195 6858
42336 5513
63195 6533
63195 6524
63195 6515
63195 7918
42336 5974
63195 6417
63195 6558
63195 6411
63195 6471
63195 6497
63195 6994
42336 4942
63195 6477
63195 6346
63195 6424
42336 5141
63195 6529
63195 6416
42336 6088
63195 6447
63195 7975
42336 6877
63195 6384
42336 3927
63195 6554
63195 6821
63195 6646
63195 6393
63195 6953
42336 5186
63195 6574
63195 6453
63195 7317
42336 5391
63195 6556
63195 6630
42336 4533
63195 6369
63195 6988
42336 5221
63195 6920
63195 6530
63195 6919
42336 3710
63195 6545
63195 6497
63195 7224
42336 5157
63195 6405
63195 6579
63195 6944
42336 4958
63195 8078
63195 6555
63195 6949
42336 5827
63195 6740
63195 6350
63195 7129
42336 5344
63195 6432
63195 6383
63195 6396
63195 6619
63195 7849
42336 5565
63195 6450
42336 4294
63195 6998
63195 6501
63195 6369
63195 6436
42336 5310
63195 6376
63195 6477
42336 5431
63195 6397
63195 6932
42336 4932
63195 6504
63195 6525
42336 4418
63195 6463
63195 7018
42336 5139
63195 7907
63195 6397
63195 6505
63195 6957
42336 5032
63195 6870
63195 6501
63195 6408
63195 6536
63195 6933
42336 4955
63195 7176
42336 5087
63195 6387
63195 7160
42336 5177
63195 6643
63195 6424
63195 6582
63195 6857
63195 6748
63195 6472
42336 3750
63195 6366
63195 6646
63195 6471
42336 3602
63195 6606
42336 4960
63195 6501
63195 6426
42336 5050
63195 8292
63195 6955
42336 6276
63195 6376
42336 3770
63195 6571
63195 7495
42336 5505
63195 6381
63195 6448
42336 4236
63195 6379
63195 6499
63195 6479
63195 6405
42336 4319
63195 6371
63195 6504
42336 4397
63195 6528
63195 6547
42336 5433
63195 6373
63195 6982
42336 5072
63195 6421
63195 6397
63195 6344
63195 6867
42336 4945
63195 6961
63195 6602
42336 5710
63195 6401
63195 6664
42336 3789
63195 6470
63195 6390
63195 6859
42336 4914
63195 6388
63195 6350
63195 6391
63195 6670
63195 6560
63195 6902
42336 5163
63195 6549
63195 6415
42336 4990
63195 6752
63195 6607
42336 5044
63195 6936
42336 5063
63195 6387
63195 6976
42336 5181
63195 6564
63195 6691
63195 6731
42336 3802
63195 6856
63195 6437
42336 3588
63195 6941
63195 6779
42336 4939
63195 6838
42336 4908
63195 6913
63195 6493
42336 3618
63195 6356
63195 6687
63195 6419
42336 4958
63195 6417
63195 6334
63195 6684
63195 6864
63195 6484
42336 3604
63195 6726
63195 6576
42336 5289
63195 6397
63195 6769
42336 4976
63195 6485
63195 6525
63195 7129
42336 5085
63195 6458
63195 6397
63195 6366
63195 7184
42336 4801
63195 6389
63195 6379
63195 6919
42336 4942
63195 6507
63195 5270
42336 4102
63195 6839
63195 6504
42336 3628
63195 6464
63195 6381
63195 6960
42336 5054
63195 6407
63195 7113
42336 5455
63195 6401
42336 6031
63195 6367
63195 6537
42336 6130
63195 6379
63195 6420
42336 4895
63195 6678
42336 5019
63195 6447
63195 7159
42336 5245
63195 7217
63195 6413
42336 6261
63195 6517
63195 12285
42336 9712
63195 6393
63195 6647
63195 6528
42336 5068
63195 6427
42336 5375
63195 6371
63195 6386
63195 7375
63195 6461
63195 6530
63195 6401
63195 6391
63195 6523
63195 6407
63195 6395
42336 5214
63195 6381
63195 6536
63195 6943
42336 5197
63195 6392
63195 6429
63195 6778
63195 7152
63195 6409
63195 6399
63195 6566
42336 4157
63195 6565
63195 6396
63195 6948
42336 5089
63195 6487
63195 6450
63195 6382
63195 6588
42336 4910
63195 6581
63195 6362
63195 6799
42336 6211
63195 6579
63195 6840
63195 6887
63195 6715
63195 6488
63195 6399
63195 6491
42336 5152
63195 6911
63195 5077
42336 5096
43380 4893
43380 6376
42336 3701
42336 4265
42336 3867
42336 4809
42336 5016
42336 3706
42336 3788
42336 3784
42336 6369
42336 3662
36765 3606
36765 6827
36765 6468
36765 6411
43380 6124
36765 6400
36765 6485
36765 6371
36765 6412
36765 6385
36765 6384
36765 6852
43380 4932
63195 6622
63195 6508
63195 6971
42336 4954
63195 6566
63195 6533
63195 6511
63195 6960
42336 5073
63195 6482
63195 6956
63195 6629
63195 6539
63195 3949
63195 6411
63195 6535
63195 6475
63195 6359
63195 6584
42336 5009
63195 6408
63195 6634
42336 5028
63195 6463
63195 6406
63195 6418
63195 6400
63195 5136
63195 6246
63195 6538
63195 6409
42336 4772
63195 6394
63195 6555
63195 6436
63195 6392
63195 6414
63195 6591
63195 6401
63195 6968
42336 4968
63195 4277
63195 6580
63195 6357
63195 6888
63195 6390
63195 6388
63195 7036
63195 6705
63195 6765
42336 4907
63195 6426
63195 6543
63195 6565
63195 6246
63195 4173
63195 6600
63195 6394
63195 6357
63195 6440
63195 6404
42336 6136
63195 6414
63195 6403
63195 6472
63195 6789
63195 6473
63195 6478
63195 6319
63195 6413
63195 6456
42336 3627
63195 6457
63195 6896
63195 6442
63195 6548
63195 6418
63195 6372
63195 6457
63195 6660
42336 6516
63195 6494
63195 3774
63195 4672
63195 6491
63195 6342
63195 6405
63195 6367
63195 6385
63195 6387
63195 6718
42336 5240
63195 3110
42336 3819
36765 6390
36765 6449
36765 6697
43380 5038
36765 6425
36765 6570
36765 6464
36765 7229
43380 4952
36765 6440
36765 6951
36765 6388
36765 6904
36765 6428
36765 6455
36765 6417
36765 6942
43380 5895
36765 6361
36765 6396
63195 1863
43380 3579
63195 3585
36765 6376
36765 6520
43380 5237
36765 6421
36765 6493
36765 6364
43380 5468
63195 6376
63195 6393
42336 5308
63195 6396
63195 6533
42336 3761
63195 6541
42336 5320
63195 6418
63195 7120
42336 5920
63195 6510
42336 5339
63195 6385
63195 6467
63195 6376
63195 6568
63195 6906
42336 4904
63195 6590
63195 6360
63195 6915
42336 5098
63195 6859
63195 6493
63195 7086
42336 5179
63195 6365
63195 6820
42336 5125
63195 6468
63195 6402
42336 3581
63195 6825
42336 4938
63195 6851
63195 6420
63195 6386
63195 6383
63195 6578
63195 6413
63195 7305
42336 6295
63195 6904
42336 4993
63195 6875
63195 6463
63195 6407
63195 6380
63195 6370
63195 6400
63195 6587
63195 6420
42336 5394
63195 6373
63195 6981
63195 6370
63195 6361
63195 6578
63195 6375
63195 6378
63195 6418
42336 5204
63195 6371
63195 6376
63195 6409
63195 6348
63195 6385
63195 6457
63195 6503
63195 6587
63195 6410
42336 4149
63195 6945
63195 6519
63195 6404
63195 6467
63195 6426
63195 6855
63195 6584
63195 7156
42336 5088
63195 6380
63195 6416
63195 6556
63195 6525
63195 6408
63195 6545
63195 6379
63195 7065
42336 4963
63195 6440
63195 6469
63195 6383
63195 6660
63195 6375
63195 6364
63195 6608
63195 7056
42336 5043
63195 6440
63195 6404
63195 6361
63195 6385
63195 6392
63195 6854
63195 6702
63195 6581
42336 5336
63195 6485
63195 6853
63195 6390
63195 7066
42336 5102
63195 6352
63195 7143
63195 6394
63195 6364
63195 6512
63195 6710
63195 6404
42336 3768
63195 6497
63195 6377
63195 6396
63195 6863
63195 6405
63195 6727
63195 6384
63195 6400
63195 7280
42336 4954
63195 6601
63195 6918
42336 5186
63195 6379
63195 6405
63195 6889
63195 6402
63195 6558
63195 6371
63195 6401
63195 6383
42336 4003
63195 6376
63195 6539
63195 6498
63195 6424
63195 6820
63195 6370
63195 6416
63195 6397
42336 5232
63195 6716
63195 6394
63195 6606
63195 6402
63195 6412
63195 6365
63195 6488
63195 6407
42336 5039
63195 6387
63195 6404
63195 6392
63195 6526
63195 6470
63195 6393
63195 6398
63195 6948
63195 6474
42336 4758
63195 6374
63195 6934
63195 6410
63195 7055
63195 6379
63195 6905
63195 6388
63195 6418
42336 4255
63195 6360
63195 6563
63195 6423
63195 6376
63195 6532
63195 6387
63195 6437
63195 6662
42336 5015
63195 6507
63195 6350
63195 6392
63195 6389
63195 6375
63195 6567
63195 6383
63195 7019
42336 4918
63195 6705
63195 6422
63195 7441
63195 6615
63195 6391
63195 6945
42336 5216
63195 6393
63195 6986
42336 5032
63195 6374
63195 6372
63195 6725
63195 6566
63195 6546
63195 6372
63195 6494
63195 6925
42336 4920
63195 6389
63195 6541
63195 6398
63195 6395
63195 6454
63195 6416
63195 6559
63195 6941
42336 5081
63195 6401
63195 6445
63195 6417
63195 6367
63195 6372
63195 6883
63195 6572
63195 7616
42336 5434
63195 6854
63195 6431
63195 6397
63195 6597
63195 6953
42336 5195
63195 6389
63195 6372
63195 6559
42336 5057
63195 6406
63195 6387
63195 6723
42336 5471
63195 6877
63195 6354
63195 6389
63195 6802
63195 6371
63195 6428
63195 6959
42336 4937
63195 6432
63195 6884
63195 6382
63195 6433
63195 6464
63195 6936
42336 5114
63195 6946
63195 6890
42336 5089
63195 6375
63195 6928
42336 5072
63195 6430
63195 6348
63195 6385
63195 6574
42336 6256
63195 6842
63195 6729
42336 4937
63195 6415
63195 6848
63195 6526
63195 6384
42336 5239
63195 6883
63195 6794
42336 5022
63195 6856
63195 6908
42336 5174
63195 6383
63195 6599
63195 6389
63195 6387
63195 6799
42336 5096
63195 6909
42336 5169
63195 6396
63195 6714
42336 5681
63195 6362
63195 6438
63195 6447
63195 6383
63195 6396
63195 6556
42336 3646
63195 6554
63195 7403
42336 5476
63195 6440
63195 6352
63195 6414
63195 6866
63195 6403
63195 6647
63195 6384
63195 6628
42336 5049
63195 6482
63195 6397
63195 6371
63195 6401
63195 6854
63195 6506
63195 6360
63195 6931
63195 7714
42336 5824
63195 6889
63195 6597
63195 6427
63195 6871
63195 6620
63195 6519
63195 6478
63195 6408
42336 4206
63195 6548
63195 6332
63195 6403
63195 6421
63195 6474
63195 6376
63195 6863
63195 6886
42336 5148
63195 6412
63195 6767
63195 6463
63195 6869
63195 6385
63195 6456
63195 6383
63195 7082
42336 4995
63195 6375
63195 6364
63195 6489
63195 6923
63195 6592
63195 6598
63195 6467
63195 6724
42336 5062
63195 6460
63195 6348
63195 6543
63195 6569
63195 7058
63195 6559
63195 6402
63195 6397
63195 6639
42336 5114
63195 6349
63195 6613
63195 6395
63195 6505
63195 6561
63195 6369
63195 6390
63195 7073
42336 5444
63195 6884
63195 6402
63195 6385
63195 6334
63195 6403
63195 6557
63195 6424
63195 7660
42336 6055
63195 6393
63195 6614
63195 6408
63195 6404
63195 6407
63195 6361
63195 6605
63195 6503
42336 3634
63195 6881
42336 5064
63195 6459
63195 6595
63195 6591
63195 6713
42336 5096
63195 6401
63195 6465
63195 6500
63195 6824
42336 3752
63195 6395
63195 6389
63195 6954
42336 5073
63195 6424
63195 6596
63195 6366
63195 7039
42336 5002
63195 6883
63195 6442
42336 6019
63195 6395
63195 6543
63195 3734
63195 7217
42336 4281
63195 6665
42336 4925
63195 6383
63195 6594
42336 6167
63195 6374
63195 7000
42336 4898
63195 6727
63195 6345
63195 6505
63195 6914
63195 6569
63195 6577
63195 6413
63195 6814
42336 5037
63195 6514
63195 6435
63195 6369
63195 6388
63195 6412
63195 6548
63195 6387
63195 7488
42336 5924
63195 6589
63195 6423
63195 6563
63195 6388
63195 6401
63195 6436
63195 6397
63195 6396
42336 5226
63195 6428
63195 6431
63195 6370
63195 6348
63195 6369
63195 6410
63195 6443
63195 6517
63195 6982
42336 5077
63195 6536
63195 6545
63195 6568
63195 6449
63195 6762
63195 6389
63195 6399
63195 6433
42336 6064
63195 6406
63195 6538
63195 6942
63195 6489
63195 7127
63195 6547
63195 6477
63195 6921
42336 4959
63195 6421
63195 6354
63195 6378
63195 6738
63195 6546
63195 6397
63195 6548
63195 6501
42336 6218
63195 6435
63195 6486
63195 6470
63195 6489
63195 6474
63195 6372
63195 6756
63195 6607
42336 4924
63195 6419
63195 6649
63195 6374
63195 6461
63195 6340
63195 6424
63195 7039
63195 6969
42336 5078
63195 6430
63195 6563
63195 6558
63195 6374
63195 6407
63195 6496
63195 6379
63195 6428
42336 4889
63195 6858
63195 6403
63195 6584
63195 6384
63195 6489
63195 6416
63195 6386
42336 6191
63195 6373
63195 6413
63195 6401
63195 6370
63195 6379
63195 6486
63195 6835
42336 5188
63195 6505
63195 6871
63195 6898
63195 6535
63195 6363
63195 6389
63195 6387
63195 6761
42336 5060
63195 6358
63195 6532
63195 6376
63195 6410
63195 6486
63195 6394
63195 6404
63195 7254
63195 6383
42336 5942
63195 6410
63195 6364
63195 6896
63195 6409
63195 6486
63195 6492
63195 6427
63195 6408
42336 6128
63195 6365
63195 6423
63195 6371
63195 6690
63195 6605
63195 6585
63195 7105
63195 6901
42336 4981
63195 6415
63195 6488
42336 6176
63195 6389
63195 6465
63195 6376
42336 6262
63195 6490
63195 6398
63195 6362
63195 6547
63195 6375
63195 6390
63195 7786
63195 6414
63195 6386
63195 6383
63195 6488
42336 5124
63195 6401
63195 6776
63195 6415
63195 7023
42336 5383
63195 6746
63195 6507
63195 6575
63195 6523
63195 6410
63195 6912
63195 6498
63195 6879
42336 5201
63195 6464
63195 6379
63195 6413
63195 6394
63195 6586
63195 7160
63195 6393
42336 6100
63195 6417
63195 6387
63195 6585
63195 6662
63195 6874
63195 6491
63195 6379
63195 6632
42336 5032
63195 6441
63195 6544
63195 6532
63195 6512
63195 6591
63195 6561
63195 6421
63195 6379
63195 6467
42336 5426
63195 6919
63195 6395
63195 6386
63195 6400
63195 6401
63195 6539
63195 6632
63195 6387
42336 6218
63195 6456
63195 6527
63195 6423
63195 6351
63195 7111
63195 6448
63195 6917
63195 6947
42336 5091
63195 6396
63195 6510
63195 6896
63195 6546
63195 6367
63195 6519
63195 6388
63195 6847
42336 5341
63195 6404
63195 6379
63195 6420
63195 6409
63195 6430
63195 7148
63195 6414
63195 6389
42336 5123
63195 6428
63195 6506
63195 7317
63195 6616
63195 6525
63195 6343
63195 6401
63195 6435
63195 6597
42336 4012
63195 6910
63195 6400
63195 6388
63195 6485
63195 6391
63195 6404
63195 6378
63195 6533
42336 5015
41334 4089
63195 6365
63195 6377
63195 6367
63195 6662
63195 6369
63195 6416
63195 6374
42336 6517
63195 6856
63195 6429
63195 6397
63195 6366
63195 6454
63195 6524
63195 6563
63195 6404
42336 4868
63195 6381
63195 6418
63195 6488
63195 6392
63195 6510
63195 6377
63195 6402
63195 6412
42336 4892
63195 6862
63195 6399
63195 6482
63195 6407
63195 6896
63195 6358
63195 6581
63195 6383
63195 6425
42336 6118
63195 6391
63195 6390
63195 6409
63195 7185
63195 6355
63195 6767
63195 6604
63195 6806
42336 5218
63195 6426
63195 6554
63195 6455
63195 6575
63195 6368
63195 6384
63195 6379
63195 6364
42336 4938
63195 6392
63195 6417
63195 6422
63195 6409
63195 6407
63195 6401
63195 6428
63195 6418
42336 6188
63195 6391
63195 7143
63195 6405
63195 6410
63195 6384
63195 6403
63195 6494
63195 6872
42336 5201
63195 7155
63195 6387
63195 6430
63195 6380
63195 6395
63195 6348
63195 6387
63195 6388
63195 6425
42336 6610
63195 6606
63195 6402
63195 6387
63195 6393
63195 6730
63195 6390
63195 6526
42336 6370
63195 6401
63195 6396
63195 6398
42336 5349
63195 6402
63195 6648
63195 6418
63195 6423
63195 6421
63195 6754
63195 7073
42336 5252
63195 6407
63195 7247
63195 6401
63195 6408
42336 6237
63195 6674
63195 6961
42336 5193
63195 6550
63195 6406
63195 6567
63195 6497
63195 6382
63195 6790
63195 6902
42336 6643
63195 6420
63195 6569
63195 6531
63195 6461
63195 6408
42336 6165
63195 6504
63195 6545
63195 6345
63195 6559
42336 6398
63195 6369
42336 3647
63195 6582
63195 6577
63195 6676
63195 6925
63195 6427
42336 6293
63195 6771
63195 6409
63195 6392
42336 6258
63195 6404
63195 6697
63195 6446
42336 6246
63195 6363
63195 6900
63195 6488
63195 6382
63195 6600
63195 6400
42336 4895
63195 6531
63195 6892
42336 5187
63195 6404
63195 6396
63195 6418
63195 6436
63195 6865
63195 6523
42336 5217
63195 6581
42336 5087
63195 6972
63195 6589
63195 6369
63195 6598
63195 6520
63195 6870
63195 6342
63195 6927
42336 4914
63195 7153
63195 6583
63195 6520
63195 6403
63195 6889
63195 6751
63195 6566
63195 6434
42336 6173
63195 6542
63195 6366
63195 6587
63195 6531
63195 6936
63195 6497
63195 6817
42336 5169
63195 6692
63195 6410
63195 6492
63195 6372
63195 6436
63195 7017
63195 6376
63195 7042
42336 5449
63195 6395
63195 6446
63195 6451
63195 6394
63195 6855
63195 6502
63195 6376
63195 6434
63195 6396
42336 3777
63195 6412
63195 6550
63195 6387
63195 6368
63195 6465
63195 6386
63195 6403
63195 6750
42336 5278
63195 6436
63195 6366
63195 6391
63195 6439
63195 6409
63195 6382
63195 6395
63195 6574
42336 3637
63195 6979
63195 6469
63195 6444
63195 6409
63195 6676
63195 6770
63195 6859
63195 6399
42336 4984
63195 6818
63195 6390
63195 6845
63195 6364
63195 6396
63195 6481
63195 6404
63195 6398
42336 5249
63195 6541
63195 6386
63195 6504
63195 6861
63195 6366
63195 6400
63195 6398
63195 6441
42336 6212
63195 6448
63195 6383
63195 6363
63195 6624
63195 7062
63195 6388
63195 6406
63195 6603
42336 6428
63195 6560
63195 6467
63195 6367
63195 6390
63195 6486
63195 6636
63195 6438
63195 6814
42336 5161
63195 6479
63195 6366
63195 6379
63195 6528
63195 6625
63195 6423
63195 6594
63195 6986
42336 5096
63195 6473
63195 6408
63195 6903
63195 6699
63195 6395
63195 6391
63195 6889
63195 6388
42336 6095
63195 6846
63195 6694
63195 6499
63195 6608
63195 6404
63195 6580
63195 6390
63195 6359
63195 6586
42336 6139
63195 6392
63195 6509
63195 6364
63195 6494
63195 6893
63195 6372
63195 6423
63195 6928
42336 5065
63195 6402
63195 6380
63195 6407
63195 6391
63195 6364
63195 6379
63195 6568
63195 6925
42336 4913
63195 6746
63195 6383
63195 6561
63195 6601
63195 7160
63195 6844
63195 6504
42336 4957
63195 6455
63195 6380
63195 6374
63195 6569
42336 6130
63195 6588
63195 6441
63195 6431
63195 7258
63195 6480
63195 6403
63195 6447
63195 6387
63195 6500
63195 6371
63195 6466
63195 6560
63195 6394
42336 4856
63195 6410
63195 6387
63195 6390
42336 4032
63195 6536
63195 6781
42336 5203
63195 6443
63195 6405
63195 6914
63195 6463
63195 6461
63195 6388
63195 7070
42336 5065
63195 6376
42336 5263
10433 3599
63195 6526
63195 6416
63195 6881
63195 6424
63195 6725
42336 5363
63195 6539
63195 6799
63195 6402
42336 6215
63195 6521
63195 6786
63195 6561
63195 9619
63195 6892
63195 6376
63195 6375
63195 6519
42336 6329
63195 6877
63195 6395
63195 6427
63195 6627
63195 7044
63195 6587
63195 6611
63195 6448
63195 6549
42336 5281
63195 6375
63195 6420
63195 6395
63195 6411
63195 6429
63195 6382
63195 6391
63195 7190
42336 5176
63195 6594
63195 6423
63195 6689
63195 6583
63195 6398
63195 6908
63195 6562
63195 6388
42336 6184
63195 6522
63195 6383
63195 6440
63195 6419
63195 6438
63195 6534
63195 6430
63195 6948
42336 5197
63195 7061
63195 6449
63195 6472
63195 6588
63195 6856
63195 6451
63195 6392
63195 6585
42336 4862
63195 6399
63195 6435
63195 6379
63195 6478
63195 6517
63195 6497
63195 6411
63195 6485
63195 7208
42336 6983
63195 6570
63195 6879
63195 6379
63195 6440
63195 6396
63195 6437
63195 6618
63195 6445
42336 6126
63195 6350
63195 6398
63195 6377
63195 6459
63195 7472
63195 6425
63195 6458
63195 6579
42336 3659
63195 6498
63195 6478
63195 6428
63195 6426
63195 6363
63195 6520
63195 6522
63195 6410
42336 6238
63195 6500
63195 6607
63195 6364
63195 6517
63195 6565
63195 6464
63195 6384
63195 6816
42336 5075
63195 6376
63195 6526
63195 6911
63195 6508
63195 6698
63195 6549
63195 6409
63195 6369
63195 6486
42336 5267
63195 6938
63195 6451
63195 6566
63195 6772
63195 6397
63195 6586
63195 6412
42336 4930
63195 6567
63195 6502
63195 6432
63195 6408
63195 6422
63195 6381
63195 6360
63195 6903
42336 5066
63195 6385
63195 6423
63195 6486
63195 6543
63195 6469
63195 6828
63195 6416
63195 6987
42336 4916
63195 7137
63195 6374
63195 6375
63195 6425
63195 7086
63195 6603
63195 6435
63195 6910
42336 5179
63195 6418
63195 6329
63195 6387
63195 6374
63195 6775
63195 6422
63195 6392
63195 7316
42336 5396
63195 6447
63195 6480
63195 6524
63195 6849
63195 6332
63195 6591
63195 6388
63195 7168
42336 6160
63195 6528
63195 6399
63195 6460
63195 6377
63195 6518
63195 6391
63195 6565
63195 8459
42336 6605
63195 6997
63195 6498
63195 6491
63195 6380
63195 6381
63195 6358
63195 6419
63195 6421
42336 6274
63195 6414
63195 6859
63195 6423
63195 6583
63195 6495
63195 6877
63195 6425
63195 7246
42336 7005
63195 6371
63195 6419
63195 6486
63195 2632
63195 6911
63195 6569
63195 6568
63195 6438
42336 5271
63195 6408
63195 6376
63195 6413
63195 6404
63195 6984
63195 6874
63195 6695
63195 6561
63195 6613
42336 4934
63195 6382
63195 6384
63195 6404
63195 6442
63195 6379
63195 6505
63195 6390
63195 6403
42336 5228
63195 6647
63195 6443
63195 6451
63195 6393
63195 6528
42336 6111
46495 3959
63195 6895
42336 5083
63195 6394
63195 6375
63195 6387
63195 6966
42336 5065
5152 3598
63195 6439
42336 6065
63195 7007
63195 6378
63195 6383
63195 6533
63195 6386
63195 6731
63195 6461
63195 6883
63195 6578
63195 6409
63195 7567
42336 6232
63195 6344
63195 6385
63195 6413
63195 6598
63195 6983
42336 5205
63195 6652
63195 6402
63195 6370
63195 6884
63195 6489
63195 6472
63195 6579
63195 6399
42336 5076
63195 6402
63195 6494
63195 6604
63195 6440
63195 7597
42336 5625
63195 6866
42336 5058
63195 6382
63195 6423
42336 4842
63195 6418
63195 6900
63195 6382
63195 6380
63195 6491
63195 6356
63195 6375
32251 3776
42336 3597
63195 6541
42336 6378
63195 6852
63195 6386
63195 6378
63195 6406
63195 6885
63195 6431
63195 6930
42336 4924
63195 6369
63195 6410
63195 6575
63195 6518
63195 6537
63195 7143
63195 6390
63195 6455
63195 6808
42336 5170
63195 6557
63195 6470
63195 7060
63195 6395
63195 6388
63195 6381
63195 6419
63195 6905
42336 6515
63195 6416
63195 6468
63195 6878
63195 6463
63195 6875
63195 6861
63195 6364
63195 7118
42336 5035
63195 6495
63195 6479
63195 7175
8764 5081
63195 6533
63195 6428
63195 6580
63195 6538
63195 6795
42336 1437
63195 6389
63195 6598
63195 6413
63195 6382
63195 6396
63195 6399
63195 6347
63195 7232
42336 6415
63195 6386
63195 6397
63195 6781
63195 6412
63195 6527
63195 6406
63195 6383
63195 6546
63195 6749
42336 5167
63195 6556
63195 6868
63195 6410
63195 6406
63195 6489
63195 6399
63195 6543
63195 6906
42336 5079
63195 6416
63195 6381
63195 6419
63195 6843
63195 6376
63195 6866
63195 6430
63195 6727
42336 5046
63195 6889
63195 6417
63195 6389
63195 6854
63195 6474
63195 6428
63195 6394
42336 6029
63195 6397
63195 6422
63195 6403
63195 6573
63195 6387
63195 6838
63195 6410
63195 6788
42336 6676
63195 6563
63195 6439
63195 6373
63195 6386
63195 6398
63195 6368
63195 6670
63195 6458
63195 7616
42336 5462
63195 6385
63195 6379
63195 6863
63195 6554
63195 6416
63195 6593
63195 6398
63195 7200
42336 5194
63195 6427
63195 6385
63195 6532
63195 6426
63195 6399
63195 6563
63195 6625
63195 7049
42336 5548
63195 6510
63195 6526
63195 6438
63195 6417
63195 6542
63195 6882
63195 6434
63195 6663
42336 6185
63195 6537
63195 7253
63195 6566
63195 7749
63195 6511
63195 6390
63195 6867
63195 6349
42336 4847
63195 6435
63195 6564
63195 6376
63195 6534
63195 6525
63195 6897
63195 6394
63195 6470
63195 6391
42336 5093
63195 6435
63195 6967
63195 6648
63195 6608
63195 7000
63195 6446
63195 6453
63195 7118
42336 5139
63195 6551
63195 6583
63195 6678
63195 6880
63195 6559
63195 6561
63195 8869
42336 7410
63195 6509
63195 6627
63195 7122
63195 6393
63195 6439
63195 6400
63195 7464
63195 6801
42336 5117
63195 6845
63195 6542
63195 6693
63195 6430
63195 7059
63195 7019
63195 6661
63195 6991
42336 5328
63195 7060
63195 6628
63195 8565
63195 6651
63195 6695
63195 6584
63195 7604
63195 6622
63195 6729
42336 6508
63195 6472
63195 6801
63195 9225
63195 6547
63195 6491
63195 6479
63195 7003
63195 6708
42336 5243
63195 6683
63195 6409
63195 6488
63195 8392
63195 6513
63195 6418
63195 6466
63195 7002
42336 5406
63195 6564
63195 6587
63195 6988
63195 6540
63195 6554
63195 6478
63195 6503
63195 7007
42336 5053
63195 6560
63195 6506
63195 6579
63195 6425
63195 6540
63195 6623
63195 7151
63195 8886
42336 7145
63195 6651
63195 6389
63195 6557
63195 6459
42336 4384
42336 4721
42336 5128
42336 3847
42336 3859
42336 3842
8510 3753
42336 6158
42336 3879
42336 3790
42336 4003
42336 3800
63195 7162
63195 6633
63195 6566
63195 6502
63195 6548
63195 7038
63195 6960
63195 6383
63195 6643
63195 6522
63195 6666
63195 5337
63195 6769
63195 8361
63195 6680
63195 6713
42336 4216
63195 6687
63195 6518
63195 7946
42336 6029
63195 6510
63195 6494
63195 6443
63195 6516
63195 6298
63195 3911
63195 6693
63195 6604
63195 7019
42336 5068
63195 6566
63195 6607
63195 7116
42336 5385
42336 3911
63195 7286
42336 5678
63195 6550
63195 6654
63195 6498
63195 6578
63195 7010
42336 5360
63195 6453
63195 8537
63195 6472
63195 6549
63195 6497
63195 6438
63195 6818
42336 5127
63195 6622
42336 4371
63195 6478
63195 6521
63195 6532
63195 7074
42336 5450
63195 6628
63195 6976
42336 5189
63195 6662
63195 6676
42336 5579
63195 6716
42336 5320
63195 6559
63195 7012
42336 5828
63195 6671
63195 6663
63195 6791
42336 5548
63195 6707
63195 7135
42336 5337
63195 9540
63195 6432
63195 6914
63195 6252
63195 7068
42336 5067
63195 6927
42336 5254
63195 13966
63195 6472
63195 6589
63195 6777
63195 5291
42336 4524
42336 4934
42336 5194
63195 6763
42336 5192
42336 3985
63195 7567
42336 5188
63195 6683
42336 3656
63195 7124
42336 5566
42336 3986
63195 6198
63195 6369
42336 3965
63195 6383
63195 4922
42336 5507
42336 6136
63195 6729
63195 6378
63195 6521
42336 5263
42336 6861
42336 3937
63195 6696
63195 6736
63195 6600
63195 6331
42336 4194
42336 5280
42336 3959
63195 6642
63195 6824
42336 5982
63195 6718
63195 6682
42336 5605
63195 6824
63195 6591
63195 6234
42336 4181
63195 6647
63195 6479
42336 4342
63195 6690
42336 5339
63195 6390
63195 8527
42336 5148
63195 8709
63195 7143
42336 5370
63195 6423
63195 6508
63195 6426
42336 4307
63195 6601
63195 6534
42336 5342
63195 6739
63195 6613
63195 6226
42336 3738
63195 6382
63195 6397
42336 5077
63195 6462
63195 6664
42336 5037
63195 6503
63195 6491
63195 3721
42336 4016
63195 6485
63195 6208
42336 3691
63195 7026
42336 5095
63195 6856
63195 6537
42336 5646
2322 103
29334 4982
24875 5350
42336 3683
38241 3925
42336 3882
42336 5066
42336 5277
42336 3821
42336 3832
42336 3808
42336 4669
42336 5347
42336 3818
14041 3732
63195 6584
63195 7086
42336 5421
63195 6369
63195 6716
63195 6605
63195 6410
42336 6241
63195 6549
63195 6414
63195 6636
63195 6669
63195 6485
63195 6439
63195 6520
63195 7051
63195 8268
63195 6589
63195 6423
42336 4124
14041 7024
14041 6414
38241 5136
14041 6407
14041 6476
14041 6513
14041 6925
14041 6419
14041 6357
14041 6439
14041 6385
38241 6075
42336 3695
63195 6458
63195 6431
63195 6548
42336 6135
63195 6415
63195 6497
63195 6389
63195 6587
63195 6403
63195 6382
42336 5437
63195 6381
63195 6490
63195 6178
63195 6727
42336 5071
63195 7530
63195 6651
63195 6513
42336 4083
63195 6373
63195 6619
63195 6432
42336 4899
63195 6416
63195 6384
42336 4933
63195 6422
63195 6403
63195 4785
63195 5160
63195 6958
42336 5163
63195 6423
63195 6377
42336 4245
63195 6398
63195 6726
63195 6476
63195 6394
63195 6763
63195 6381
63195 6383
63195 6486
42336 5023
63195 6277
63195 6387
63195 6403
63195 7164
63195 6402
63195 6383
63195 6388
63195 6506
63195 7341
42336 5551
63195 6397
63195 6875
63195 4964
63195 5090
63195 3014
63195 96
42336 3834
63195 3640
43380 6183
43380 6372
63195 6438
63195 6378
63195 6452
42336 6268
63195 6374
63195 6555
63195 6396
63195 6449
63195 6391
42336 3653
63195 6438
63195 6513
63195 6934
63195 6439
63195 6427
63195 6507
42336 5209
63195 6890
42336 6485
63195 6361
63195 6439
42336 5327
63195 6408
63195 6434
42336 5072
36765 3621
14041 6394
14041 6930
38241 5079
14041 6606
14041 6471
38241 6087
14041 6500
14041 6387
14041 6491
14041 6888
38241 5083
14041 6397
14041 6585
14041 6437
14041 6877
38241 5077
36765 6387
36765 6451
43380 6294
36765 7818
36765 6348
36765 6599
36765 6902
36765 6382
36765 6395
36765 4933
43380 3649
63195 6549
63195 6412
63195 6572
63195 6406
63195 6409
63195 6898
42336 5261
63195 6405
63195 6371
63195 6559
63195 6594
63195 6586
63195 6444
63195 6469
63195 6393
63195 6643
63195 6420
42336 6256
63195 6838
63195 6418
63195 6787
42336 5084
63195 7173
63195 6489
63195 6910
63195 6399
63195 6413
63195 6460
63195 6636
42336 5154
63195 6572
63195 6401
63195 6644
63195 6477
63195 6436
63195 6380
63195 6729
63195 6381
42336 4859
63195 6871
63195 6877
63195 6663
63195 6378
63195 6386
63195 6376
63195 6524
63195 6864
42336 5084
63195 6364
63195 6517
63195 7302
63195 6451
63195 6379
63195 8014
63195 6944
63195 6502
42336 6326
63195 6568
63195 6416
63195 6375
63195 6702
63195 6361
63195 6386
63195 6426
63195 6403
42336 4884
63195 6539
63195 6365
63195 6437
42336 6019
37838 3612
63195 6388
63195 6805
42336 5175
63195 6427
63195 6866
42336 5209
63195 6414
63195 6354
63195 6457
42336 6159
63195 6435
63195 6448
63195 7012
42336 5242
63195 6982
63195 6384
63195 6481
42336 5017
63195 6666
63195 6417
63195 6586
63195 6388
42336 5072
63195 6472
63195 6406
63195 6441
63195 6416
63195 6569
63195 6548
63195 6381
63195 6743
42336 6423
63195 6908
42336 5196
14041 6367
14041 6395
14041 6433
14041 6530
14041 6757
38241 4673
14041 6802
38241 5044
14041 6589
14041 6355
14041 6554
38241 6417
14041 7433
38241 5627
14041 6881
14041 6356
14041 6396
14041 6410
38241 5002
14041 6466
14041 6608
38241 5590
43581 4603
63195 6500
63195 6402
63195 6531
63195 6401
63195 6411
42336 5406
63195 6543
42336 3586
63195 6372
63195 6861
42336 5194
63195 6449
63195 6373
63195 6423
63195 6401
42336 4878
63195 6412
63195 6915
42336 5187
63195 6425
63195 6623
63195 8265
42336 5644
63195 6638
42336 6321
63195 6401
63195 6758
63195 6773
63195 6393
63195 6792
42336 5189
63195 6522
63195 6667
63195 6864
42336 4967
63195 6676
63195 6451
63195 6654
63195 6410
42336 5001
63195 6430
63195 6362
63195 7255
42336 5299
63195 6639
42336 5153
63195 6377
63195 6371
63195 6712
63195 6519
63195 6962
42336 5383
63195 6444
42336 3623
63195 8562
63195 6738
42336 6567
63195 6479
63195 7952
63195 6381
63195 6444
63195 6383
63195 7276
42336 6831
63195 6494
63195 7096
42336 5233
63195 6416
63195 6363
63195 6422
63195 6534
63195 6545
63195 6495
63195 7014
42336 4907
63195 6383
63195 6566
63195 6509
63195 6407
63195 6453
63195 6430
63195 6498
63195 6433
42336 5430
63195 8051
63195 6378
63195 6382
63195 6414
42336 4900
63195 6496
63195 6583
63195 6450
63195 6383
63195 6391
63195 6409
42336 6191
63195 6701
63195 6386
42336 5134
63195 6420
63195 6582
42336 6415
63195 6563
63195 6470
63195 6899
63195 6479
63195 6412
63195 6633
63195 6434
63195 6457
42336 6090
63195 6866
63195 6643
63195 6387
63195 6580
63195 7991
42336 6893
63195 6595
42336 6419
63195 6693
42336 5079
63195 6414
63195 6514
63195 6393
63195 6772
63195 6416
63195 6671
63195 6589
63195 6714
42336 5116
14041 6507
14041 6429
14041 6505
14041 6601
14041 7037
38241 4951
14041 6621
14041 6491
14041 6990
14041 6392
14041 6575
14041 6703
14041 7916
14041 6904
38241 5257
14041 8700
14041 6572
14041 6542
14041 6526
14041 6988
38241 5273
14041 6608
14041 6968
14041 6616
38241 5121
63195 6503
63195 6374
63195 6688
63195 6546
63195 6543
63195 6370
63195 6645
63195 6551
42336 6148
63195 6407
63195 6418
63195 6594
63195 6635
42336 5446
63195 6615
63195 6650
63195 6512
63195 6589
42336 4312
63195 8360
63195 6822
63195 6487
63195 8365
63195 6403
63195 6394
63195 6368
63195 6396
63195 6554
42336 5097
63195 6685
63195 6503
63195 6776
63195 6517
63195 6408
63195 6550
63195 6523
63195 6988
42336 4945
63195 6389
63195 6432
63195 6486
63195 6896
63195 7038
63195 6511
63195 6770
63195 7229
42336 5101
63195 6401
63195 6425
63195 6686
63195 6575
63195 6731
63195 6599
63195 6399
63195 8362
63195 6676
42336 5212
63195 6655
63195 6865
63195 6497
63195 6731
63195 6615
63195 6473
63195 6486
63195 6610
42336 5427
63195 6879
63195 6520
63195 6626
63195 6569
63195 6583
63195 6460
63195 6641
63195 6559
42336 5090
63195 6668
63195 6413
63195 6565
63195 6520
63195 7210
63195 6521
63195 6485
63195 6875
42336 5211
63195 6715
63195 6508
63195 8569
63195 6396
63195 6507
63195 6755
63195 6584
63195 6598
42336 5549
63195 6534
63195 6494
63195 7503
63195 6679
63195 6461
63195 6396
63195 6353
63195 6604
63195 7107
42336 5105
63195 6740
63195 6616
42336 6160
63195 6567
63195 6587
63195 8186
63195 6505
63195 6695
42336 5234
63195 6687
42336 4397
63195 6545
63195 6433
63195 6536
63195 6504
63195 7987
42336 5139
63195 6779
63195 6665
63195 6521
42336 5201
63195 6577
42336 4385
63195 6404
63195 6493
63195 6506
63195 6972
63195 6387
63195 6561
63195 6434
63195 6924
42336 5016
63195 6387
63195 6563
63195 6586
63195 6451
63195 6363
63195 7122
42336 4952
63195 6549
42336 4163
63195 6375
63195 6377
63195 6545
63195 6679
63195 7956
63195 6893
63195 7000
63195 6509
42336 5151
14041 7027
14041 6682
14041 6542
14041 6960
38241 5032
14041 6968
14041 6372
38241 5138
14041 6454
14041 6860
38241 4937
14041 6708
14041 6372
14041 6373
14041 6914
14041 6664
14041 6747
14041 6534
38241 6302
14041 6537
14041 6418
14041 6761
38241 4704
14041 6492
14041 6379
14041 6521
14041 6558
14041 8015
14041 6593
14041 6725
14041 6398
38241 5173
63195 6425
63195 7092
42336 5057
63195 6551
63195 6380
63195 6454
63195 6411
63195 6567
63195 6506
63195 6574
63195 6780
42336 5098
63195 6564
63195 6370
63195 6877
42336 6434
63195 6443
63195 6460
42336 5134
63195 6575
63195 6436
42336 5088
63195 6516
63195 6584
63195 6399
63195 6498
63195 7976
63195 7744
42336 6189
63195 6585
63195 7018
42336 5282
63195 6955
63195 6539
63195 6767
42336 4963
63195 7116
42336 5126
63195 6381
63195 6594
42336 6208
63195 6543
63195 6970
42336 5233
63195 6768
63195 6730
63195 6988
63195 6762
42336 5178
63195 6614
63195 6426
63195 6604
63195 6677
42336 5079
63195 6651
63195 6617
63195 6405
63195 6605
63195 7652
42336 5855
63195 7049
42336 5122
63195 6637
63195 6607
42336 6371
63195 6371
63195 6704
63195 6430
63195 6519
63195 6460
63195 6405
63195 7002
42336 5243
63195 6764
42336 4909
63195 6598
63195 6592
63195 6386
63195 6456
63195 6499
63195 6393
63195 6406
63195 7011
42336 5256
63195 6383
63195 6875
63195 6464
63195 7916
63195 6433
63195 6405
63195 7949
63195 6380
63195 6774
42336 5168
63195 6589
63195 6388
63195 6487
63195 6356
63195 6871
63195 6403
63195 6359
63195 6405
42336 5314
63195 6813
63195 6368
63195 6407
63195 6358
63195 6404
63195 6413
63195 6390
63195 6402
42336 6269
63195 6623
63195 6367
63195 6498
63195 6391
63195 6612
63195 6532
63195 6524
63195 6365
63195 6530
42336 6408
63195 6956
63195 6506
63195 6359
42336 5044
63195 6344
63195 6408
63195 6392
42336 4851
63195 6388
63195 6558
42336 6397
63195 6475
42336 5270
63195 6372
63195 6506
42336 6292
63195 6404
63195 6957
42336 4024
63195 6540
63195 6893
42336 6671
63195 6387
63195 6374
63195 6399
63195 7100
42336 4949
63195 6516
63195 6564
63195 6533
63195 7018
42336 5256
63195 7197
63195 6364
63195 6481
63195 6921
42336 5454
63195 6452
63195 6650
42336 6364
63195 6383
63195 6728
63195 6528
42336 6191
63195 6599
42336 3602
63195 6394
63195 6639
42336 5059
63195 6871
63195 6576
63195 6374
63195 6373
63195 6386
63195 6424
63195 6395
63195 6802
42336 5169
63195 6468
63195 6561
63195 6512
42336 6241
63195 6526
42336 4024
63195 7181
63195 6606
63195 6419
42336 6242
63195 6692
42336 4707
63195 6414
63195 6355
63195 6429
63195 6566
42336 6181
14041 6380
14041 6492
38241 5193
14041 6356
14041 6888
38241 5061
14041 6370
14041 6576
38241 5290
14041 6368
14041 6400
38241 4847
14041 6590
14041 6629
38241 6405
14041 6373
14041 6403
38241 4282
14041 6366
14041 6381
38241 5111
14041 6963
63195 6691
63195 6486
63195 6389
63195 6396
42336 4509
63195 6416
63195 6386
42336 4911
63195 6440
63195 6673
42336 5130
63195 6442
63195 6399
63195 6388
63195 6512
42336 5046
63195 6464
63195 6392
42336 5043
63195 6398
63195 6544
63195 6770
42336 4895
63195 6377
63195 6884
63195 6422
63195 6378
63195 6614
63195 7107
42336 5515
63195 6442
42336 4297
63195 6485
63195 6591
63195 6570
42336 6435
63195 6414
63195 6358
63195 6375
63195 6791
42336 5189
63195 6443
42336 6149
63195 6483
63195 6843
63195 6394
63195 6392
63195 6387
42336 5262
63195 6390
63195 6363
63195 6385
42336 6198
63195 6371
63195 6361
63195 6415
63195 6384
42336 6206
38241 3698
42336 3701
29334 3648
44995 3669
44995 6081
44995 4237
44995 4148
59160 346
59160 6428
44995 3729
63195 6631
63195 6379
63195 6393
63195 6397
63195 6930
42336 5228
63195 6372
63195 6392
63195 6434
42336 6065
5886 3642
2322 3737
59160 6085
32099 3831
44995 3598
22237 3817
32099 3634
32099 7907
28623 6229
14908 3814
22237 3802
22237 11856
22237 6374
22237 6412
22237 6408
22237 3698
32099 5157
32099 5080
32099 3721
32099 6342
51472 3628
51472 3718
17047 3622
22237 3786
22237 6238
32099 4921
22237 6443
22237 6765
32099 5090
22237 6401
22237 6582
22237 6387
22237 6383
32099 6252
22237 6403
32099 3815
22237 6423
32099 5327
22237 6390
22237 6416
22237 7220
32099 4928
22237 6386
22237 6491
22237 308
32099 4701
59160 3806
15504 4309
44995 3706
30864 4791
23166 5149
15504 3609
15504 6975
43646 3732
30864 3619
30864 6485
51472 3782
17047 3678
23166 3605
23166 7818
23166 6378
23166 6556
23166 3765
15504 3607
15504 4710
23166 5091
15504 6393
30864 6703
23166 3789
17047 4155
2707 3994
15504 4729
43646 4942
43646 7373
43646 6363
43646 6378
43646 5099
30864 3609
30864 3723
43294 5131
2707 4218
2707 7263
51472 4467
43646 5269
43294 3595
43294 5143
2707 6442
2707 6825
30864 5030
50038 3717
23166 3941
15504 4812
43294 5177
43294 6348
43294 3901
2707 3596
43294 3798
2707 2243
43294 4946
16548 3949
16548 6850
51005 5198
16548 6892
51005 5314
16548 6560
51005 6188
16548 7261
51005 3863
51005 3647
16548 7464
51005 1406
51005 2063
16548 6548
51005 2283
16548 8131
51005 2924
51005 3607
51005 3809
51005 3632
51005 1915
51005 3610
51005 3622
51005 4649
51005 6363
51005 6612
16548 5029
51005 6478
51005 6376
51005 6511
51005 6381
51005 6564
51005 6928
16548 5163
51005 6433
51005 7583
51005 6478
51005 6591
51005 6888
16548 6523
51005 6901
51005 6518
51005 6660
16548 5705
23166 3770
15504 3797
47043 3609
39470 3681
16548 6361
16548 6813
51005 5212
51005 6374
51005 7396
16548 6138
1387 4973
14574 3944
40173 3665
44834 3795
41935 3696
27199 3706
40038 3598
44995 3667
44995 6039
26976 3651
47008 3635
59160 3672
59160 3858
44995 4177
42712 3664
26976 3665
59160 6099
20191 3778
2783 4126
44995 4106
63198 4275
42699 3773
20191 3592
20191 6783
22219 3874
2783 4918
2783 5806
50890 4643
63198 3727
63198 6723
42699 4970
42699 7105
42699 6609
42699 6429
20191 3629
22219 3803
20191 3819
20191 6170
22219 7322
22219 6762
2783 4933
22219 6303
2783 6032
50890 4100
50890 7101
50890 7242
63198 5664
50890 6495
63198 3751
42699 6106
42699 4804
20191 3855
22219 5048
2783 3694
50890 6101
63198 3637
14492 3595
10371 3823
44995 3654
44995 4735
59160 3662
59160 4952
43380 4883
43380 6901
44995 5194
36765 4073
36765 6382
36765 6442
36765 6374
43380 5103
36765 6394
36765 6897
36765 6882
43380 4957
16548 6150
16548 6552
16548 6427
51005 2670
51005 208
51005 316
51005 5162
51005 609
51005 3595
51005 3802
51005 3609
51005 3695
51005 3643
51005 3612
51005 3614
51005 4820
51005 216
51005 3669
51005 3620
51005 3813
51005 807
51005 6866
51005 6594
51005 6411
51005 6997
16548 4907
51005 6560
51005 6368
51005 6390
16548 6174
51005 6781
51005 6839
51005 6381
51005 6402
51005 6374
51005 6521
51005 6393
16548 3861
43380 3585
16548 6129
16548 6563
36765 5011
43380 3770
51005 4658
51005 7291
16548 5461
44995 4137
59160 3649
16548 6319
16548 6450
16548 6425
51005 2844
51005 1609
51005 3591
51005 3629
51005 3797
51005 3589
51005 3769
51005 4334
51005 3772
51005 4668
51005 2572
51005 3628
51005 3582
51005 190
51005 4093
51005 6512
51005 6355
51005 6422
51005 6479
51005 7046
16548 5367
51005 6376
51005 6404
51005 6495
51005 6524
51005 6578
51005 6394
51005 6570
51005 6397
51005 3175
16548 3609
16548 6157
16548 6239
51005 5438
51005 6356
16548 3884
64506 3588
43646 710
30864 4334
63949 3946
16548 6333
16548 6447
16548 6945
51005 1516
51005 3595
51005 4808
51005 5138
51005 3626
51005 679
51005 3651
51005 3621
51005 3628
51005 3575
51005 1237
51005 1912
51005 659
51005 3663
51005 3629
23166 792
15504 3716
51005 6718
51005 6447
51005 6793
16548 5167
51005 6385
16548 3852
51005 6872
51005 6581
51005 6525
51005 6365
51005 6595
51005 6893
51005 6469
51005 11389
51005 6390
51005 6997
51005 6169
16548 3603
60080 3679
60080 3604
17355 3616
17355 3671
60080 3620
16548 6132
16548 6354
51005 3612
33343 3676
51005 6379
16548 3643
32318 3690
55172 3799
18309 3775
20026 4641
61959 5048
16548 3832
16548 6432
16548 6612
51005 42
51005 3610
51005 3624
51005 1664
51005 4919
51005 4098
51005 3644
51005 3743
51005 3594
51005 3730
51005 3718
51005 1233
51005 5094
51005 4966
51005 3622
51005 3585
51005 3631
51005 22
51005 6809
51005 6385
51005 6361
51005 6371
51005 6526
51005 6376
51005 6555
51005 6468
16548 5435
51005 6809
51005 6865
51005 6414
51005 6502
51005 6645
51005 6336
16548 4328
21954 4982
21954 3604
220 639
21954 3592
18631 3789
58514 3650
16548 6151
16548 6275
51005 4779
51005 6404
16548 4840
35667 4082
5953 3774
3841 3656
16548 6195
16548 6451
16548 6374
44995 4157
44995 3691
15504 678
30864 3623
59160 3752
59160 4581
59160 5140
51005 4069
51005 1572
51005 217
51005 1400
51005 1545
51005 378
51005 54
51005 865
51005 3781
51005 932
51005 518
51005 3606
51005 3597
51005 3590
51005 1360
51005 6819
51005 6568
51005 6419
51005 7006
16548 5258
51005 6591
51005 6642
51005 10051
51005 6425
51005 6523
51005 6412
51005 6864
51005 7637
51005 7124
51005 6918
16548 5069
44995 3608
43646 3845
23166 3639
15504 4589
59160 5213
5550 3925
20910 3854
44995 3625
22539 3824
20910 3618
20910 6855
43019 3837
5550 3646
5550 7141
16548 5220
16548 6278
22539 3999
22539 7338
22539 6573
20910 6170
22539 6366
22539 6869
20910 5081
43019 3616
43019 7276
43019 6599
5550 6454
43019 6405
43019 6974
5550 5427
20910 3802
5550 6157
51005 3597
51005 6816
16548 6394
22539 6210
20910 6231
43019 3753
5550 3642
22539 6180
44995 3756
44995 6091
59160 3770
59160 3766
20910 4069
44995 3607
59160 6118
32798 3980
64957 3777
32798 4091
32798 6782
44995 3612
64957 3711
64957 7264
64957 6529
64957 6789
32798 4310
64957 7297
32798 5340
64957 3896
32798 4199
32798 6193
32798 3961
64957 6129
64957 3659
32798 3596
32798 3646
16548 6142
16548 6349
16548 6756
64957 5293
51005 3669
51005 3617
51005 3652
51005 3767
51005 2243
51005 3667
51005 3595
51005 187
51005 778
51005 3675
51005 2475
51005 3718
51005 3654
51005 3692
51005 1075
51005 3646
51005 4634
51005 1712
51005 3627
51005 6376
51005 6370
51005 6477
51005 6631
16548 5041
51005 6482
51005 6435
51005 6900
51005 6406
51005 6425
51005 6957
16548 5097
64957 5893
64957 3643
32798 3601
26920 3579
37116 4892
32798 5078
64957 3631
16548 6169
16548 6809
51005 5081
51005 6705
64957 5407
16548 3600
32798 3592
3841 4291
3772 4793
19712 5074
64957 6984
64957 6322
64957 6279
64957 6592
64957 6962
32798 4938
64957 6420
64957 6403
32798 4163
64957 6571
64957 6371
64957 6520
64957 6390
64957 6524
64957 3677
64957 6422
64957 6364
64957 6084
64957 3637
32798 3606
2783 3594
44995 3696
44995 6046
44995 3677
44995 3726
34972 3761
59160 3724
59160 4671
59160 5231
44995 3706
30560 3945
59160 4099
22219 4139
2783 3612
39919 3799
20975 3598
48028 3604
37764 4630
64180 4934
23189 3632
44995 4142
44995 3803
63198 3621
44995 3664
44995 5207
44995 4988
44995 3794
59160 1901
59160 3800
59160 3694
59160 78
59160 3697
44995 3605
59160 4756
59160 5250
44995 3907
50890 3779
63198 3591
44995 3853
44995 6227
59160 3802
59160 4277
44995 3622
44995 4697
44995 5011
44995 3715
44995 4036
44995 4902
44995 4917
44995 3806
44995 3816
44995 6231
44995 3623
44995 3759
59160 863
59160 2431
44995 5425
59160 3630
59160 1467
59160 3624
44995 3758
59160 3711
59160 3626
59160 4572
59160 4996
44995 4246
59160 3907
32798 6045
59160 3760
44995 3602
34632 3815
37707 5285
28490 5567
11082 5118
55115 3801
64957 3619
64957 7122
64957 6465
64957 6510
32798 3584
64957 6378
64957 6284
64957 6397
64957 6228
32798 6101
64957 6434
64957 6935
32798 5150
64957 6400
64957 6386
64957 6514
32798 4636
59160 5053
21832 5289
34590 3800
34632 4143
34632 6840
34587 3675
55115 3601
55115 6814
59162 3650
28490 3628
5914 3710
11082 4324
30491 5338
37707 4990
11082 5116
28490 6392
37707 5387
43337 3700
44995 4595
38513 4958
22910 3763
15864 3778
21832 3632
21832 6457
34590 3748
34590 7277
34590 6568
34590 5155
34632 3920
34632 6255
34587 3770
34587 7317
34587 6373
34587 3864
55115 3797
5914 3637
59162 4679
5914 7352
5914 6359
5914 6615
11082 4106
55115 4893
59162 7308
59162 7024
59162 6283
28490 3907
30491 3748
30491 7282
30491 6562
30491 5303
37707 4192
11082 6325
28490 6624
37707 3807
44537 3816
43337 3681
43337 6480
44995 4691
44995 5129
59160 3610
59160 3630
44995 3768
34590 3679
34590 4691
34632 6312
34587 3612
59162 5129
5914 3589
30491 3632
15864 4103
34587 3695
55115 6152
44995 4520
5914 4765
11082 5179
59162 5244
44995 4940
28490 6243
44995 308
44995 232
44995 1972
44995 6144
30491 3825
44537 3617
37707 6296
44537 7228
44537 6859
43337 4987
44537 3823
15864 7272
15864 7000
21832 5128
15864 6321
43337 3809
21832 6286
59160 176
59160 3702
59160 3623
44995 3692
59160 4667
59160 5142
44995 3600
34590 4578
34590 4876
34590 4987
34632 3613
34590 4055
34632 3640
34632 3721
34587 3590
34587 631
34587 3638
55115 3603
55115 3619
5914 3616
5914 6064
5914 108
11082 3602
59162 4668
59162 5138
59162 676
28490 3652
30491 4763
30491 5288
30491 3944
30491 4578
37707 4939
44537 4071
15864 3702
44537 3790
43337 6961
15864 4451
21832 3991
34590 3610
34587 3844
44537 3626
44537 6414
59160 5169
29332 3808
43337 3680
8179 4220
29332 4685
29332 6919
44995 4287
8179 3854
8179 7400
8179 6872
8179 6949
29332 5102
29332 4985
29332 3656
29332 4752
11082 5146
28490 226
37707 260
43337 6415
8179 6106
8179 4022
8179 3702
29332 3640
29332 4723
8179 7814
29332 6058
8179 6486
8179 6395
8179 6472
8179 6515
8179 1693
29332 3614
57013 3598
8179 3762
44995 4749
44995 5057
32798 3895
44995 3649
44995 4912
16240 4918
59160 3595
59160 3803
59160 3656
44995 3655
64957 6358
64957 6415
32798 6288
64957 6328
64957 6621
64957 6378
64957 6819
32798 5018
59160 4785
64957 6515
64957 6523
64957 5296
32798 4967
32798 3762
32798 3671
64957 6323
64957 7017
32798 5539
64957 6497
64957 6910
32798 5071
32798 3680
32798 3815
32798 6047
64957 6417
64957 6473
64957 6505
32798 6228
64957 6493
64957 6430
64957 6682
32798 5039
46764 5111
64957 5080
44995 3612
64957 3588
64957 6315
64957 6912
32798 6475
64957 6307
32798 3766
64957 6443
64957 3687
32798 4209
64957 6506
32798 4856
64957 6317
64957 6341
64957 3699
32798 3639
64957 6760
64957 6951
32798 4933
5914 4998
59162 3617
28490 3611
30491 3617
37707 3614
44537 3600
44537 6411
59160 6217
43337 3678
14100 3746
44995 4632
44995 5013
59160 3666
59160 3698
59160 3707
59499 3943
15468 3852
49261 4692
33901 4978
30828 3851
3181 3705
44995 4310
19860 3636
506 4055
18475 3865
15468 3754
15468 6750
30755 3795
59499 3606
44995 5161
44995 5164
59499 6788
44995 3674
44995 3724
10282 5249
33901 3629
44995 4992
44995 3745
33901 6921
44995 3656
44995 4707
47147 5024
30828 3599
30828 6865
55338 3894
49261 3598
49261 6618
59160 3638
59160 3622
59160 3630
59160 6206
44995 4878
29332 3712
29332 5137
29332 5143
29332 3716
29332 3754
29332 3729
59160 4601
59160 5021
59160 4824
44995 5342
29332 3667
29332 3728
59160 3604
59160 3651
59160 6182
44995 3624
29332 4738
59160 4930
59160 3656
8179 3729
8179 3603
8179 3659
8179 3622
8179 916
43337 6238
8179 1354
34857 3826
3181 3723
21832 6367
8179 4357
3181 6889
8179 6872
8179 6383
8179 6412
8179 6540
29332 6135
8179 6537
8179 3817
29332 3587
8179 6405
8179 6478
8179 6406
29332 6236
8179 6848
8179 6122
29332 3662
8179 6370
29332 6090
8179 6385
8179 2487
29332 3603
8179 6398
8179 6432
8179 6375
29332 6226
8179 963
8179 2559
29332 3632
8179 6353
8179 6436
29332 4057
8179 7034
8179 6594
8179 6398
8179 6393
29332 4823
8179 6921
8179 6577
8179 6702
8179 6799
29332 5196
45390 3752
42317 3889
44995 3758
44995 4105
29332 6056
44995 3665
44995 3701
29332 3675
32798 6000
32798 3645
8179 6388
8179 6947
29332 4954
8179 6495
8179 6914
29332 5084
8179 7513
29332 5560
8179 6376
8179 6535
8179 6559
29332 5103
8179 7028
8179 6383
8179 6432
29332 6012
8179 6395
29332 5078
8179 6426
8179 6356
8179 6549
29332 5367
29332 3926
8179 6397
8179 6785
29332 5057
8179 6409
8179 6977
29332 5075
8179 6872
8179 6406
8179 6911
29332 5079
8179 6878
8179 6787
29332 5207
8179 6456
29332 4163
32798 5001
32798 3928
32798 3720
32798 5212
44995 4966
44995 4243
59160 3805
59160 6143
44995 3639
32798 3669
59160 4665
64957 4990
8179 6372
8179 6239
29332 3607
8179 6371
8179 6411
8179 6900
29332 4927
8179 6869
8179 6414
8179 6551
29332 5443
8179 6365
8179 6397
29332 4868
8179 6419
29332 4918
8179 6571
8179 6382
8179 6422
8179 6588
8179 6387
29332 6245
8179 6912
8179 6556
29332 5150
8179 6891
8179 7248
29332 5330
8179 7066
29332 5120
8179 7047
8179 6405
8179 6396
8179 6963
29332 5195
8179 6505
8179 6367
8179 6427
29332 6066
8179 6378
8179 6941
29332 5060
64957 6329
64957 6613
32798 5050
32798 3676
59160 3618
59160 4616
44995 3574
64957 5133
64957 6338
64957 6330
32798 5111
64957 7118
64957 6405
32798 4271
64957 6429
32798 5207
64957 6855
64957 6435
64957 6419
32798 6266
64957 6463
32798 3736
64957 6752
32798 5071
64957 6379
64957 6135
32798 3694
32798 3701
32798 3673
64957 6450
64957 6339
64957 3641
32798 4605
32798 4993
64957 3723
32798 4682
64957 3756
64957 6437
32798 3635
64957 1219
32798 3610
64957 6333
32798 3772
64957 6337
64957 6359
32798 4138
64957 7459
64957 6618
32798 5005
18475 3670
18475 7334
18475 6425
18475 6257
15468 3692
30755 3584
30755 7532
30755 6423
30755 6302
59499 3610
15468 3891
59499 6038
10282 3619
10282 7146
10282 6387
10282 6473
33901 5099
33901 3708
64957 6378
64957 6426
64957 5102
32798 3598
59160 6190
29332 3913
55338 3595
47147 3617
55338 7594
55338 6563
55338 6867
49261 4054
47147 7059
47147 6361
47147 6300
30828 5409
49261 3943
30828 3717
8179 6423
8179 6588
8179 6697
29332 4880
8179 6630
29332 4403
44537 3634
44537 6372
52722 3976
45390 3597
15863 3750
42317 3719
45390 6958
15864 6813
42317 6747
15864 6380
34857 6108
34857 7506
34857 6376
34857 6304
3181 4811
44995 4417
3181 4832
59160 5116
29332 5319
59160 5091
44995 3596
8518 3818
25926 3724
8179 6388
8179 5082
8179 3755
29332 3756
39239 3966
27765 3957
8518 3605
40053 4258
25926 4666
25926 6671
8518 6012
8179 3706
29332 4664
21832 4971
43337 3702
3188 3873
39239 3639
39239 6821
40053 4562
27765 3633
40053 7614
40053 6403
40053 3689
25926 3671
27765 7548
27765 6531
27765 5556
8518 4995
3188 4313
25926 3811
8518 800
25926 4682
25926 5233
25926 3684
3188 7530
3188 6427
3188 3872
39239 3607
39239 3683
40053 6176
25926 3612
27765 6214
8518 3628
27765 4084
8518 4601
40053 4953
40053 3637
40053 6414
40053 6394
40053 6826
25926 5212
40053 6483
40053 6511
40053 7176
25926 5603
40053 6461
40053 6501
40053 6405
40053 6436
40053 6899
40053 6612
25926 5142
40053 6417
40053 6747
25926 6689
40053 6373
40053 6497
25926 5469
40053 6576
40053 6396
25926 6195
40053 6429
40053 6791
25926 5303
40053 6589
25926 3685
40053 6364
40053 6889
40053 6602
25926 5242
40053 6431
25926 6212
40053 6387
40053 6839
40053 6450
25926 4296
3188 6187
40053 6542
40053 6520
40053 6406
40053 6640
25926 6229
40053 6958
25926 6848
40053 6383
40053 6406
25926 4921
40053 6389
40053 7430
25926 6162
40053 6727
40053 6872
40053 6423
25926 6029
40053 6368
40053 6392
40053 6494
25926 6221
40053 6986
25926 5085
40053 6598
40053 6431
40053 6643
25926 5376
40053 7038
25926 4912
40053 6372
40053 6609
40053 6374
25926 6260
40053 6386
40053 6428
25926 6284
40053 7105
40053 6411
25926 4828
40053 7270
25926 5016
40053 6597
40053 6497
40053 6984
25926 5096
40053 7208
25926 5452
40053 6391
40053 6374
40053 6883
25926 4948
40053 6511
40053 6402
25926 4864
40053 6418
25926 6199
40053 6402
25926 3609
40053 6335
40053 6642
40053 6393
25926 4877
40053 6740
25926 4899
40053 6669
40053 6521
40053 6919
25926 6530
40053 6401
40053 6385
25926 6239
40053 6381
25926 6166
40053 6382
40053 6405
25926 6038
40053 6419
40053 6389
40053 6372
25926 4888
40053 6634
40053 6472
25926 6194
40053 6362
40053 6499
25926 5021
40053 6568
25926 6203
40053 6366
18475 6278
15468 6383
40053 6546
40053 6389
40053 6792
40053 6964
25926 5195
40053 6423
25926 5126
40053 7461
40053 6578
40053 7273
25926 7028
40053 6550
25926 5068
40053 6385
40053 6600
40053 6409
25926 6021
40053 6402
25926 3690
40053 6395
40053 6442
25926 6220
40053 6422
40053 6971
25926 5192
40053 6399
40053 6395
25926 6029
40053 6491
30755 3808
40053 6604
25926 5119
59499 6187
40053 6548
40053 6817
25926 5210
40053 6421
10282 6151
33901 6201
40053 7539
25926 5742
40053 6384
40053 6380
40053 6379
25926 6084
40053 6419
25926 6261
40053 6543
40053 6515
25926 6095
39239 3606
40053 6411
40053 6574
25926 6132
40053 6389
40053 6401
40053 6605
25926 6315
40053 6530
40053 6665
40053 7139
25926 5352
40053 6386
40053 6734
25926 6559
40053 6500
40053 6499
40053 8371
25926 5195
40053 6968
25926 5366
40053 7872
40053 6586
25926 4635
40053 6506
40053 6722
25926 5063
40053 6736
40053 6473
40053 6425
40053 6463
40053 6796
25926 5208
40053 7079
25926 5491
40053 6512
40053 6477
40053 6410
25926 6054
40053 6433
25926 3618
40053 6424
40053 6428
25926 6214
40053 6383
40053 6861
40053 6469
40053 6548
40053 6502
25926 5024
40053 6417
25926 4991
40053 6393
40053 7745
40053 7186
25926 5169
40053 6934
25926 5184
40053 6358
40053 6572
25926 6397
40053 6371
40053 6425
40053 6626
25926 6368
40053 6448
25926 3595
40053 6587
40053 6871
40053 6382
40053 6440
40053 6451
25926 6054
40053 6420
25926 3661
40053 6638
40053 6495
25926 4338
40053 6363
40053 6397
25926 6155
40053 6371
40053 6565
40053 6421
25926 4868
40053 7681
25926 7515
40053 6604
40053 6540
25926 6305
40053 6700
40053 7432
25926 6160
40053 7358
40053 6429
40053 6439
40053 6405
40053 6436
25926 6192
40053 6535
25926 6111
40053 6444
40053 6378
40053 6551
25926 6149
40053 6389
40053 6547
40053 6529
40053 6899
25926 4896
55338 3997
49261 6432
47147 6233
30828 6322
15863 5200
52722 3643
15863 8343
52722 8479
52722 6530
45390 5352
15863 6384
52722 6156
42317 3757
15863 4779
45390 5648
42317 6191
34857 3787
3181 3691
18475 6421
18475 6383
15468 6239
18475 6435
18475 6542
18475 6847
18475 6259
18475 6385
18475 6376
18475 6412
18475 6996
15468 5033
30755 6924
30755 6351
30755 6525
30755 6486
30755 7063
30755 6261
30755 6398
30755 6518
30755 6409
30755 7799
59499 5637
15863 4834
15863 6200
42317 7090
52722 5217
55338 6427
55338 6460
55338 6594
55338 6373
55338 6403
55338 6509
49261 4895
55338 6418
55338 6365
55338 6383
55338 6786
49261 5309
52722 3827
45390 6257
47147 6539
47147 6879
30828 5288
47147 6666
47147 6598
47147 6382
47147 6277
47147 6545
47147 6388
47147 6747
47147 7495
30828 6231
32798 5058
32798 3669
32798 3737
32798 6046
32798 3726
32798 3797
25926 3818
25926 6009
25926 3691
29332 3729
29332 3703
44995 4714
44995 5224
29332 3880
64957 6328
64957 6603
32798 4186
32798 3659
64957 3797
40053 3718
64957 6317
64957 1128
32798 4095
32798 3794
40053 6431
40053 6999
25926 5217
40053 6418
40053 6411
40053 6458
25926 5239
40053 8093
25926 6695
40053 6381
40053 6495
25926 5231
40053 6902
25926 5095
40053 6655
40053 5151
25926 4184
40053 6718
40053 6773
25926 5076
40053 6380
40053 6487
25926 6221
40053 6592
40053 6637
25926 5043
40053 6519
40053 6398
40053 6918
25926 5105
40053 6640
25926 4163
40053 6685
40053 6754
64957 5176
25926 3858
40053 6519
40053 6700
40053 7945
25926 6195
40053 6909
25926 4931
40053 6368
40053 6416
25926 5323
8179 6474
8179 6373
29332 4889
8179 6510
29332 3685
8179 6453
8179 6579
8179 6867
8179 7079
29332 5336
8179 6589
29332 5018
40053 6395
40053 7023
25926 5254
40053 6376
40053 6731
25926 6573
40053 6422
40053 6847
25926 5052
64957 6819
64957 6353
32798 5152
40053 6496
40053 7180
25926 5775
40053 6467
40053 6669
25926 5083
40053 6438
40053 6468
64957 6336
64957 6637
25926 5080
32798 3641
40053 6405
40053 6777
25926 4939
40053 6526
40053 6388
40053 6831
25926 5182
40053 6410
25926 5200
8179 6458
8179 6712
29332 5165
8179 6367
29332 4883
40053 6385
40053 6362
40053 6505
25926 6389
40053 6451
40053 6377
40053 7086
25926 6679
40053 6459
40053 6373
25926 6155
40053 6375
40053 6374
40053 6417
40053 6366
25926 5512
8179 4056
40053 6386
40053 6433
40053 6562
40053 6628
29332 5223
25926 3614
64957 6287
59160 3724
59160 4693
64957 6441
64957 1927
32798 3778
8179 6691
8179 6798
8179 6373
29332 4954
8179 6372
8179 6437
29332 5507
8179 6844
29332 5665
8179 7282
8179 6320
29332 4280
40053 6402
40053 6487
40053 3662
25926 5220
40053 7379
40053 6575
25926 5024
40053 6416
40053 6378
25926 6240
40053 6397
40053 6575
40053 6376
40053 6458
25926 6216
40053 6581
40053 7463
25926 6185
40053 6453
40053 6541
25926 6244
40053 6406
40053 6456
25926 5054
40053 6431
40053 6401
25926 3635
32798 4190
40053 7105
40053 6368
40053 78604
40053 5544
40053 6480
40053 6462
25926 4378
32798 3856
40053 6438
25926 3726
40053 6887
40053 6588
40053 6529
40053 6411
40053 6881
25926 4968
40053 6628
40053 6760
40053 6410
25926 6050
64957 3600
40053 6461
40053 6430
40053 6954
25926 5191
40053 6538
40053 6362
40053 6871
25926 6677
32798 4028
40053 6370
40053 6853
40053 8373
40053 6413
40053 6577
40053 6567
25926 5279
32798 5169
40053 6822
40053 6863
25926 5195
40053 6498
40053 6546
40053 6442
40053 6411
25926 4858
64957 6307
64957 552
32798 3584
40053 7028
40053 7043
25926 5387
40053 6676
40053 6362
40053 6385
40053 6838
25926 6628
40053 6443
40053 6394
40053 6540
40053 6583
25926 6302
40053 7114
40053 8969
25926 8526
40053 6515
40053 6691
40053 6982
40053 6834
40053 6457
40053 7001
25926 5256
40053 6544
40053 6534
40053 6499
40053 6378
25926 5236
40053 6459
40053 6382
25926 5067
40053 6859
40053 6377
25926 4832
40053 6392
40053 6637
40053 6775
40053 7008
25926 5181
64957 6468
32798 6267
64957 6459
64957 5990
32798 4876
40053 6560
40053 6516
25926 8287
40053 6383
40053 6471
25926 6311
40053 6405
40053 7106
25926 5086
40053 6660
40053 6737
25926 5152
40053 6847
40053 6364
40053 6425
25926 5215
40053 6496
25926 3929
40053 6568
40053 6523
25926 5061
32798 3825
8179 4597
29332 3749
32798 5111
40053 6651
40053 6826
40053 6527
40053 6935
25926 5076
40053 6413
40053 6565
40053 6967
40053 6453
25926 6195
40053 7819
40053 6814
25926 5022
40053 6391
40053 6489
40053 6376
40053 6424
40053 6634
25926 4222
40053 6930
40053 6807
25926 5183
40053 6484
25926 4835
40053 6385
40053 6404
25926 4349
40053 6494
40053 6690
40053 6577
25926 5354
40053 6517
40053 6493
40053 7222
25926 5072
40053 6376
25926 5573
40053 6506
40053 5308
25926 3950
40053 7816
40053 6462
40053 6481
40053 6495
40053 6399
40053 3716
25926 3629
40053 6329
40053 6572
25926 6179
40053 6376
40053 7110
25926 5409
40053 6769
40053 7120
25926 5214
40053 6503
40053 7469
25926 5166
40053 6405
40053 6490
25926 6352
40053 6510
40053 6429
40053 6484
40053 6969
25926 5669
40053 6387
25926 4890
40053 6826
40053 7016
25926 5140
40053 8061
40053 6540
40053 6589
40053 6266
25926 5024
64957 3724
64957 3645
44995 4056
64957 6744
64957 6581
32798 4930
64957 6309
64957 6725
32798 5186
32798 4148
64957 3733
32798 6043
64957 6339
64957 6447
64957 6157
32798 6035
32798 3716
18475 6466
18475 6661
18475 6526
15468 6386
18475 6417
18475 6529
18475 6615
15468 5158
18475 6544
18475 6401
18475 7900
18475 6964
15468 5218
18475 6548
18475 6658
18475 6374
15468 1464
18475 6433
18475 6519
18475 6547
15468 3214
18475 6459
18475 6925
15468 1954
18475 6389
18475 6814
15468 1210
64957 6761
64957 6357
64957 3683
32798 3695
64957 6947
32798 5025
64957 6647
32798 3661
32798 3809
30755 6506
30755 6418
30755 7893
30755 6387
30755 7338
59499 6932
30755 6423
30755 6365
30755 6427
30755 6927
59499 5084
30755 6684
59499 5038
30755 6389
30755 6845
30755 6534
30755 6383
30755 6792
59499 5173
30755 6508
59499 5080
30755 6539
30755 6491
59499 6345
30755 6377
30755 6365
59499 6187
32798 3667
64957 3754
64957 6418
64957 6376
32798 5131
64957 3856
64957 6572
32798 3828
64957 7981
32798 5529
64957 6747
32798 4891
64957 6320
32798 3609
64957 6305
32798 3711
64957 3806
32798 3618
64957 6340
64957 6427
32798 6163
15863 3640
15863 6356
52722 3653
33901 6615
55338 6625
55338 6420
49261 6228
55338 6382
55338 6384
55338 6671
55338 6476
55338 6523
55338 6565
49261 6407
55338 6440
55338 6824
55338 6541
55338 7192
55338 6410
55338 6604
55338 6421
55338 6698
55338 6364
55338 6937
49261 5131
55338 6761
55338 6462
49261 6282
52722 6346
10282 4297
33901 3847
47147 6377
47147 6374
47147 6521
47147 6833
47147 6885
30828 5248
47147 7117
30828 5080
47147 6894
47147 6403
47147 6498
47147 6466
47147 6566
47147 6344
47147 6402
47147 6550
47147 6447
47147 7726
30828 6280
47147 7992
47147 6377
47147 6736
47147 6414
30828 4839
42317 4053
45390 3609
52469 3613
64957 6338
64957 7186
32798 5132
18475 6414
18475 6527
18475 6386
18475 6443
15468 2223
15468 423
15468 3730
18475 6398
18475 6418
18475 6403
18475 6441
18475 6374
18475 6479
18475 6466
18475 6532
18475 6223
15468 2490
15468 1038
15468 3634
15468 5147
15468 4939
15468 1236
15468 1264
30755 6798
30755 6494
59499 5206
30755 6379
30755 6376
30755 6421
30755 6628
30755 6360
30755 6439
30755 6372
30755 6629
59499 5047
30755 6432
30755 6378
30755 6490
30755 6392
30755 6374
59499 6073
30755 6442
30755 6369
30755 6410
59499 4308
30755 6542
30755 6381
30755 6404
30755 6419
30755 6441
30755 7350
30755 6358
30755 6412
59499 4850
30755 6485
30755 6445
30755 6397
30755 6426
30755 6666
30755 6407
30755 6383
30755 6492
59499 6306
30755 6395
30755 6535
30755 6819
30755 6479
30755 6369
30755 6597
59499 5138
37724 3585
44970 3606
10282 6377
10282 6664
10282 6673
33901 4993
10282 6389
10282 6858
10282 6316
10282 6454
10282 6356
10282 6421
10282 7547
33901 5865
55338 6386
55338 6562
55338 6373
55338 6961
49261 5080
55338 6386
55338 6403
55338 6395
55338 6819
49261 4904
55338 6417
55338 6370
55338 6393
49261 5312
55338 6537
55338 6361
55338 6412
55338 6725
55338 6398
55338 6608
49261 6364
55338 6371
55338 6634
55338 6507
55338 6841
55338 6502
55338 7195
55338 6356
55338 6864
49261 5220
55338 7622
55338 6730
55338 6408
55338 6371
55338 6742
55338 7168
55338 6650
55338 6358
49261 4098
55338 6487
55338 6550
55338 6427
55338 6576
55338 6383
55338 7062
49261 5126
47147 6549
47147 6395
47147 6481
47147 6504
47147 6398
30828 3787
47147 6425
47147 6405
47147 6419
47147 6667
47147 6838
47147 6527
30828 4936
47147 6528
47147 6424
47147 6580
30828 6259
47147 7586
47147 6780
47147 6558
30828 6285
47147 6386
30828 3595
47147 6388
47147 7072
47147 6562
47147 6428
47147 6450
47147 6461
47147 6522
47147 6535
30828 5390
47147 6859
51303 3798
30828 3767
30755 6388
30755 6391
30755 6412
30755 6386
59499 6060
30755 6815
30755 6546
59499 5249
30755 6794
30755 6453
30755 6411
30755 6396
30755 6738
59499 4967
30755 8935
30755 6549
30755 6375
30755 6513
30755 6593
30755 6397
59499 6131
30755 6459
30755 6548
30755 6572
30755 6350
30755 7016
59499 4938
30755 6874
30755 6391
59499 4849
30755 6888
30755 6387
30755 6637
59499 6289
30755 6539
30755 6455
30755 6535
59499 5070
30755 7621
30755 6377
30755 6511
30755 6553
59499 5007
30755 6389
30755 7068
30755 6606
30755 8059
59499 6598
30755 7179
30755 6403
30755 6445
30755 6427
30755 6556
59499 6182
10282 6668
10282 6525
33901 6177
59160 6094
32798 3674
55338 6546
55338 6402
49261 6226
55338 6865
55338 6845
55338 6392
55338 7079
49261 4937
55338 6459
55338 7044
49261 6834
55338 7457
49261 6163
55338 7547
55338 7071
49261 5190
55338 6425
55338 7920
55338 6587
55338 6678
55338 6864
49261 5202
55338 6376
55338 6451
55338 6425
55338 6384
55338 6438
55338 6503
55338 6387
55338 6688
55338 6820
49261 5382
55338 11435
55338 6391
55338 6604
55338 6613
49261 6238
55338 6561
55338 6416
55338 6375
55338 6866
49261 5270
55338 6863
55338 6538
55338 6386
55338 6542
49261 4248
64957 6305
64957 6345
64957 7891
32798 4469
64957 6309
32798 3937
64957 6588
64957 6393
32798 5432
64957 6519
64957 6691
64957 6832
64957 6261
32798 3933
64957 4844
44995 5597
32798 5235
32798 3814
49261 3810
59499 3753
44995 3722
44995 2363
32798 2327
32798 4645
32798 3818
32798 3790
64957 6356
64957 6334
64957 3761
32798 3562
59160 3708
59160 704
44995 3695
59160 3770
32798 6181
32798 3906
30755 6991
30755 6503
30755 6888
30755 6388
59499 6208
30755 6594
30755 6397
59499 5415
30755 6736
30755 7136
59499 5366
30755 6558
30755 5002
59499 3834
64957 1411
64957 6459
64957 6296
64957 6134
32798 3807
64957 6455
32798 5085
64957 6295
64957 5230
32798 3769
64957 6441
64957 7965
32798 6847
32798 4770
64957 6303
64957 6892
32798 5209
64957 6485
64957 1873
32798 4708
64957 6329
32798 4342
64957 6633
32798 5191
64957 4712
32798 5102
64957 6806
44995 5226
64957 6523
32798 5382
64957 6433
64957 3718
32798 3704
10282 6467
10282 6894
33901 5423
10282 6509
10282 6697
10282 6391
10282 6401
10282 6549
33901 6344
10282 7667
10282 6866
10282 6776
33901 5077
16548 7000
16548 6421
16548 6396
51005 397
51005 3690
51005 3623
51005 4026
51005 3594
51005 3741
51005 3584
51005 4691
51005 786
51005 1483
51005 3619
51005 1650
51005 1523
51005 307
51005 478
51005 770
51005 396
51005 395
51005 267
51005 1123
51005 6424
3841 5364
16548 3747
59160 3861
32798 5993
64957 6314
64957 5818
32798 4899
44995 3762
10282 6507
10282 6897
33901 5321
10282 6391
10282 6387
10282 6428
10282 6385
10282 6450
10282 6381
10282 6435
10282 6401
10282 6384
33901 4023
10282 6792
10282 6546
33901 6423
10282 6415
10282 6476
10282 6367
10282 6631
10282 6569
10282 8773
10282 6384
10282 6430
10282 6525
10282 6788
33901 5189
10282 6373
10282 6540
33901 6299
10282 6489
10282 6820
10282 6421
10282 6383
10282 6374
10282 6492
33901 6084
10282 6481
10282 6441
10282 6370
10282 7025
33901 5208
16548 6305
16548 6799
16548 7069
51005 369
51005 1297
51005 1147
51005 990
51005 1071
51005 610
51005 2821
51005 965
51005 922
51005 1597
51005 699
51005 424
51005 408
51005 535
51005 1201
51005 4716
51005 5040
51005 3630
51005 3586
51005 3589
51005 3698
51005 342
51005 3639
51005 6311
16548 4950
17544 3599
9777 3616
10282 6406
10282 6393
10282 6395
10282 6497
10282 7313
10282 6362
10282 6523
10282 6652
33901 5083
10282 7639
10282 6831
10282 6425
10282 6287
33901 3621
32798 3726
64957 4777
54085 4973
10282 4905
33901 5139
64957 3764
64957 6450
32798 6210
64957 6338
64957 6527
32798 4837
64957 6439
64957 6210
64957 6365
32798 5124
64957 6403
64957 6426
64957 7049
32798 5211
15941 5212
106 3641
106 3780
22690 558
106 3646
36771 3599
21386 3593
43019 2483
5550 4946
59145 3704
59145 3625
59145 4071
65487 3631
65487 3635
59145 3695
10109 3672
13311 3829
63091 3703
39289 5036
7438 5041
44537 3671
44537 4070
43337 3623
15864 3632
15864 3586
21832 3607
60057 4809
47147 4932
30828 3670
15863 4304
15863 4085
42317 3602
42255 3615
52722 19
45390 3553
35480 4805
10282 5314
33901 4214
30755 3654
59499 3768
55338 3631
49261 3641
23193 3692
3905 3651
15897 3882
18750 3740
5953 4599
35667 5047
18293 3636
48298 3878
44995 3751
44995 3834
43337 1275
21832 3817
21832 5008
42317 3695
42317 3644
45390 23
35667 3720
30828 3646
49261 3615
59499 3594
33901 3644
5550 4594
59160 164
5953 3684
44995 4376
19866 3581
43019 3728
15863 3657
42317 3688
44537 3681
43337 4653
30755 4961
10282 3593
52722 3610
45390 3762
15864 3699
21832 3595
55338 3615
47147 3683
14437 3628
59160 6123
19604 3836
45205 3836
34363 3751
44995 3601
40537 3667
62613 3766
30477 4448
45205 4285
59148 5037
19604 4016
19604 7385
45205 6361
3478 5233
34573 3711
62613 3649
62613 7395
30477 3603
30477 11791
30477 7048
30477 6594
45205 5033
59148 4648
59148 7552
59148 6411
59148 6401
19604 5058
30477 6688
30477 5777
45205 3600
59148 6406
45205 5037
19604 3726
19604 3590
45205 3866
45205 6265
56767 3896
34573 3654
34573 7498
34573 6482
34573 7004
62613 5320
34573 6164
62613 3736
30477 6794
30477 3754
30477 3774
45205 3616
45205 3633
30477 5984
59148 3809
19604 3715
59148 1138
19604 777
30477 6213
45205 3622
44995 4672
44995 5147
59160 3684
59160 3633
44995 3752
27287 3800
14963 3611
37324 4938
51578 5272
17014 3847
34573 3781
34573 6144
34573 3665
62613 3722
28534 3590
50044 3918
9833 3801
30477 5983
59160 5755
44995 3598
47978 3615
57837 3783
44974 70
44334 3623
44974 4634
44334 2274
44334 3615
1215 3908
44974 3623
44334 3601
31302 3827
1215 3618
1215 6881
31302 3595
31302 7648
31302 6376
31302 6744
1215 5080
31302 6672
1215 5064
19712 3670
19712 4749
3772 1665
19712 3632
31302 6170
1215 3671
1215 4142
1215 7024
31302 3766
31302 6099
31302 3762
1215 3626
1215 3639
31302 6497
31302 6392
1215 6113
31302 6460
31302 6359
1215 4874
31302 6494
31302 6750
1215 5077
31302 6945
1215 5215
31302 6917
1215 4953
31302 6516
31302 6974
1215 5087
31302 6443
31302 6899
1215 5186
3181 3635
39239 4081
44995 4450
44995 6085
44995 3643
44995 4172
44995 3833
44995 6707
44995 3743
44995 3704
44995 4972
44995 5308
3188 3643
39239 3598
59160 3602
59160 3670
59160 3652
44995 3763
59160 4625
59160 5010
59160 3765
44995 3596
59160 3640
59160 3668
60268 3596
57828 3834
44995 3787
59160 4662
1539 5391
249 3792
31302 6423
31302 6429
31302 6422
1215 5057
31302 6362
1215 5420
31302 6375
1215 6058
31302 6569
1215 3675
31302 6921
31302 6944
1215 5072
31302 6520
31302 6531
1215 5380
31302 6376
31302 6732
1215 6436
31302 6846
31302 6987
1215 5198
31302 6388
31302 6413
1215 5125
31302 6444
31302 6478
1215 6271
31302 6422
31302 6392
31302 6842
1215 6422
31302 7473
1215 6186
31302 6499
31302 6560
1215 5432
31302 6363
31302 6890
1215 4904
31302 6403
31302 7481
1215 5719
31302 6389
31302 6417
31302 6456
1215 6039
31302 6871
1215 4914
31302 6529
31302 6399
31302 6435
1215 3630
31302 6428
1215 6192
31302 6378
31302 6496
1215 4845
31302 6405
31302 6633
1215 5035
44995 3787
44995 4797
59160 3649
59160 4964
59160 3886
44995 3708
34857 3631
3181 3604
1215 6029
31302 6409
31302 6448
31302 6410
1215 6046
31302 7041
31302 6382
31302 6826
31302 6380
31302 6472
1215 5087
31302 6373
31302 6531
1215 6139
31302 6862
31302 6388
31302 6541
1215 6356
31302 6957
1215 5217
31302 6490
31302 6418
1215 4867
31302 7103
1215 5645
31302 6417
31302 6375
31302 6429
1215 4890
31302 6420
1215 5328
31302 6382
1215 6139
31302 6526
31302 7090
1215 5608
31302 7182
31302 6388
1215 4852
31302 6702
1215 6389
31302 6927
1215 5205
31302 6395
1215 4057
1215 6050
31302 6528
1215 5371
31302 6711
31302 6915
1215 5207
31302 6442
1215 6097
31302 6404
1215 5395
31302 6401
31302 6501
1215 6191
59160 3779
35474 3797
30355 4809
44995 3686
31302 6495
1215 4723
59160 3841
32798 4698
59160 5674
44995 4926
32798 4166
64957 574
64957 6300
64957 6305
64957 6334
32798 3767
64957 6810
64957 6551
64957 6706
32798 5288
64957 6368
64957 6446
64957 6379
64957 6617
32798 4627
64957 6538
64957 6394
64957 7127
64957 6462
32798 6268
64957 6368
64957 6411
64957 6679
64957 6687
32798 5018
64957 6462
64957 6769
64957 6516
64957 6372
32798 5740
64957 6415
64957 7287
64957 6626
64957 6501
32798 5146
64957 6262
64957 6345
64957 6478
32798 5044
64957 6396
64957 6226
64957 6882
32798 4939
64957 6395
64957 6400
64957 6798
32798 5066
64957 7117
32798 3652
64957 6353
64957 6813
64957 6254
59160 5068
32798 4177
32798 3703
64957 6408
64957 6392
64957 6336
32798 5044
55407 3901
35474 3607
35474 6777
18542 3704
30355 4499
30355 6512
64957 6282
32798 3725
64957 6342
64957 7131
32798 6836
64957 6304
32798 6017
64957 6426
64957 6326
32798 5257
64957 6457
64957 6861
32798 6575
64957 6482
64957 6517
64957 5128
32798 4119
64957 6443
32798 5321
64957 6375
64957 6384
64957 6405
64957 7803
32798 5874
64957 6519
64957 3681
32798 4642
44995 4967
59160 3815
32798 4301
64957 6147
44995 3760
32798 3613
55407 3643
55407 7591
55407 6377
55407 4791
35474 4936
35474 3803
35474 6292
18542 3690
18542 7564
18542 6613
18542 6078
30355 4121
30355 3739
32798 3806
44995 4647
44995 5238
1215 3652
1215 3777
44995 4674
44995 5103
32798 3661
1215 4111
32798 4716
32798 5054
32798 3689
44995 3822
44995 4696
64957 6455
64957 7281
32798 5260
64957 5170
59160 3582
59160 4994
44995 3610
59160 3672
44995 3756
32798 3679
64957 4830
64957 6497
64957 6468
32798 3686
64957 6416
64957 6347
32798 6174
64957 6391
64957 6425
32798 5418
64957 6485
32798 6353
64957 6604
32798 4529
64957 6533
64957 6392
32798 6048
64957 6400
32798 6249
59160 3620
59160 3739
64957 6425
64957 7058
32798 6724
64957 6458
64957 6943
32798 5199
64957 6668
32798 5050
64957 6549
32798 4982
64957 6520
64957 6372
32798 6111
64957 6518
32798 4992
64957 6632
32798 5156
64957 6454
64957 6934
32798 4899
64957 6441
64957 6390
32798 5082
64957 6387
64957 6395
32798 6111
64957 6364
64957 6804
32798 5187
64957 6383
64957 6363
32798 4924
64957 6497
64957 8206
32798 6559
64957 6410
64957 6551
32798 6155
64957 6574
64957 6557
32798 6164
64957 6428
32798 5132
64957 6556
32798 3740
64957 6481
64957 6789
32798 5092
64957 6440
64957 6448
32798 5264
64957 6971
64957 6607
32798 5146
64957 6486
64957 6596
32798 4688
64957 6401
64957 6416
64957 6963
64957 6181
32798 5023
64957 6400
64957 6426
64957 6787
64957 6684
32798 3680
64957 7449
64957 6394
64957 6504
32798 6320
32798 5026
64957 6427
64957 6665
32798 5016
64957 6573
64957 6408
32798 6015
64957 6929
32798 5093
64957 6876
64957 6512
64957 7015
32798 5318
64957 6448
32798 6038
64957 6553
32798 5061
64957 7208
32798 7062
64957 6417
32798 6066
64957 6406
64957 6599
64957 3809
32798 3644
32798 6190
64957 8265
32798 6550
64957 6416
32798 5156
32798 6004
64957 6478
32798 6283
64957 6566
32798 4969
64957 6660
32798 3785
64957 6552
32798 6296
64957 6411
64957 6480
32798 6297
64957 6636
32798 5042
64957 6983
32798 5389
64957 6405
32798 6254
64957 7386
32798 6094
64957 7000
32798 5103
64957 6697
32798 5333
64957 6428
64957 6558
32798 6122
64957 6456
32798 6277
64957 7181
32798 5792
64957 6392
64957 6373
32798 4880
64957 6364
64957 6782
32798 5056
64957 6239
44995 3777
64957 6375
64957 6443
64957 6474
32798 6219
64957 6386
64957 6223
64957 6355
64957 6284
32798 5303
64957 7088
32798 4971
64957 6423
64957 6567
64957 6136
32798 3954
64957 6857
32798 5205
64957 6429
32798 4032
64957 6402
64957 6818
32798 4919
64957 7656
32798 6710
64957 6525
64957 6455
64957 6524
32798 6131
32798 4837
64957 6823
32798 5198
64957 6484
32798 5222
64957 6547
64957 7001
32798 4914
64957 6535
32798 3682
64957 6959
64957 6579
32798 6426
64957 6650
32798 3666
64957 6511
64957 6469
32798 6133
64957 6371
32798 4713
64957 6564
64957 6508
64957 6404
64957 6435
32798 5040
64957 7439
32798 5137
64957 6943
32798 4928
64957 6771
32798 5345
64957 6681
32798 6492
64957 7046
32798 4926
64957 6369
32798 4903
64957 6564
64957 6474
64957 6415
32798 6109
64957 6837
32798 5204
64957 7235
64957 6901
32798 5072
32798 3698
32798 6224
44995 3835
44995 3724
32798 3657
32798 6069
64957 7007
32798 4928
64957 6838
64957 4709
32798 3618
64957 7499
64957 6306
32798 4841
64957 6808
64957 6436
32798 5160
64957 6487
64957 6195
32798 3632
32798 3681
64957 6409
64957 6405
64957 3814
32798 3628
64957 6454
32798 4904
64957 6412
32798 5310
64957 6391
64957 6537
64957 269
32798 3652
64957 7235
32798 5004
64957 6394
32798 4939
64957 6442
32798 4882
64957 6441
64957 6911
64957 6505
32798 6029
64957 7294
55407 5392
44995 3774
32798 3714
44995 3734
64957 6618
64957 6209
32798 3602
64957 6380
64957 6379
64957 6358
64957 4970
32798 4995
55407 3948
64957 6327
32798 5420
64957 6439
32798 6048
64957 6387
64957 6227
32798 3599
64957 6428
64957 6419
32798 3609
64957 4620
64957 6407
64957 6389
59160 3643
32798 3784
64957 6417
32798 4222
59160 3640
64957 6761
64957 4258
32798 4096
18542 3895
64957 6310
64957 6467
64957 6374
32798 4030
64957 6311
64957 6386
32798 6058
64957 6343
64957 6383
64957 6294
32798 4363
64957 6393
32798 5995
64957 6180
32798 3685
64957 6354
64957 6898
32798 5063
64957 6365
64957 6816
32798 5051
64957 6418
64957 6413
64957 6411
64957 7383
32798 5897
64957 6426
64957 6808
32798 4977
64957 6517
64957 6531
64957 6558
64957 6395
64957 6405
32798 6079
59160 3621
59160 5171
44995 3640
64957 3742
64957 6495
64957 6213
32798 3627
64957 6508
64957 6442
64957 6229
32798 3999
35474 4055
30355 3621
31302 4641
31302 6404
1215 6162
31302 6378
31302 6418
31302 6707
31302 6386
31302 7351
1215 5922
31302 6394
31302 6507
31302 6788
1215 5197
31302 6839
1215 5048
31302 6379
31302 6418
31302 6391
1215 6074
31302 6951
1215 5180
31302 6651
1215 6485
31302 6421
31302 6617
1215 5022
31302 6981
1215 5113
31302 7082
1215 5043
31302 7033
1215 5094
31302 6922
1215 5148
31302 6381
1215 4028
31302 7182
31302 6397
1215 6257
31302 7333
31302 6534
1215 6387
31302 6375
31302 6575
1215 5118
31302 6457
31302 6562
31302 6366
31302 6516
1215 6190
31302 6428
31302 6529
1215 5137
31302 6384
31302 6903
1215 4917
31302 6648
31302 6972
1215 5178
31302 6547
31302 6412
1215 4855
31302 6389
31302 6888
1215 5221
59160 4834
59160 5642
44995 4859
16954 3995
48699 3756
1215 3816
8431 5226
64059 5171
59160 3765
32798 3828
32798 6025
59160 3755
44995 3745
32798 6073
64957 3585
64957 6319
64957 6353
32798 4034
64957 6354
64957 6884
32798 5172
64957 6375
64957 6329
32798 3631
64957 6292
64957 6326
64957 6349
32798 6067
64957 6835
64957 6215
32798 3667
64957 7039
64957 6697
64957 5624
32798 3594
64957 6338
31302 6918
31302 6390
1215 5240
31302 7164
1215 6923
31302 6379
31302 6357
31302 6509
1215 6353
31302 6338
1215 3674
31302 6422
1215 6229
31302 6527
1215 3786
31302 6402
1215 6089
31302 6531
1215 5382
31302 6417
1215 6187
31302 6588
1215 6397
31302 6436
1215 4873
31302 6860
1215 5568
31302 6525
1215 5079
31302 6939
1215 5155
31302 6990
1215 5531
31302 6804
1215 5769
31302 7117
1215 5435
31302 6396
1215 6118
31302 7064
1215 5117
31302 6473
1215 4061
31302 6519
1215 5063
31302 7038
1215 5129
31302 7057
1215 5110
31302 6694
1215 4507
31302 6562
31302 6464
1215 6299
31302 6445
1215 4253
31302 6730
1215 4893
31302 6910
1215 5106
31302 6902
31302 6379
1215 6236
31302 6396
1215 4884
31302 6637
1215 5158
31302 7431
1215 5477
31302 6977
1215 4945
31302 6376
31302 6352
31302 6895
1215 5077
32798 3652
59160 3762
1215 3677
31302 6657
1215 4961
31302 6411
1215 5158
14922 3834
48699 3631
48699 7382
51786 3809
64059 3701
64059 7005
43595 3726
16954 3574
16954 6487
44608 4939
44995 3739
31302 6389
1215 5025
22798 3595
31302 6524
1215 5226
31302 6388
31302 7012
1215 5612
31302 6549
31302 6430
31302 6391
31302 6350
31302 6447
31302 7099
1215 5200
31302 5261
51786 4973
14922 3617
51786 8880
51786 6435
51786 6418
51786 6537
51786 3806
64059 3605
14922 7371
14922 6385
14922 6371
14922 3754
48699 3827
14922 6901
48699 4941
43595 4606
43595 7186
43595 6383
43595 6436
43595 6420
43595 3645
16954 3746
64059 5649
1215 3647
48699 4820
16954 5085
64059 6382
48699 6232
32798 3717
6809 3764
32798 6378
32798 3626
64957 6397
64957 6747
32798 4898
32798 3853
32798 6077
32798 3727
44995 3739
44995 3889
44995 4652
44995 5201
44995 3643
44995 3917
64957 6441
64957 6340
32798 4859
64957 6433
64957 6527
32798 5553
64957 6567
64957 6412
64957 6534
64957 6564
32798 4942
64957 6821
64957 6716
64957 6415
64957 6418
64957 6688
32798 5056
64957 6384
64957 6372
64957 6249
32798 3622
32798 3776
64957 3619
64957 6353
64957 6290
32798 4873
64957 6493
32798 4206
64957 6320
32798 3605
64957 6358
32798 3781
64957 6345
64957 6396
32798 5763
64957 3499
32798 3671
64957 6789
32798 5326
64957 6322
32798 4898
64957 6585
64957 6767
32798 5738
64957 6517
32798 4940
64957 6393
64957 6427
64957 6284
32798 6130
64957 6398
32798 5254
64957 6375
64957 6392
64957 6512
64957 6359
64957 6797
32798 5147
32798 4704
64957 6896
32798 4934
64957 6410
64957 6374
64957 7242
64957 6387
64957 6415
32798 6111
64957 6699
32798 5689
64957 6415
64957 6569
64957 6397
64957 4216
32798 1685
64957 6408
32798 5309
64957 6393
64957 6357
32798 4957
32798 4664
64957 6306
64957 6797
32798 5155
64957 6394
64957 6513
32798 3923
59160 3769
59160 3644
64957 7062
32798 5148
64957 6768
64957 6545
64957 6264
32798 3761
64957 6523
64957 6886
64957 3786
32798 3623
59160 3577
59160 3643
44995 4884
59160 3606
59160 5161
32798 3744
32798 4226
64957 6915
32798 5163
64957 6308
64957 6350
32798 6191
64957 6400
32798 3627
32798 3656
44995 3693
44995 6162
64957 6302
64957 6331
32798 5098
64957 6297
64957 6666
32798 5279
64957 6557
64957 3680
32798 4083
64957 6433
32798 6203
64957 6949
32798 5267
64957 6481
64957 6469
32798 4974
64957 6432
64957 6597
32798 5005
32798 3711
64957 6794
64957 6321
64957 6323
32798 4874
64957 6424
32798 5300
64957 6763
64957 6645
32798 5077
64957 6387
64957 6348
32798 5238
64957 6316
64957 6427
32798 3607
64957 6416
64957 6216
32798 5387
64957 6377
32798 6072
64957 7000
32798 4906
64957 6392
64957 6763
32798 4934
64957 6345
64957 6356
64957 6189
32798 4048
32798 4151
32798 3753
64957 6552
64957 7029
64957 6945
32798 5099
64957 6452
32798 6047
64957 6510
64957 6277
32798 5349
64957 6385
64957 6425
64957 7125
32798 4923
64957 6462
64957 6404
64957 6366
64957 6884
32798 5075
32798 3861
32798 3676
32798 6601
59160 3794
59160 3626
64957 6447
64957 6308
64957 6370
32798 6086
64957 6422
64957 6380
32798 5238
64957 6477
64957 6403
64957 6634
32798 3636
64957 6408
64957 6654
64957 6857
32798 5047
32798 3845
64957 3657
64957 6306
64957 6583
32798 5049
64957 6392
64957 6286
32798 3631
64957 6441
64957 6516
64957 3758
32798 3773
64957 6394
32798 4901
64957 4970
32798 3602
64957 6326
64957 6309
64957 6396
64957 6183
32798 3748
64957 6413
64957 6365
64957 6574
64957 7014
32798 5467
64957 7130
64957 6330
64957 6527
32798 6359
64957 6389
64957 6206
64957 6738
32798 5249
64957 6373
64957 6419
64957 6290
32798 5376
64957 6294
32798 3615
64957 6319
64957 3799
32798 3721
64957 6443
64957 6386
64957 6421
64957 6263
32798 3667
64957 6407
64957 6408
64957 6196
32798 3653
32798 3702
64957 6456
64957 6538
64957 6429
64957 6839
32798 5653
64957 6411
64957 6391
64957 6501
64957 6918
32798 5052
64957 6372
32798 5047
32798 3694
32798 3692
64957 6450
32798 3657
64957 6708
32798 5163
64957 6361
64957 6207
32798 5437
64957 6453
64957 6445
64957 6375
64957 6433
32798 5318
64957 6398
64957 6316
32798 5434
44995 3632
44995 4080
64957 6437
64957 6869
32798 4918
64957 6917
64957 6803
32798 5766
64957 6441
32798 5060
64957 6581
64957 6571
64957 6639
32798 5037
64957 6408
32798 6206
64957 6462
64957 6898
32798 5470
64957 6371
64957 6353
64957 6420
32798 6191
64957 6870
32798 4925
64957 6511
64957 6409
64957 6390
64957 6382
64957 6504
64957 6443
32798 5402
64957 6406
64957 7018
32798 5066
64957 6733
32798 5061
64957 6948
64957 6442
64957 6392
32798 6215
64957 6386
64957 6387
64957 6375
32798 3611
64957 6551
32798 6292
64957 6361
64957 6476
64957 6982
32798 5189
64957 6380
64957 6387
64957 6894
32798 5071
64957 6806
16954 6149
64957 6422
32798 6247
64957 6400
64957 6810
64957 7026
32798 5142
64957 6404
32798 4958
64957 6418
64957 6882
32798 5062
64957 6400
64957 6931
64957 6468
64957 6457
64957 6565
64957 6374
32798 6036
64957 6401
32798 5054
64957 6535
64957 6383
64957 6339
64957 6385
64957 6420
64957 6927
32798 5197
64957 6385
64957 6832
32798 4978
64957 6425
64957 6402
64957 6819
64957 7000
32798 5097
64957 6358
64957 6165
32798 4983
59160 3786
59160 3783
51786 6090
44995 3655
51786 5526
64059 3740
14922 5108
14922 6144
48699 3644
43595 3929
59160 6111
32798 3670
16954 3646
64957 6127
44995 5078
59160 6191
32798 3682
64957 6231
44995 3924
32798 3628
59160 6012
822 3797
43595 3911
34723 5178
41480 3702
44995 5410
40713 3878
2904 3784
822 3578
822 6905
59160 6236
32798 3740
44995 3617
64957 3690
44995 3714
44995 5265
44995 5013
44995 3766
32798 3683
44995 3631
44995 6080
32798 3660
59160 3777
59160 176
59160 3738
44995 5079
64957 5205
64957 6795
32798 5544
64957 6499
64957 6563
64957 6201
32798 5336
59160 3579
59160 3819
64957 6411
64957 6576
32798 6452
64957 6534
64957 6804
32798 5136
64957 6202
32798 3676
64957 6477
32798 3782
64957 6933
32798 5289
64957 7201
64957 6260
32798 3661
64957 6357
32798 3861
64957 6328
64957 6232
32798 3611
2904 3587
2904 7801
2904 6423
822 6249
2904 6415
2904 6444
2904 3824
822 4617
64957 6354
64957 6343
32798 3602
64957 6346
64957 6553
64957 6393
32798 3616
64957 6285
32798 3699
822 6058
822 6255
32798 3706
44995 3661
64957 6317
64957 5509
32798 5457
64957 6847
64957 6188
32798 3736
1215 4788
32798 5025
1215 3785
64957 6304
64957 6315
64957 6902
32798 5377
32798 5096
64957 6378
64957 6232
32798 5167
64957 6408
64957 6496
64957 6583
64957 6310
32798 4855
64957 6514
64957 6375
64957 6454
64957 6711
32798 5050
64957 6444
64957 6995
32798 5230
64957 6361
64957 6390
64957 6435
32798 4860
64957 6902
64957 6550
64957 6789
32798 6580
64957 6407
64957 6376
32798 4828
64957 6419
64957 6748
32798 5071
64957 6803
64957 6439
32798 5384
64957 6394
64957 6388
64957 6688
32798 5058
64957 6362
64957 6419
32798 4849
64957 6543
64957 6414
64957 6389
32798 4940
64957 6358
64957 7282
32798 5550
44995 3653
59160 3595
59160 6201
32798 3731
32798 4607
32798 3750
59160 6120
44995 3605
32798 3752
64957 6454
64957 6354
32798 6081
64957 6855
64957 6507
32798 5166
64957 6390
64957 6371
64957 4866
32798 3581
64957 6791
64957 6361
64957 6415
32798 5352
64957 6878
32798 5213
64957 6405
64957 6865
64957 6381
64957 6266
32798 3725
64957 6570
64957 6689
32798 5129
64957 6088
32798 3599
2904 3624
2904 7143
31302 6432
31302 6633
1215 5059
31302 6587
1215 4892
31302 6525
31302 6954
1215 5096
31302 7020
1215 4923
31302 6492
31302 6639
1215 4945
31302 6852
1215 5247
31302 6862
1215 6513
31302 6343
31302 6842
1215 6707
31302 6482
31302 7319
1215 4939
31302 6883
1215 5173
31302 4870
1215 4999
64957 3594
31302 6868
31302 6644
1215 5864
2904 6882
2904 6419
822 5044
2904 6404
2904 6381
2904 6667
822 4995
2904 3661
822 3750
65415 3727
59160 6082
56207 3946
11810 3847
44995 3608
40847 3663
32798 4652
32798 5043
16954 6246
44995 3674
44995 6077
59006 3950
56207 3656
56207 6831
64957 3641
64957 3569
64957 9950
64957 6371
64957 5133
32798 3735
64957 6755
32798 5007
64957 6359
64957 6730
32798 3962
59160 3608
59160 3728
59160 3680
44995 3612
64957 6321
64957 6807
32798 5132
64957 6509
64957 3704
32798 3627
25486 4833
44995 4986
44995 3716
44995 3651
44995 4703
59160 661
59160 3629
59160 3598
44995 3702
5758 3770
40847 3657
40847 6597
44995 3684
44995 6092
59160 3700
59160 3657
43595 6241
59160 4833
44995 4952
1215 4165
822 6262
1215 3714
1215 5983
59006 3623
59006 7267
59006 6391
59006 6609
59006 6360
59006 3620
56207 3636
10277 3707
56207 5111
56207 5015
40847 3895
56207 3789
56207 6035
62065 3915
16954 3597
59160 3811
56611 3878
8482 3665
59160 6156
44995 4847
1215 3811
1215 3657
1215 4704
34431 5605
25486 3629
25486 7023
31302 6397
31302 5068
1215 5462
31302 4233
31302 6562
1215 3711
31302 7244
1215 5325
2904 5949
5758 3666
5758 7734
5758 6551
40847 3973
5758 6521
5758 6445
5758 5908
40847 3801
40847 3594
40847 3762
11655 3942
59006 4790
59006 5520
56207 3828
59006 3638
56207 3651
59006 2333
56207 4117
59006 6708
59006 11432
56207 10334
822 5677
44546 3887
62325 5017
5758 3825
40847 3629
57975 3894
8482 3777
29302 3811
56611 3823
8482 6988
56611 5366
31302 4916
31302 6610
31302 7099
1215 5330
31302 6449
43497 4182
55407 6474
55407 6884
35474 4952
55407 305
35474 4589
1215 5225
31302 6950
34431 5139
34431 7673
34431 6916
34431 6379
34431 6539
34431 3758
25486 3715
25486 6057
1215 3742
59006 5100
59160 3987
60095 3800
29302 3602
29302 7783
29302 6396
56611 5035
29302 6375
29302 6817
56611 5354
29302 3685
56611 4129
56611 6260
44995 3623
5822 3807
34431 6464
34431 3671
25486 3606
55089 4003
44995 3795
44995 6151
44995 3773
44995 3897
1215 4759
56207 5139
56207 4182
822 7132
11056 3975
28464 4781
37681 3712
21865 5014
60095 4108
60095 8026
34610 5237
59160 4006
59160 3635
44995 3917
59160 3603
32798 4670
56207 5364
44995 4810
44995 5071
32798 3726
32798 3696
32798 6041
29302 3754
64957 6303
64957 6301
64957 6750
32798 4947
64957 5181
32798 3637
29302 6237
56611 3787
44995 3794
44995 3709
32798 4704
59160 3724
59160 5106
64957 3681
64957 6367
64957 6416
32798 4119
64957 7854
64957 6693
32798 5192
64957 6543
32798 3847
64957 5316
32798 4731
64957 6383
64957 6405
64957 6386
64957 6537
32798 6362
64957 6453
64957 4791
32798 5029
64957 6369
64957 6496
64957 6345
64957 6531
32798 4070
64957 6412
64957 7221
64957 6503
64957 6557
64957 5162
32798 5126
64957 6591
32798 3611
64957 6415
64957 6436
64957 6530
64957 7439
64957 6189
32798 4991
64957 6458
64957 6606
32798 4920
59160 3785
59160 3678
44995 4605
64957 6403
64957 6674
32798 4920
32798 6414
32798 3690
32798 4052
50536 3973
5822 3736
5822 7109
64957 3632
64957 6971
64957 6311
64957 6383
32798 5459
64957 6351
32798 4811
64957 6729
64957 6363
64957 6248
32798 4165
64957 6600
32798 5023
64957 6429
64957 8148
64957 6765
32798 6609
64957 6550
32798 6118
64957 6412
64957 6555
64957 6420
32798 6291
64957 6423
64957 6388
32798 5079
32798 4779
64957 6516
64957 6401
64957 6368
32798 6076
64957 6431
64957 6939
64957 6413
32798 3653
64957 6564
64957 6644
32798 5059
64957 6460
64957 6361
64957 6401
32798 6210
64957 6670
32798 4925
64957 6594
64957 6498
64957 7824
64957 6494
32798 4073
32798 3855
64957 6296
64957 6451
32798 6298
64957 6487
64957 6425
32798 4334
64957 6264
64957 6610
32798 6398
64957 6334
1215 4172
32798 3726
64957 6303
64957 6449
64957 6402
32798 4330
64957 6537
64957 6175
64957 6394
64957 6614
64957 3750
32798 3584
64957 6790
64957 6376
64957 6482
32798 5204
64957 6503
64957 6644
64957 5258
32798 4238
64957 6548
64957 6407
32798 3724
64957 6349
64957 6684
32798 5056
64957 6373
32798 3628
64957 6979
32798 5210
64957 6390
64957 6519
64957 6395
32798 5126
64957 6352
32798 3600
64957 6388
64957 6364
64957 6408
32798 6041
64957 6372
64957 6396
32798 5114
64957 6520
32798 3676
64957 6425
32798 6253
64957 6865
64957 7485
64957 6442
64957 7313
32798 5657
64957 6483
32798 6075
64957 6411
64957 6388
64957 6515
64957 6577
64957 6950
32798 5162
64957 6709
32798 6407
64957 6617
32798 6432
64957 6508
64957 6498
64957 6467
32798 4018
64957 6774
32798 5044
64957 6427
32798 5043
64957 6372
64957 6938
64957 6879
32798 5211
64957 6419
64957 6409
32798 5351
64957 6694
32798 5043
64957 6807
32798 6036
64957 6842
64957 6406
64957 6413
64957 6830
32798 5189
64957 6393
64957 6812
32798 5226
64957 6570
32798 3711
64957 6582
64957 6374
64957 6451
32798 5140
64957 6402
32798 5416
64957 6382
64957 6634
64957 6859
64957 6408
32798 6069
64957 6926
32798 5676
32798 5440
64957 7239
32798 6954
64957 6574
64957 6386
64957 6381
64957 6837
32798 5082
64957 7573
64957 6431
64957 6387
64957 6507
32798 5042
64957 6497
64957 6867
32798 5254
64957 6406
64957 6715
32798 6467
64957 6355
64957 6588
32798 6229
64957 6709
64957 6381
64957 6940
32798 4921
64957 7065
32798 5129
64957 6429
64957 6431
64957 6400
64957 6393
64957 6395
64957 6408
32798 4973
64957 6399
32798 5113
64957 6469
64957 6556
64957 6968
64957 6598
32798 6317
64957 6856
32798 5061
64957 6500
64957 6411
32798 6264
64957 6437
64957 6579
64957 6487
32798 6344
64957 6587
64957 6373
32798 3730
64957 6680
32798 5144
64957 6378
64957 6974
64957 6430
64957 7308
64957 6379
64957 6800
32798 5138
64957 6409
64957 6426
64957 6385
64957 6495
64957 6419
64957 6524
64957 6421
32798 5485
64957 7404
64957 6544
64957 6499
64957 6427
32798 6055
64957 6699
64957 6391
64957 6439
64957 6362
64957 6919
32798 5380
64957 6360
64957 6577
64957 6793
32798 6431
64957 6504
64957 6396
64957 6881
64957 6540
64957 6609
32798 4926
64957 6399
64957 6728
32798 5179
64957 6355
64957 6580
64957 6718
64957 6386
64957 6614
64957 6402
64957 6947
32798 5074
64957 7411
32798 5964
64957 6370
64957 6766
64957 6506
64957 6520
32798 5038
64957 6401
64957 6402
32798 4864
64957 6380
64957 6436
64957 6696
64957 6378
64957 6841
32798 5205
64957 7704
32798 5107
64957 6408
64957 6565
64957 6397
64957 6540
64957 6382
32798 3745
64957 6523
64957 6486
64957 6360
64957 580
32798 5329
32798 3974
64957 6418
64957 7260
32798 5169
64957 6460
64957 6383
64957 6548
32798 6188
64957 6388
64957 6529
64957 6880
32798 5219
64957 6507
64957 6417
32798 6224
64957 6421
64957 6396
64957 6434
64957 6366
64957 6551
64957 6802
32798 5192
64957 6387
64957 6375
64957 6570
64957 6362
64957 6406
64957 6496
64957 6812
32798 4941
64957 6852
32798 5210
64957 6502
64957 6447
64957 7055
64957 6531
64957 6607
32798 5032
64957 6472
32798 6036
64957 6438
64957 6538
64957 6703
64957 6540
32798 6290
64957 6400
64957 6805
64957 6646
64957 6347
64957 6531
64957 6394
64957 6526
32798 5272
64957 6380
32798 6231
64957 6903
64957 6648
64957 4280
32798 3676
64957 6424
64957 7113
32798 5316
64957 7318
64957 6414
64957 6343
64957 6469
64957 7708
64957 6427
64957 6855
32798 4897
64957 6361
64957 6380
64957 6533
64957 6475
64957 6383
32798 5187
64957 6593
32798 3830
64957 6377
64957 6563
32798 5279
64957 6506
64957 6450
32798 4899
64957 6559
64957 6448
64957 6564
64957 6399
64957 6437
32798 3936
64957 6393
64957 6530
64957 6568
32798 6347
64957 6367
64957 6505
64957 6354
64957 6793
32798 4972
64957 7568
64957 6431
64957 6378
64957 6373
64957 7469
32798 6197
64957 6983
32798 4912
64957 6441
64957 6363
64957 6405
64957 3661
32798 4591
64957 6337
64957 6397
64957 6353
32798 5092
64957 6438
64957 3787
32798 3827
42699 3607
42699 3668
20191 3612
64957 7581
64957 6377
64957 6408
64957 6467
64957 6386
64957 6730
32798 6523
64957 6484
32798 5029
64957 8430
64957 6689
64957 6473
64957 6679
32798 5036
64957 6442
64957 6556
64957 6538
32798 5344
64957 6620
64957 6411
64957 6452
64957 6402
64957 6906
64957 6550
64957 6891
32798 5169
64957 6491
64957 6472
64957 7153
32798 5148
64957 6568
32798 4236
64957 6514
64957 6591
64957 6384
32798 6113
64957 7025
32798 5238
64957 6855
64957 6490
64957 6818
32798 6686
64957 7578
64957 6456
64957 6945
32798 5175
64957 6390
64957 6711
64957 6401
32798 6256
64957 6458
64957 6952
32798 5087
64957 6411
64957 6495
64957 6398
64957 6334
64957 3840
64957 6462
64957 6394
64957 12956
32798 11670
64957 6600
32798 3829
64957 6580
64957 6409
64957 6368
64957 6514
64957 6515
64957 6509
64957 6558
32798 4224
64957 7320
32798 4998
64957 7568
64957 6599
64957 6410
64957 6591
64957 6508
64957 6782
64957 6485
64957 6524
32798 6383
64957 6550
64957 6378
64957 6515
64957 6469
64957 6415
64957 6404
64957 6427
64957 6888
32798 4959
64957 6365
64957 6500
64957 6390
64957 6475
64957 6360
64957 7022
64957 6388
64957 6512
64957 6762
32798 6625
64957 6901
64957 6472
64957 4066
64957 8161
64957 6707
64957 6408
64957 6527
64957 3867
64957 6676
32798 5198
64957 6655
64957 6390
64957 7211
64957 6391
64957 6400
64957 6985
64957 6364
64957 7111
32798 5430
64957 6536
64957 6416
64957 6675
64957 6596
64957 6463
64957 6364
64957 6365
64957 7052
32798 5252
64957 6448
64957 6560
64957 6423
64957 6396
64957 6460
64957 6482
64957 6648
64957 8298
32798 6653
64957 6393
64957 6557
64957 6372
64957 6369
64957 6475
64957 6406
64957 6357
64957 6712
32798 6606
64957 6898
64957 6511
64957 6383
64957 6474
64957 6461
64957 6550
64957 6372
64957 6625
64957 6486
32798 6317
31302 6364
31302 6261
64957 6557
64957 6586
64957 3718
64957 6370
64957 6441
64957 6478
64957 7079
1215 5027
32798 3791
64957 8253
64957 6371
64957 6394
64957 6346
64957 6459
64957 6367
64957 6493
64957 6876
32798 4471
64957 6433
64957 6331
64957 6762
64957 6394
64957 6483
64957 6529
64957 6536
64957 6512
32798 4072
64957 6401
64957 6719
64957 6630
64957 6490
64957 6470
64957 6414
64957 6405
64957 6557
64957 7620
32798 6220
64957 6614
64957 6400
64957 6856
64957 6412
64957 7657
64957 6497
64957 6516
64957 6579
32798 5238
64957 6361
64957 6462
64957 6439
64957 6422
64957 7111
64957 6391
64957 6654
32798 5064
64957 6153
32798 3641
64957 6442
64957 6397
64957 6402
64957 6476
64957 6387
64957 6411
64957 6434
32798 4878
64957 6345
64957 6584
64957 6367
64957 6376
64957 6459
64957 6394
64957 6540
64957 6417
64957 7430
32798 7156
64957 6492
64957 6457
64957 6636
64957 6492
64957 6622
64957 6567
64957 6387
64957 6989
32798 5208
64957 6555
64957 6423
64957 6529
64957 6404
64957 6884
64957 6464
64957 6432
64957 7055
32798 5095
64957 6848
64957 6774
64957 6413
64957 6372
64957 6542
64957 6356
64957 6393
64957 6846
32798 5226
64957 6539
64957 6415
64957 7577
64957 6453
64957 6849
64957 6420
64957 6440
64957 6409
32798 5025
64957 6382
64957 6459
64957 6401
64957 6573
64957 6532
64957 6335
64957 6408
64957 6502
32798 3646
64957 6488
64957 6384
64957 6425
64957 6362
64957 6396
64957 6421
64957 6428
64957 6393
64957 6377
32798 4842
64957 6372
64957 6494
64957 6423
64957 6479
64957 6398
64957 6450
15184 5051
64957 7028
32798 5141
55089 3577
32798 3581
55089 7355
64957 6426
64957 6377
64957 6413
64957 6500
64957 6461
64957 4854
32798 5141
64957 6362
64957 6523
32798 5058
64957 6451
64957 7263
64957 6900
64957 6542
64957 6574
64957 6462
64957 3779
64957 6550
64957 6666
32798 4987
64957 6628
64957 6522
64957 6570
64957 6409
64957 6425
64957 7253
64957 6590
64957 6415
32798 6283
64957 6442
64957 6403
64957 6474
64957 6340
64957 6567
64957 6396
64957 6449
64957 7024
32798 4909
64957 6387
64957 7080
21865 5282
64957 6886
64957 6400
64957 6376
64957 6720
64957 6382
64957 6373
64957 6405
32798 4865
64957 6900
64957 6349
64957 6536
64957 6352
64957 6855
64957 6504
64957 6892
64957 6688
32798 5212
64957 6950
64957 6439
64957 6414
64957 6339
64957 6512
64957 6556
64957 6451
64957 6806
32798 5068
64957 6406
64957 4773
21865 8636
21865 6396
21865 7464
64957 6481
64957 6514
64957 6413
64957 6355
32798 3694
60095 3602
64957 6371
64957 6432
64957 6761
64957 6353
64957 6846
64957 6422
64957 6390
64957 6425
64957 6890
32798 5089
64957 6476
64957 6463
64957 7206
64957 6406
64957 6669
64957 6360
64957 6523
64957 6505
32798 6233
64957 6370
64957 6461
64957 6422
64957 6468
64957 6342
64957 6387
64957 6425
64957 6985
32798 4920
64957 6390
64957 6584
64957 6407
64957 6851
64957 6560
64957 6588
64957 6736
32798 6067
64957 6385
64957 6396
64957 6547
64957 6405
64957 6373
64957 6404
64957 6475
64957 6571
64957 6565
32798 5276
64957 6421
64957 6367
64957 6398
64957 6409
64957 6576
64957 6489
64957 6536
64957 6464
32798 6299
64957 6574
64957 6432
64957 6609
64957 6381
64957 6434
64957 6567
64957 6521
64957 6564
64957 7067
32798 5153
60095 5024
64957 6493
64957 6447
32798 4662
64957 6867
64957 6359
64957 6465
64957 6464
64957 6736
64957 7022
32798 5254
60095 6885
59160 3765
64957 6367
64957 6350
64957 6370
64957 6405
64957 6546
64957 6910
64957 6403
32798 4966
32798 4979
32798 5050
64957 6599
64957 6433
64957 6795
32798 5168
64957 6541
64957 6609
64957 6531
64957 6573
64957 6485
64957 6408
32798 6285
64957 6431
64957 6401
64957 3723
64957 6369
64957 6548
64957 6374
64957 6412
64957 6840
32798 5081
64957 7033
64957 6848
64957 6403
64957 6400
64957 6587
64957 6767
64957 6728
64957 6945
32798 5200
64957 6398
64957 6592
64957 6375
64957 6419
64957 6428
64957 6358
64957 6388
64957 6576
64957 6739
32798 5040
64957 6373
64957 7032
64957 6530
64957 6360
64957 6900
64957 6678
64957 6412
64957 6539
32798 5325
23377 3816
64957 6403
64957 6619
64957 4248
2904 6693
64957 6438
64957 6664
64957 6408
64957 6526
64957 6446
64957 6862
32798 5237
28464 4942
28464 6196
64957 6372
64957 6427
64957 6401
64957 6365
64957 6489
64957 6451
64957 3774
64957 6443
32798 6045
64957 6371
64957 6481
64957 6399
64957 6359
64957 6390
64957 6352
64957 6409
64957 6580
64957 6407
32798 3731
43857 3857
64957 6556
64957 6367
64957 4658
59006 3627
52048 3874
59006 1166
32798 4130
11056 3587
37681 3628
56207 4760
59006 1871
56207 3638
37681 7276
11056 6546
15189 3707
34610 3629
34610 7513
64957 3693
64957 6223
32798 3662
59160 6107
44995 3680
32798 3671
59006 6153
8482 7270
64957 6544
64957 3741
32798 3598
822 3586
64957 6384
64957 6716
32798 5216
50536 4153
50536 7557
50536 6426
50536 6496
5822 5010
5822 6017
56207 4246
31302 3618
31302 6370
31302 6369
31302 7071
1215 5495
15184 3620
15184 4862
55089 3661
55089 6554
21865 3836
21865 4773
21865 5143
60095 3606
23377 3552
23377 7069
28464 3818
28464 6423
52048 3853
52048 7039
43857 3571
43857 4397
37681 3772
11056 3671
15189 4590
37681 6292
15189 5355
11056 6248
34610 4962
34610 6316
59160 5235
62853 5174
59160 3726
44995 3611
39097 3853
57975 3607
57975 7313
57975 6355
8482 5700
57975 6443
57975 6353
8482 5072
57975 5133
8482 4246
50536 4827
50536 5056
5822 3632
25784 3834
15184 3633
15184 6345
23377 4636
52048 3862
43857 5097
15189 3608
52048 6416
43857 6336
41167 3849
39097 4925
39097 7552
15189 6823
15189 6345
15189 6386
15189 6786
34610 5192
14725 3817
23377 6379
23377 6564
23377 6497
23377 6256
28464 4320
55089 3736
57975 6139
12494 3821
25784 3613
25784 7089
11056 3845
37681 3599
32798 3803
40713 3806
8482 3753
64957 6499
64957 6441
64957 6431
32798 4015
64957 6487
64957 6707
64957 6517
64957 6564
64957 3754
32798 3644
64957 7170
64957 6526
64957 6852
64957 6362
64957 68
32798 3616
64957 6336
64957 7041
32798 5311
64957 6479
64957 6597
32798 6407
64957 6403
64957 6381
64957 6759
32798 6375
64957 6516
64957 3768
64957 6508
64957 6439
64957 6677
64957 6606
64957 6395
64957 7249
64957 6929
32798 4915
64957 6514
64957 6538
32798 4243
20191 1029
11056 6925
32798 4679
32798 5047
37681 6227
55089 6236
822 6315
32798 3710
32798 3829
28464 6257
34610 6281
32798 3686
32798 4201
64957 6351
64957 6346
64957 6420
64957 6219
32798 4969
64957 6566
64957 6499
64957 6465
64957 6912
32798 5514
64957 6362
64957 6670
32798 5023
64957 6546
64957 6388
64957 6390
64957 6364
64957 6618
32798 4949
64957 7614
32798 5542
64957 7740
64957 6396
64957 6421
64957 6749
64957 6568
64957 6435
64957 6402
64957 6852
32798 5141
64957 6411
64957 6544
64957 6487
32798 4963
64957 6502
32798 4015
64957 6543
64957 6649
64957 6723
64957 6537
64957 7707
64957 7020
64957 6388
64957 6404
32798 4943
64957 6627
64957 6588
64957 6568
64957 6684
64957 6386
64957 6536
64957 6648
64957 6430
32798 4858
64957 7528
64957 6726
64957 6538
64957 5044
64957 6378
64957 6865
64957 6522
64957 6596
64957 6884
32798 4939
64957 6588
64957 6533
64957 6402
64957 6591
64957 6590
64957 6392
64957 6599
64957 6530
32798 5296
64957 6571
64957 6364
64957 6710
64957 6525
64957 6378
64957 6442
64957 6978
64957 6112
64957 7000
32798 5177
64957 6603
64957 6410
64957 8170
64957 6620
64957 6486
64957 6583
64957 6447
64957 6511
64957 6951
32798 5232
64957 6562
64957 6464
64957 6872
64957 6373
64957 6378
64957 6420
64957 6843
64957 7972
32798 6496
64957 6590
64957 6554
64957 6828
64957 6833
64957 6513
64957 6373
64957 6366
64957 6462
32798 5267
64957 6508
64957 7013
64957 6782
64957 6523
64957 6538
64957 6492
64957 8080
64957 6609
32798 4928
64957 6476
64957 6617
64957 6508
64957 6548
64957 6429
64957 6357
64957 6418
64957 6815
32798 5211
64957 6532
64957 6517
64957 6392
64957 6706
64957 6593
64957 6383
64957 6387
64957 6405
32798 4997
64957 6411
64957 6369
64957 6696
64957 6625
64957 6374
64957 6552
64957 6422
64957 6576
64957 6636
32798 5470
64957 6377
64957 8392
64957 6794
64957 6563
64957 6513
64957 6614
64957 6394
64957 7251
32798 5263
64957 6494
64957 6703
64957 6529
64957 7208
64957 6960
64957 6506
64957 6578
64957 6770
32798 5264
64957 6554
64957 6467
64957 6882
64957 6502
64957 6412
64957 6359
64957 6417
64957 6960
32798 5125
32798 4874
32798 5066
64957 6607
64957 6418
64957 7014
64957 6465
64957 7764
64957 6526
64957 6554
64957 6418
32798 4902
64957 6565
64957 6588
64957 6450
64957 6652
64957 6528
64957 6364
64957 6379
64957 6559
32798 5394
64957 6387
64957 6415
64957 6450
64957 6691
64957 6523
64957 6734
64957 6670
64957 6660
64957 6529
32798 6385
64957 6397
64957 6384
64957 6406
64957 6861
64957 6358
64957 6693
64957 6585
64957 6546
32798 6851
64957 6461
64957 6519
64957 6420
64957 6673
64957 6387
64957 6395
64957 6836
64957 7215
32798 5460
64957 6482
64957 7037
64957 7074
64957 6583
64957 6626
64957 6554
64957 6555
64957 6408
32798 5152
64957 6887
64957 6394
64957 6617
64957 6395
64957 7674
64957 6566
64957 6510
64957 7142
32798 5373
64957 6584
64957 6406
64957 6610
64957 6400
64957 8305
64957 6476
64957 6370
64957 6376
64957 6444
32798 6167
64957 6406
64957 6396
64957 6466
64957 7088
64957 6595
64957 6438
64957 6402
64957 6759
32798 5173
64957 6536
64957 9650
64957 6402
64957 6394
64957 6573
64957 6406
64957 6361
64957 7141
32798 5192
64957 6560
64957 6382
64957 6957
64957 6452
64957 7001
64957 6783
64957 6381
64957 7008
32798 5282
64957 8324
64957 6631
64957 6514
64957 6710
64957 6399
64957 6589
64957 6352
64957 6990
32798 5155
64957 6391
64957 6362
64957 6517
64957 6576
64957 6565
64957 6541
64957 6366
64957 6579
64957 6368
32798 6154
64957 6424
64957 6513
64957 6532
64957 6484
64957 6530
64957 6357
64957 6426
64957 6431
32798 6158
64957 6524
64957 6409
64957 6720
64957 6569
64957 7566
64957 6380
64957 6403
64957 6477
32798 5000
64957 6404
64957 6386
64957 6398
64957 6438
64957 6863
64957 6929
64957 6574
64957 6385
32798 6214
64957 6413
64957 6387
64957 6668
64957 6538
64957 6716
64957 6417
64957 6361
64957 6438
32798 4814
64957 6868
64957 6500
64957 6509
64957 6398
64957 6560
64957 6417
64957 6496
64957 6444
64957 6470
32798 6279
64957 7370
64957 6877
64957 6411
64957 6485
64957 6398
64957 6400
64957 6425
64957 6697
32798 5046
64957 6647
64957 6540
64957 6399
64957 6377
64957 6830
64957 6476
64957 6435
64957 6631
32798 6336
64957 6912
64957 6393
64957 6370
64957 6386
64957 6616
64957 6528
64957 6861
64957 6904
32798 5190
64957 6562
64957 6417
64957 6388
64957 6570
64957 6886
64957 6537
64957 6568
64957 6672
32798 5072
64957 6406
64957 6412
64957 6470
64957 6865
64957 6391
64957 6398
64957 6420
64957 6806
32798 5213
64957 6409
64957 6485
64957 6397
64957 6387
64957 6453
64957 6407
64957 6373
64957 6435
32798 6102
64957 6452
64957 4902
32798 3676
64957 6542
64957 6382
64957 6544
64957 6402
64957 6638
64957 7643
32798 5688
64957 6380
64957 6377
64957 6476
64957 6359
64957 6570
64957 6552
64957 6373
32798 4816
64957 6410
64957 6359
64957 6370
64957 6621
64957 6731
64957 6871
64957 6374
64957 6485
64957 6504
32798 6359
64957 6513
64957 6573
64957 6421
64957 6413
64957 6405
64957 6391
64957 6360
64957 6746
32798 5035
64957 6383
64957 6509
64957 6979
64957 6548
64957 6739
64957 6386
64957 6407
32798 5047
64957 6570
64957 6372
64957 6394
64957 6387
64957 6405
64957 6827
64957 6598
64957 6397
32798 5215
64957 6847
64957 6353
64957 6391
64957 6350
64957 6442
64957 6394
64957 6380
64957 6790
64957 6457
32798 4885
64957 6377
64957 6726
64957 6392
64957 6598
64957 6507
64957 6653
64957 6959
64957 6625
32798 6285
64957 6919
64957 6583
64957 6395
64957 6497
64957 6565
64957 6469
64957 6484
64957 6544
32798 6423
64957 6477
64957 6381
64957 6492
64957 6184
64957 6397
64957 6326
64957 6455
64957 6533
64957 6438
32798 4872
64957 7001
64957 6372
64957 6374
64957 6387
64957 6878
64957 6440
64957 6400
64957 6519
32798 5299
64957 6413
64957 7626
64957 6375
64957 6851
64957 6813
64957 6372
64957 6404
64957 6386
64957 6538
32798 5133
64957 6396
64957 6411
64957 6435
64957 6870
64957 6404
64957 6586
64957 6382
64957 6547
32798 6379
16954 6342
64957 6389
64957 6378
64957 6480
64957 6407
64957 6514
64957 6371
64957 6396
32798 5378
48699 6233
64957 6864
64957 6391
64957 6351
64957 6503
64957 7582
64957 6569
64957 6418
64957 4034
64957 6776
32798 6010
64957 6386
64957 6389
64957 6433
64957 6591
64957 6563
64957 6392
64957 6544
32798 6415
64957 6361
64957 6571
64957 6393
64957 6924
64957 6382
64957 6470
64957 6388
64957 6907
32798 5178
64957 6372
64957 6422
64957 6363
64957 6387
64957 6478
64957 6377
64957 6559
64957 6913
32798 5084
64957 7780
64957 6490
64957 6501
64957 6360
64957 6740
64957 6359
64957 6470
64957 6512
32798 5054
64957 6819
64957 6500
64957 6436
64957 6370
64957 6431
64957 6524
64957 6395
64957 6486
32798 6551
64957 6450
64957 6492
64957 6475
64957 3755
64957 6402
64957 6378
64957 6415
64957 6424
64957 6384
32798 6171
64957 6344
64957 6391
64957 6408
64957 6874
64957 6457
64957 6403
32798 6028
64957 6547
64957 6413
64957 6416
64957 6547
64957 6536
64957 6603
64957 6370
64957 7379
32798 5220
64957 6620
64957 6404
64957 6424
64957 6507
64957 6867
64957 6402
64957 6579
64957 6441
32798 5357
64957 6492
64957 6408
64957 6821
64957 6514
64957 6684
64957 6457
64957 6400
64957 6420
32798 6031
64957 6950
64957 6407
64957 6481
64957 6387
64957 6376
64957 6377
64957 6035
64957 6402
64957 6384
32798 4896
64957 6728
64957 6369
64957 6454
64957 6561
64957 6505
64957 6366
64957 6359
64957 6569
64957 6625
32798 5020
64957 6375
64957 6356
64957 6362
64957 6564
64957 6528
64957 6413
64957 6387
64957 6502
32798 6241
64957 6481
64957 6515
64957 7337
64957 6358
64957 6438
64957 6523
64957 6377
64957 6832
32798 4886
64957 6374
64957 6384
64957 7080
64957 6445
64957 6380
64957 6500
64957 6548
64957 6646
32798 6368
64957 6370
64957 6815
64957 6493
64957 6368
64957 4137
64957 6489
64957 6411
64957 6569
64957 6394
32798 6199
64957 6479
64957 6483
64957 6549
64957 6364
64957 5051
64957 7017
64957 6400
64957 6395
64957 6480
32798 4977
64957 6389
64957 6695
64957 6380
64957 6520
64957 6847
64957 6400
64957 6389
64957 6367
32798 5308
64957 6374
64957 6671
64957 6402
64957 6387
64957 6547
64957 6419
64957 6569
64957 6403
32798 6202
64957 6512
64957 6436
64957 6382
64957 6464
64957 6404
64957 6935
64957 6593
64957 6351
32798 4851
64957 6916
64957 3838
64957 6415
64957 6417
64957 6516
64957 6484
64957 6606
64957 6377
64957 6425
32798 5410
64957 6526
64957 6380
64957 6547
64957 6383
64957 6388
64957 6578
64957 6560
64957 6446
64957 6404
32798 3640
64957 6395
64957 7171
64957 6583
64957 6389
64957 6522
64957 6578
64957 6403
64957 6401
32798 4300
64957 6843
64957 6569
64957 6564
64957 6864
64957 6391
64957 6397
64957 6845
32798 5191
64957 6095
64957 6557
64957 6383
64957 6416
64957 6426
64957 6431
64957 6567
64957 6439
64957 7100
32798 5063
64957 6422
64957 6557
64957 6612
64957 6423
64957 6437
64957 6489
64957 6602
64957 6907
32798 5178
64957 6426
64957 6402
64957 6475
64957 6383
64957 6401
64957 6365
64957 6437
64957 7113
64957 6945
32798 5222
64957 6396
64957 6514
64957 6370
64957 6355
64957 6373
64957 6385
64957 6511
64957 7299
32798 5543
64957 6376
64957 6391
64957 6488
64957 6737
64957 6564
64957 6868
64957 6271
64957 6550
64957 6812
32798 4929
64957 6410
64957 6538
64957 6459
64957 6482
64957 6401
64957 6486
64957 6400
64957 6720
32798 4927
64957 6458
64957 7585
64957 6376
64957 6425
64957 6529
64957 6364
64957 6578
64957 6415
32798 6259
64957 6410
64957 6394
64957 6777
64957 6408
64957 6349
64957 6413
64957 6398
64957 6857
32798 5172
64957 6914
64957 6299
64957 6371
64957 6443
64957 6600
64957 6390
64957 6459
64957 6799
64957 6809
32798 5218
64957 6595
64957 6439
64957 6421
64957 6397
64957 7238
64957 6456
64957 6956
32798 5312
64957 6416
64957 6853
64957 5245
64957 6386
64957 6437
64957 6366
64957 6514
64957 6507
64957 7334
32798 5340
64957 6854
64957 6372
64957 6394
64957 6445
64957 6875
64957 6812
64957 6479
64957 6738
32798 6301
64957 6402
64957 6860
64957 6805
64957 6832
64957 6853
64957 7010
64957 6485
64957 6372
32798 4896
64957 7710
64957 6525
64957 6529
64957 6862
64957 6384
64957 6628
64957 6440
64957 6627
32798 4411
64957 6475
64957 6349
64957 6436
64957 6540
64957 6190
64957 6748
64957 6546
64957 6503
64957 6263
64957 6898
32798 5759
64957 6873
64957 6198
64957 6523
64957 6638
64957 6547
64957 6409
64957 6556
64957 6405
64957 6633
32798 3604
64957 5173
64957 6852
64957 7821
64957 6478
64957 6393
64957 6373
64957 6894
64957 6419
64957 4902
64957 7033
32798 5014
64957 7152
64957 6607
64957 6389
64957 6407
64957 6558
64957 6387
64957 6362
64957 6855
32798 5224
64957 6496
64957 6361
64957 6538
64957 7173
64957 6409
64957 6396
64957 6536
64957 7074
32798 5106
64957 6569
64957 6385
64957 6451
64957 6535
64957 7228
64957 6329
64957 6389
64957 6565
64957 6916
32798 4923
64957 6414
64957 6846
64957 6754
64957 6448
64957 6546
64957 6370
64957 6625
64957 6486
32798 3931
64957 6523
64957 6683
64957 6542
64957 6905
64957 6462
64957 7034
64957 6898
32798 5062
64957 6594
64957 6550
64957 6362
64957 6513
64957 6574
64957 6949
64957 1941
32798 5415
41167 3736
41167 9993
41167 6646
41167 6623
41167 3998
41167 6423
39097 1610
39097 4773
39097 4969
39097 3819
39097 6717
32798 4904
12494 4928
12494 7309
12494 6493
12494 6711
25784 1946
12494 5150
12494 8017
25784 4486
25784 4993
64957 4345
32798 4172
42699 3867
20191 4708
43857 5269
15184 3926
2904 5263
15184 6405
15184 6527
55089 6325
15184 6424
15184 6670
55089 6308
23377 3857
52048 6665
52048 6567
52048 6555
52048 6892
37681 3609
23377 6630
23377 6540
23377 6534
23377 6716
28464 5047
11056 3677
15189 6591
15189 7006
15189 6509
15189 6429
34610 5152
43595 6189
14922 3768
822 4057
41167 6297
16954 3598
48699 3782
12494 4755
41167 6709
41167 7524
39097 4337
41167 6470
41167 6378
39097 5116
25784 4075
39097 3591
41167 3610
39097 3820
41167 6455
39097 5456
44995 3823
44995 3749
44995 3779
44995 6026
32798 3695
34610 6268
28464 7694
59160 47
59160 3815
59160 3629
44995 3831
64957 6309
64957 6356
64957 6696
32798 5181
64957 6602
64957 6196
64957 6343
64957 6704
32798 5112
64957 8310
64957 6541
64957 6393
32798 3719
64957 6519
64957 6360
64957 6385
64957 6487
64957 6367
32798 4063
64957 6484
64957 6413
32798 6082
64957 6581
64957 6398
64957 6410
64957 6199
32798 3853
64957 6400
32798 5220
64957 6470
64957 6731
64957 6584
64957 6384
64957 6415
64957 6363
64957 6768
32798 5302
64957 6465
64957 6378
64957 7035
32798 5199
44995 4571
44995 6147
37681 6388
55089 6408
44995 5164
44995 4179
44995 3680
44995 4703
822 6441
11056 6417
44995 3821
44995 6076
59160 3650
59160 4325
59160 3651
44995 3799
59160 3593
59160 3658
59160 4742
59160 4978
44995 3712
59160 3813
8748 3803
26156 3773
23377 3645
23377 6524
23377 6426
23377 6457
23377 6731
28464 4658
15189 3775
15184 3624
15184 7214
15184 6512
55089 5052
15184 6859
15184 6583
55089 5034
52048 5047
44995 3798
34610 4973
43857 3969
59160 6390
32798 3752
2904 3680
2904 6362
2904 6964
822 5192
2904 6402
2904 6849
822 5085
37681 3615
11056 3653
64957 6411
64957 6726
64957 6460
64957 6523
64957 6219
64957 6519
64957 6272
32798 5014
64957 6426
64957 6407
64957 3801
32798 4713
64957 6690
64957 6213
32798 3948
64957 6477
64957 6558
32798 6154
64957 6642
64957 6387
64957 7100
64957 3792
64957 6531
64957 6400
64957 3824
32798 3604
64957 6781
32798 4902
64957 6410
64957 6389
64957 6113
64957 6351
64957 6518
64957 6427
64957 6416
64957 6918
32798 5065
64957 6415
64957 6484
64957 6400
64957 6376
64957 6392
64957 7036
64957 6525
64957 6627
32798 4942
64957 6364
64957 6533
32798 5059
44995 3620
39469 3783
59160 6062
23095 3862
44928 3757
26156 3702
24448 3879
8748 3669
26156 7121
8748 6531
59160 6628
44995 5108
57910 3801
16257 3720
39469 3740
39469 6525
20449 4096
23095 3633
23095 6518
28464 6335
44995 5483
44995 3735
44928 3786
44928 6975
26156 5249
44928 8032
44928 6602
44928 6431
44928 3851
24448 4628
26156 5213
26156 3593
24448 7221
24448 6560
24448 6829
24448 5027
24448 6543
8748 1048
26156 3868
8748 6042
26156 6233
8748 6816
59160 4935
59160 3628
822 6255
55089 7471
32798 3709
32798 4810
12256 5255
57910 3786
57910 7141
33332 3963
50740 3802
32798 3890
64957 6470
64957 6344
64957 6956
64957 5174
32798 3690
11056 6260
64957 6346
64957 6309
64957 6605
32798 4263
44995 4195
44995 3862
64957 6358
64957 3727
32798 3630
59160 3774
59160 4651
59160 5260
44995 3599
30610 4328
4516 3791
25489 4945
23568 5037
30610 3627
30610 6968
44995 3624
16257 3628
16257 6404
16257 3677
39469 3920
39469 4784
16257 7118
16257 6603
16257 6423
59160 6960
39469 505
39469 918
39469 6202
27125 3830
39469 6429
15184 6144
2904 3764
23377 3566
2904 4757
23377 6375
23377 7089
23377 6402
23377 6353
28464 6224
44053 4237
25489 4709
25489 6508
20449 3580
20449 6672
20449 6402
20449 1505
23095 3856
23095 3700
23095 3782
23095 4758
20449 7066
23095 5162
23095 3923
23095 3743
23095 7142
44928 6308
44928 3900
26156 3616
24448 6250
23568 3794
24448 4255
8748 3734
23568 7618
23568 6414
23568 3803
30610 3617
55089 3591
44995 4626
30610 5060
30610 4189
30610 4884
59160 5152
32798 3685
822 3685
12256 4582
12256 7123
57910 5125
12256 7272
12256 6403
12256 4742
12256 6423
57910 1919
57910 3591
57910 3704
44962 4751
50740 5787
50740 5642
24482 5061
33332 3699
33332 6501
43857 6439
44053 3798
44053 7431
44053 6515
44053 5068
25489 3779
25489 3723
64957 6294
64957 7061
64957 6311
64957 6819
64957 6468
32798 5003
44995 3774
26297 3771
11056 3602
23568 6100
23568 3669
30610 3644
30610 4114
23568 2606
30610 4964
44053 3932
44053 3663
25489 3600
11765 4994
23568 5692
49898 4005
27125 3632
27125 7140
16257 7671
39469 5786
16257 6369
16257 6421
39469 2064
16257 3996
16257 822
16257 6183
39469 3620
20449 6127
20449 4169
23095 3782
23095 3687
20449 6509
20449 6007
23095 3820
12256 3920
12256 3695
57910 3609
44962 4618
44962 6198
50740 3882
50740 6386
24482 5006
24482 7081
33332 3648
49898 4152
27125 3711
22539 1669
20910 3616
49898 3856
27125 4641
27248 5422
51583 3689
13034 4878
11765 3649
11765 7368
57589 5477
49898 4877
49898 14678
49898 6434
49898 6358
49898 3679
49898 3895
27125 3604
27125 3630
27125 6193
27125 3926
1215 3710
62613 4625
20910 1723
44995 3651
44995 3720
60095 6276
28464 6360
11056 6409
822 7009
55089 6852
59160 93
37681 6338
34610 6216
44995 4652
44995 5251
59160 3602
59160 3623
13034 4293
11765 3679
20449 3592
44962 4642
44962 5110
1215 3670
44995 3562
24482 5116
50740 3736
13034 5203
11765 3812
42858 3606
62990 3701
31302 7117
1215 4948
31302 6808
1215 6632
31302 6541
1215 3641
31302 6382
31302 6614
31302 6509
31302 7743
1215 6005
31302 6418
31302 6732
1215 4940
22539 5343
20910 3631
21865 3785
13034 4584
23377 3851
13034 7569
13034 6524
13034 6823
11765 5195
13034 4756
13034 5200
11765 3712
23377 6167
11765 3808
43857 3770
49898 723
49898 4411
49898 6106
27125 4107
49898 3676
49898 3799
27125 3885
49898 6398
49898 6746
27125 5159
49898 6864
49898 6826
49898 6398
49898 6417
49898 6448
49898 6888
27125 4911
49898 6436
49898 7044
27125 5424
15184 3860
2904 6141
49898 6768
49898 6882
27125 4917
52048 4254
15189 6284
49898 6698
27125 5108
49898 6699
27125 5029
60095 3777
49898 6408
49898 6397
27125 5204
34573 3814
62613 3705
49898 6350
49898 6384
27125 6251
28464 3624
11056 3681
62853 3821
49898 7373
49898 6436
27125 4979
31302 6484
31302 6413
1215 5681
31302 6360
31302 6391
1215 3946
49898 6611
27125 4929
49898 6383
49898 3880
27125 3613
55089 3777
822 3619
37681 3610
34610 4082
2651 3792
31302 6519
59160 5086
58956 3808
1215 3607
13034 3592
13034 6282
13034 3895
11765 3689
13034 4864
37453 5128
49898 3623
44995 3590
14725 3863
11765 4461
59160 3940
1885 4683
25968 4081
44995 4897
29647 3869
52350 3607
58956 3719
58956 7022
64636 3667
37453 4119
37453 6671
32798 3677
17245 3687
1215 4713
34610 6359
37681 6425
19624 4012
1885 3617
1885 6746
822 6264
64957 6423
64957 6525
64957 6425
64957 6762
32798 5047
64957 6419
64957 6860
64957 6062
64957 6371
64957 3711
32798 3611
1215 5142
1215 4990
1215 3695
44995 3807
44995 4766
39097 6857
59160 5072
59160 3701
44995 3645
52350 7354
52350 6404
52350 6900
58956 5156
58956 5717
64636 7451
64636 6574
64636 6702
37453 2118
37453 4760
31302 6403
31302 6367
1215 6245
31302 6378
31302 6477
31302 6433
31302 6833
31302 6422
31302 3676
1215 3706
48296 3899
17245 4295
17245 6794
31302 3623
31302 6384
31302 6572
1215 4286
31302 6379
31302 6764
1215 5081
31302 6398
1215 6124
31302 6386
31302 6820
1215 4908
31302 6392
31302 6993
1215 5039
31302 6383
31302 6424
1215 5522
31302 6385
31302 6933
1215 4896
31302 6429
31302 6411
31302 6588
1215 6457
31302 6859
31302 6508
31302 6404
1215 6144
31302 6382
31302 7079
1215 6932
31302 6543
31302 6469
1215 6311
31302 6721
31302 6464
31302 6607
1215 5031
31302 7492
1215 5619
31302 6425
31302 6417
31302 6392
31302 6699
1215 6524
31302 6512
31302 6526
1215 6377
31302 6363
15189 6149
31302 6395
31302 6815
1215 6407
19624 3884
2904 5601
19624 7332
19624 6435
19624 3677
1885 3651
1885 4189
52048 6156
34610 4220
41167 3834
822 3635
41167 6376
41167 6379
41167 6361
41167 6554
41167 6527
39097 1009
39097 3640
37681 3579
31302 6221
64636 3615
64636 3652
37453 6132
48296 3576
48296 7232
48296 6382
48296 3892
17245 3587
17245 4713
1215 5034
19624 3824
1885 6186
41167 6381
41167 6392
39097 5130
41167 6468
41167 6561
41167 6347
41167 6310
41167 7057
39097 1310
39097 3790
39097 3804
64636 5055
59160 5288
23095 3775
64636 6179
48296 5007
19624 6487
19624 3877
1885 3606
44995 3810
37453 4790
17245 5028
44995 3878
44995 3713
37453 3659
37681 6227
50740 6888
39469 6357
8748 6559
26156 6532
33332 6537
23095 3764
58956 3804
27483 3664
59160 3607
59160 6117
44995 3704
20449 4257
20449 6160
20449 3667
23095 3603
64636 3685
37453 3597
64636 3651
37453 3731
52350 4100
52350 4738
52048 5082
38746 3851
7329 3930
27483 3612
27483 6780
44962 6267
16257 3837
24448 3647
24448 6128
44928 3788
24482 339
24482 3816
65444 3847
23095 3767
23095 7050
58956 3842
37681 3613
50740 3603
8748 4624
26156 4916
39469 3649
33332 4230
10433 3618
822 6285
36000 3763
38746 3627
38746 7165
50740 6367
44995 3629
44995 5046
33332 6418
7329 6258
26156 6639
7329 7356
7329 6395
7329 3652
27483 3617
27483 6504
46495 4429
59160 3626
59160 3705
8748 6382
39469 6497
5152 6153
41334 4302
32251 5174
65444 3625
65444 4699
23095 3621
23095 6943
44995 5247
2904 3838
36000 3651
36000 8010
36000 4408
38746 3804
36000 6781
38746 5040
38746 4882
7329 5116
27483 6379
44962 5281
822 5113
24482 3596
8764 3785
24482 3750
44928 6143
24448 3793
16257 3762
24448 6151
50740 3895
33332 3787
26156 3568
65444 3615
65444 6091
8510 3626
8748 3804
39469 3632
23095 3596
59160 6126
44995 3813
36000 3771
7329 6389
7329 4975
27483 3644
38746 4128
24875 3815
59160 6261
32798 3718
32798 3727
32798 4762
32798 5062
23095 6831
8748 6413
39469 6480
32798 5236
64957 3594
64957 6405
64957 6836
64957 6567
32798 5042
64957 6552
64957 6204
64957 6869
32798 5062
64957 6451
64957 6417
64957 7053
32798 5121
64957 6305
64957 6877
32798 4950
64957 6495
64957 6338
64957 6393
64957 3673
32798 3727
64957 6857
32798 3888
64957 6308
64957 6601
64957 6296
32798 3707
64957 6398
64957 6614
32798 4922
64957 6442
64957 6390
64957 6852
64957 6393
64957 6357
64957 6577
64957 6790
32798 5096
64957 6469
64957 6390
32798 3597
64957 6284
64957 6576
64957 6372
64957 6734
32798 4889
44995 3638
64957 6499
64957 6307
64957 6299
64957 4819
32798 5000
32798 4228
26156 7257
32798 4733
32798 5224
32798 3725
32798 3710
33332 6389
64957 6327
64957 6892
32798 5027
64957 6617
64957 6380
64957 6209
64957 6851
32798 4950
50740 6773
64957 6467
64957 6324
64957 6423
64957 4931
32798 3605
64957 3742
64957 6315
64957 6498
32798 3641
64957 6512
64957 6798
64957 6340
64957 7060
32798 5060
64957 6333
64957 6447
64957 6380
64957 8459
32798 6661
64957 6591
64957 6932
32798 5073
64957 6416
64957 6341
64957 6401
64957 6272
32798 3617
64957 6920
32798 5304
822 6229
32798 4079
44995 3777
44995 4770
64957 5062
59160 3754
64957 6654
64957 6536
32798 4892
64957 6380
64957 6255
64957 6507
64957 6695
32798 5190
64957 6757
64957 6619
64957 3781
64957 6635
32798 5155
64957 6483
64957 8015
64957 6429
64957 6451
64957 3647
32798 3778
64957 7033
64957 6715
32798 6547
64957 6418
32798 3607
64957 6564
64957 6401
64957 6534
64957 6409
64957 6299
32798 3620
64957 6397
64957 6437
64957 6900
32798 6373
64957 6503
64957 7583
32798 6227
64957 6968
64957 6554
64957 4989
64957 6569
32798 6309
64957 6474
64957 7007
32798 5151
64957 6614
64957 7843
64957 6558
64957 6284
32798 5009
64957 6385
64957 6498
64957 6773
64957 6886
64957 6890
32798 4963
64957 7037
32798 5245
64957 6534
64957 6448
64957 6572
64957 6385
64957 6365
64957 1767
64957 6492
64957 6440
32798 4957
64957 6579
64957 6437
64957 6397
64957 6568
64957 6542
64957 6462
64957 6409
64957 7178
32798 5529
64957 6493
64957 8106
64957 6388
64957 6818
64957 6431
64957 5018
64957 6709
64957 6391
64957 7084
32798 5327
64957 6699
64957 6660
64957 6326
32798 5138
59160 3748
44995 3685
65444 4880
24448 5104
24448 4733
16257 6177
23095 3654
8748 3985
39469 3597
44928 3786
44928 3583
44928 6286
2904 3811
24482 6098
44962 3715
44962 3873
822 4008
26156 3584
33332 4640
50740 7003
37838 3606
43581 3768
59160 3806
44995 3696
38241 3759
14041 4856
30355 4903
44995 3649
44995 3704
44995 3816
44995 6349
40713 3625
59160 3713
59160 3683
50740 6887
59160 4793
59160 3752
44995 4596
33332 6461
26156 6497
39469 6212
16954 6341
8748 6387
23095 6574
44995 3755
44995 6016
59160 499
59160 3625
59160 3648
44995 3804
59160 5830
1215 5035
18542 3752
30355 3741
42336 3683
44995 3604
43595 6351
44962 3890
24482 4604
24482 5149
44928 4904
16257 6310
24448 5110
24448 6556
65444 3974
16954 3685
63195 3977
50740 3798
39469 4639
33332 5057
26156 3776
8748 3720
23095 3743
5886 3732
31302 6723
31302 7065
1215 5092
31302 6510
31302 6885
1215 5045
31302 6369
31302 6427
1215 6186
31302 7767
31302 6577
1215 5537
31302 6478
31302 6573
1215 5115
31302 6641
31302 7135
1215 6483
31302 6627
31302 6947
1215 5079
31302 6465
31302 7085
1215 5196
31302 6389
31302 6823
1215 5105
31302 6872
31302 6375
1215 6249
31302 6366
31302 6486
1215 5026
31302 6399
31302 6416
1215 6183
31302 6494
31302 6695
1215 5025
16954 6250
48699 7667
44995 4970
44995 3741
59160 3733
59160 3820
44995 3752
48872 3853
59160 6176
4642 3674
44995 4798
43595 6284
14922 6253
60963 3826
59160 4429
16944 3773
23095 6137
16954 3817
48699 4114
28623 3826
44995 3598
14908 3859
44995 3757
65391 3676
4642 4601
4642 7335
59160 5642
28526 3738
60963 4988
60963 6983
12266 3682
16944 3779
16944 7281
20449 7720
20449 6422
20449 1252
23095 3599
32099 3667
22237 3855
65391 4625
65391 8657
65391 6380
65391 6706
65391 6838
65391 4410
4642 3865
4642 3809
4642 3668
4642 6486
28526 3780
28526 7280
28526 6374
28526 4154
28526 6789
60963 1736
60963 3798
12266 3832
12266 7343
12266 6596
16944 4916
12266 6367
12266 3665
12266 7474
16944 1542
16944 257
62990 3727
57589 3818
65391 6127
65391 3673
4642 3638
4642 3658
65391 6878
65391 7137
4642 5098
65391 6476
4642 6227
28526 6242
28526 3663
60963 3662
62990 3580
12266 6120
12266 4363
16944 3812
44995 3617
44995 4757
59160 3576
59160 388
44995 3648
65391 5140
4642 4107
59160 6351
30370 3966
44995 3752
1351 3967
30370 4786
30370 7190
1351 3977
1351 7360
1351 6565
1351 6977
30370 5480
30370 5213
30370 6671
48699 6438
44995 3668
44995 3861
59160 1933
59160 5043
44995 3569
1351 3916
1351 6115
1351 3762
30370 4600
1351 5019
30370 3610
59160 3828
32798 6200
14922 4828
44995 3626
62853 4955
48699 4138
64957 4073
14725 3724
64957 6339
64957 6393
32798 4918
64957 6511
64957 6240
64957 3841
32798 4077
32798 6511
64957 3937
64957 6347
64957 6285
64957 6928
32798 5193
5822 4956
25486 3716
8482 4197
822 6298
32798 4688
64957 6311
64957 6570
32798 4914
50536 3755
50536 3655
5822 3806
5822 3781
57975 4580
8482 3637
2904 5293
34431 3619
25486 3705
822 4357
47043 4607
39470 5158
32798 3632
25784 3772
48699 6398
64957 6305
64957 6308
64957 6486
32798 6254
64957 6736
64957 6892
64957 6192
64957 6821
32798 6684
64957 6439
64957 6355
64957 6429
64957 6599
64957 6570
64957 6394
32798 4811
64957 6334
32798 5214
64957 6797
64957 6383
64957 6876
32798 5235
64957 6384
64957 6650
64957 6961
32798 5974
64957 6980
64957 6130
64957 6443
32798 6103
64957 6561
64957 6823
32798 6625
64957 6882
32798 3635
64957 6350
64957 6595
32798 6448
64957 6851
64957 6752
32798 5383
64957 6841
64957 6434
64957 6462
64957 6401
64957 6437
64957 6426
64957 6383
64957 6712
32798 5062
64957 6401
64957 6551
64957 6395
64957 6504
64957 6510
64957 6387
64957 6441
32798 6074
64957 6983
64957 6527
64957 6682
32798 4867
12494 3851
25784 3596
14922 6174
1387 3748
48699 3696
14574 3904
40173 3608
44834 3724
41935 3617
27199 5388
40038 3611
47008 5143
14492 4058
10371 3707
15941 897
54085 3590
64506 3597
63949 3974
24339 3654
33343 4884
32318 5010
55172 3784
18309 3756
20026 3791
61959 3747
18631 3612
58514 4050
60315 3767
44955 3810
24339 5165
51786 632
64059 3712
26920 3759
37116 3791
60315 4264
44955 3710
29302 3631
29302 4667
56611 5105
34972 3713
30560 3911
39919 3660
20975 3615
48028 3617
37764 3688
64180 3554
23189 3598
38513 3810
22910 4783
14100 5028
14100 619
57013 3638
57013 3618
14100 3620
24339 3620
21865 3633
60095 4283
16240 4669
46764 5146
23377 1907
28464 3785
43857 4151
43857 4078
11056 3644
15184 3797
15184 4633
55089 4950
19860 3755
506 3801
62065 3646
62065 3855
62065 3810
10277 698
62065 3565
10277 6638
62065 3585
15189 1929
34610 3646
41167 3717
41167 3592
39097 3752
51303 1025
51303 166
52469 1910
51303 3637
29332 3659
8179 3952
25926 3604
40053 3919
52048 828
37681 4163
37724 3790
44970 3693
60315 3632
44955 3812
17544 3779
9777 3572
44962 426
50740 3650
24482 5143
24482 3607
33332 3619
44928 4027
26156 3794
44928 3627
26156 3611
16257 3632
16257 4814
39469 5044
24448 3638
24448 3591
8748 3587
65444 3642
65444 4106
23095 3808
36771 3832
43595 3665
43595 4851
16954 5455
21386 3724
10109 3737
13311 3788
63091 3615
39289 3996
7438 4122
60057 3651
42255 3742
35480 4622
23193 5210
3905 3610
15897 3690
18750 3774
2904 843
822 3626
34363 3620
34363 582
19866 1656
34363 3606
18293 3700
48298 3776
40537 3723
40537 3655
40537 4099
14437 4802
14437 5053
40537 3602
56767 3658
56767 3622
56767 3593
3478 3746
3478 3856
14922 6836
48699 5072
56767 3605
14963 3806
27287 3670
51578 3834
37324 4308
17014 4089
28534 3573
50044 3839
9833 4898
45205 3766
30477 4953
47978 3591
57837 3698
6931 3633
60268 3776
57828 3788
1539 3625
249 3714
8431 3576
22910 2339
38513 3608
38513 3774
22910 3567
44608 3965
22798 3603
6809 3882
42391 3738
34723 3608
41480 4603
22934 5105
46764 3675
46764 3589
16240 3656
16240 3629
46764 3618
6931 3864
65415 3716
11810 4823
506 33
19860 3618
19860 3605
506 3606
11655 3645
44546 3777
35474 3596
62325 4091
43497 4801
55407 5113
56207 3616
42391 3830
59006 3907
22934 4292
58514 3676
58514 3588
18631 654
58514 4629
26297 4986
26297 1447
4516 3626
4516 3637
26297 3727
25489 4296
30610 3632
44053 4269
57910 4584
23568 5136
27248 3612
51583 3684
12256 3851
42858 3712
11765 6717
27125 4970
25968 3635
29647 3979
2651 5055
13311 2020
10109 1943
13311 4134
39289 570
63091 1213
13034 3766
49898 3799
39289 3746
6931 3709
17245 3622
1885 3605
48296 3709
19624 3796
58956 3669
52350 4796
10433 4956
46495 4027
5152 3831
32251 4118
30560 3780
30560 3601
34972 3656
34972 3605
30560 3562
41334 4718
15897 3027
23193 3621
23193 4077
15897 3590
38746 3708
27483 3596
8764 3810
8510 4083
7329 4920
24875 5207
48298 3700
48298 3621
18293 1905
20975 3749
20975 3612
39919 1277
48298 4598
20975 5134
37838 3599
42391 3622
43581 3982
64957 3621
64957 3764
32798 488
64957 3824
22934 4763
38241 5008
14041 4274
42336 3747
63195 3774
1215 3595
31302 3693
5886 3601
28623 3628
14908 3919
48872 4641
37324 2777
27287 1200
51578 3688
51578 3693
14963 3618
14963 3754
9833 4622
9833 4916
28534 3782
28534 3596
37324 3781
51578 3613
9833 3744
50044 169
17014 3664
17014 4605
50044 4959
23095 3719
32099 3588
22237 3794
20449 3837
60963 3631
57589 3624
16944 3662
4642 3614
28526 3755
62990 4663
12266 4983
65391 3705
30370 4072
44995 3633
59160 3951
1351 3766
57828 3673
57828 3705
60268 4767
60268 4935
57828 3695
47043 3733
39470 3843
44834 3667
44834 3642
44834 3694
40173 467
44834 3610
1387 5025
14574 3787
41935 3670
27199 3784
30477 96
45205 3595
30477 3715
45205 4615
45205 4981
30477 3666
62990 3655
57589 3627
62990 3576
40038 3627
43497 774
62325 797
43497 3649
55407 3781
55407 3689
35474 3817
14492 3816
10371 3818
46878 3776
54085 3615
63949 3679
64506 3765
63949 3591
64506 3658
64506 3659
63949 3647
51583 3614
51583 3653
27248 4889
51583 4114
53142 3926
29647 3692
29647 3813
25968 3605
25968 3623
29647 3631
48023 3790
46878 4905
55172 722
55172 1980
33343 3580
33343 3797
18309 3889
18309 3735
18309 4611
32318 4683
32318 4206
55172 3623
18309 3577
61959 3667
61959 3826
61959 4065
20026 3731
20026 3596
61959 5320
59006 5197
59006 3620
59006 3619
59006 3575
53142 3815
48023 3788
64059 3615
51786 4740
12256 984
12256 3622
57910 3829
30370 4206
1351 3739
26920 3710
37116 3902
19624 254
1885 3980
56611 3702
46878 3609
29302 3622
19624 3630
1885 3966
48028 3697
37764 3605
64180 4602
23189 4973
7329 3621
7329 3645
27483 3623
31302 3631
31302 3620
31302 3621
1215 3628
1215 4600
31302 4959
53142 4115
48023 3801
20449 3653
20449 3643
20449 3595
23095 3632
23095 3644
20449 5282
60095 4150
65391 4985
65391 3691
65391 4134
4642 3739
4642 3619
28526 3667
28526 3653
60963 4578
28526 5061
60963 3590
16548 3739
44253 3916
51005 3613
16548 3606
28464 3597
12266 3642
12266 63
16944 3645
35749 5086
44253 3609
11056 3776
55089 3690
21865 3616
65391 3598
23377 3608
43857 3636
15184 3622
34610 4603
39097 5139
15189 4039
41167 4094
29332 3589
25926 3804
8179 3785
40053 3961
37681 3574
37724 3617
44970 5007
17544 3624
9777 5182
50740 3643
33332 3617
26156 3623
39469 3757
8748 3715
23095 3789
44962 3573
24482 3710
44928 3583
16257 4606
24448 5430
65444 3590
16954 3589
36771 3604
21386 3618
38824 7959
38824 6640
38824 6426
38824 3813
11467 4075
11467 6143
38824 3643
11467 6160
11467 6376
47978 6244
57837 5086
38824 3633
38824 6394
38824 6434
38824 6390
38824 6383
38824 6246
11467 4973
11926 3935
14997 3685
11467 4799
49951 5554
38824 4384
11467 3653
1539 3808
249 3776
8431 3596
22798 3615
6809 3792
44608 3762
11926 3934
34723 4839
41480 5353
50021 3818
15100 3814
50021 3629
50021 4180
14997 4608
15100 7353
15100 6575
15100 6541
50021 5279
50021 3717
15100 3686
50021 3601
50021 6131
50021 6401
15100 1725
15100 6232
50021 3671
10371 4956
10371 3659
14492 101
10371 3685
16671 3766
61189 3669
16671 3821
16671 6487
61189 7346
61189 6946
16671 5047
61189 6475
16671 3856
61189 4160
16671 6502
16671 6666
65415 5069
61189 3627
61189 6552
16671 3908
11810 3757
61189 3607
16671 4490
32969 743
1964 3955
32969 5691
1964 7453
1964 6592
1964 6863
1964 3669
32969 3569
32969 6333
1964 4175
32969 6317
32969 6628
11655 6309
1964 4240
1964 6258
32969 5429
44546 3807
1964 4084
32969 4622
49951 4991
13598 4010
57095 3646
13598 3624
13598 4369
57095 8021
57095 6471
13598 6253
57095 6464
13598 6089
57095 3719
13598 6128
13598 6780
57095 990
57095 6370
57095 7152
13598 5097
57095 6385
57095 6425
13598 3592
57095 2126
13598 4967
13598 3673
28958 4739
12039 5038
28958 3713
28958 4154
12039 7357
12039 6580
28958 5302
25489 5141
12039 6467
28958 6084
12039 3836
44053 3674
28958 6167
28958 7606
30610 6005
12039 3631
28958 6532
12039 447
23568 3883
12039 6496
12039 6197
28958 3601
11926 3610
12039 3717
28958 3630
14997 3742
19301 3851
39679 4448
19301 4614
19301 5529
39679 7329
39679 6395
39679 6823
19301 5175
19301 3763
42858 4789
39679 5143
19301 3743
19301 6491
11765 6134
27125 4281
39679 5121
39679 3613
39679 6305
19301 3624
40802 3803
25443 3631
19301 3678
43767 6101
40802 3638
40802 4335
15094 3868
25443 3610
25443 7061
43767 7863
43767 7628
43767 6497
40802 6153
40802 3753
15094 7882
15094 6405
15094 6499
2651 3845
25443 3759
25443 6084
43767 3864
40802 4850
40802 6415
15094 3649
25443 4018
25443 7222
13034 5753
49898 4505
43767 3888
43767 4055
40802 3602
15094 4842
15094 4952
15094 6304
25443 3718
40802 3826
25443 4124
17245 3605
48296 4840
58956 3635
10433 4956
46495 3784
5152 3830
32251 3825
52350 3695
38746 4536
41334 3660
36000 3874
8764 3774
8510 5107
24875 5108
37838 3622
43581 3829
38241 3622
14041 3687
42336 3729
63195 3815
28623 3791
14908 3732
5886 3755
48872 4839
32099 5105
22237 3711
57837 2277
47978 3747
47978 3609
57837 3607
44995 3566
59160 4771
47043 3611
39470 5123
1387 3625
14574 4169
41935 3584
27199 3843
30490 3731
57589 4079
62990 3708
40038 3607
35474 4781
47008 5199
55407 3636
4755 3652
26258 3649
30490 3652
54085 4015
4755 3675
62990 3809
57589 4649
26258 5035
62990 3616
30490 3570
57910 3796
12256 3711
30370 3670
1351 3761
26920 3702
37116 3803
4755 4617
1885 5079
26258 3636
48028 3747
64180 3583
37764 3636
27483 3639
23189 3623
7329 3609
44608 3656
44608 5312
8431 4971
44608 3659
8431 1972
44608 3568
60963 3653
16944 3633
60095 3607
28526 3577
21865 3827
12266 4635
29332 4915
25926 3735
8179 3810
40053 3748
37681 3734
37724 3655
44970 4088
17544 3590
9777 3705
36771 4858
21386 5246
23568 3719
23568 3731
30610 3613
23568 3652
30610 3719
30610 3688
44053 3641
44053 4609
25489 5127
44053 4205
25489 3686
23568 4148
2651 3638
2651 3618
42858 2234
2651 3756
42858 3798
2651 4593
13034 5002
13034 3649
11765 3736
13034 3616
11765 3765
49898 3617
49898 3651
27125 4812
49898 5152
27125 732
49898 3973
49898 3643
27125 3704
795 3774
7438 3593
60057 3904
8764 4638
8764 3716
41334 3431
8764 3659
42255 4065
46495 3775
46495 3691
46495 3699
10433 1368
46495 3626
32251 5006
32251 3683
5152 3648
32251 4080
5152 3655
5152 4097
32251 3790
35480 3906
24875 2063
8510 846
24875 3576
3905 3782
18750 3830
43581 195
43581 3600
37838 795
43581 4967
15506 4267
49299 3977
48872 3677
48872 3644
5886 4173
5886 3735
48872 3662
5886 5078
48872 5137
795 3815
14908 3712
14908 3633
28623 3817
14908 3729
28623 1017
14908 3683
30370 4769
1351 4899
15506 3808
49299 3626
249 4117
249 3806
249 3601
1539 3720
1539 3630
1539 4683
249 4917
39470 3680
39470 3700
47043 3634
39470 3653
47043 3576
47043 3632
39470 3805
14574 4727
14574 2273
1387 708
14574 4070
22798 3737
27199 3662
27199 3647
41935 3715
27199 5776
41935 321
27199 3676
41935 3661
27199 3618
6809 3778
34723 3598
41480 3612
795 3831
65415 4588
11810 5593
47008 3656
40038 3609
47008 3756
40038 3635
47008 3593
11655 4111
44546 3794
15506 3674
49299 4612
17245 3665
58956 4984
52350 4016
38746 3598
14041 3687
14041 3652
38241 3643
14041 3771
38241 2352
14041 6417
63195 3583
42336 3597
63195 3851
42336 1223
63195 3621
22237 3845
22237 4880
32099 4927
22237 3617
32099 1378
22237 3601
44995 3596
59160 3865
6288 3891
58513 3761
11810 4816
11810 5078
65415 3617
65415 3723
11810 3642
44546 78
11655 3597
11655 3598
44546 3616
6288 4797
58513 5161
54085 3600
57589 3609
62990 3677
6288 3685
58513 3682
62990 3763
57589 4657
62990 3604
26920 4977
55193 3840
18368 3665
55193 3593
55193 7176
18368 3773
18368 7145
18368 6382
18368 6835
55193 4935
18368 6375
18368 3747
55193 3653
55193 3671
55193 6001
55193 3687
55193 3742
18368 6233
18368 5222
18368 5027
18368 3647
55193 3611
18368 3838
27198 4802
55193 4059
19379 4995
27198 3806
27198 7430
19379 4113
18368 3648
19379 7301
19379 6390
19379 5331
27198 3930
27198 3761
27198 3688
27198 6848
27198 6359
19379 988
27198 3624
19379 3609
27198 3662
19379 98
19379 6771
19379 6384
19379 6627
27198 3634
19379 3722
19379 4310
27198 3741
27198 4690
19379 4960
1885 4036
48028 3657
64180 3618
37764 3605
23189 3802
60095 3602
29332 3628
25926 3598
8179 4795
40053 5255
37681 3613
37724 3688
17544 3790
9777 3652
36771 4076
25489 3567
44053 22132
11765 8558
60095 6473
58956 4963
37681 730
17245 3629
1885 3649
1885 3582
38746 3769
54085 2268
44995 6210
44995 3656
44995 3728
59160 3893
59160 3635
59160 3629
59160 5176
44995 4991
21865 3614
52350 3634
58956 3621
48296 3615
17245 4090
36000 3600
38746 3609
59160 3697
44995 4825
59160 5072
39085 3672
44995 4125
25772 3810
10876 3722
39085 3634
39085 7396
47741 4904
25772 3632
25772 6971
7438 3587
10876 3587
10876 6307
39085 5513
39085 3857
39085 6214
47741 3727
47741 4600
25772 4648
10876 3701
10876 4973
39085 3744
10876 6634
10876 6610
10876 6455
39085 4926
10876 6435
10876 3790
39085 3631
47741 5985
25772 3654
10876 3808
47741 3695
25772 3789
42255 3644
35480 3704
3905 3599
44995 3831
44995 6059
59160 3658
59160 3762
44995 3595
30370 3676
59160 6707
33060 4299
32037 4128
44995 3725
1351 3832
26901 3697
38918 3676
32037 4675
32037 6933
2055 3670
33060 4043
33060 6978
38918 5164
44995 3656
44995 3806
59160 3780
59160 3625
44995 4726
38918 7410
38918 7155
38918 6386
32037 6160
32037 6061
32037 3827
32037 6205
38918 3657
38918 3758
38918 6222
38918 3813
32037 3806
32037 3658
38918 1431
32037 3638
33060 7646
44995 3657
44995 3716
59160 3623
59160 4651
2055 4945
38918 3601
44995 3600
44995 3688
59160 4769
30655 3776
60102 5184
30655 3704
30655 6741
44995 4104
60102 3615
2055 7234
2055 6769
2055 6280
33060 3606
33060 4204
2055 3572
2055 6122
2055 3689
33060 3801
60102 7157
60102 6410
60102 6767
30655 5045
30655 3945
30655 3698
30655 6881
60102 5198
60102 4447
60102 3861
60102 4798
30655 3821
30655 4993
60102 6409
60102 3795
60102 6157
30655 3650
60102 6696
30655 5072
60102 6531
60102 1418
30655 3611
60102 4653
30370 2680
1351 3611
1351 3620
1351 24
30370 4146
30370 3586
30370 4698
1351 5020
30370 4828
44995 3692
44995 3730
59160 3628
59160 3663
59160 6111
44995 4177
10172 3994
23174 3789
10172 3663
10172 6962
23174 5839
23174 7055
10172 3699
10172 3697
10172 6129
10172 4853
26901 5120
23174 3692
23174 371
10172 3693
23174 6504
10172 6249
23174 6393
23174 6362
23174 6418
10172 6224
23174 6577
23174 6401
23174 6398
23174 6612
10172 6463
23174 6816
10172 5177
23174 6396
23174 6494
10172 3693
23174 6965
10172 4241
23174 6392
23174 6770
10172 5058
23174 6443
23174 6405
10172 4863
23174 7382
23174 6641
23174 6380
23174 6408
23174 6555
23174 6608
10172 5033
23174 6480
23174 6387
23174 6508
23174 6368
23174 6363
23174 6469
23174 6986
10172 4982
23174 6430
23174 6890
23174 6640
10172 4950
23174 6859
23174 6405
23174 6398
10172 6053
23174 6395
23174 7155
10172 5648
23174 6402
10172 6012
23174 6627
23174 6373
10172 3635
26695 3868
26901 4093
26901 7433
26695 7372
26695 6425
26901 3684
26695 3665
26901 3600
22798 3601
6809 3942
44995 6235
44995 3847
44995 3703
44995 3899
44995 6013
44995 3722
59160 3760
59160 4082
59160 3633
59160 4115
44995 4702
59160 4954
59160 3645
59160 3758
44995 3654
10172 6648
34723 3633
23174 6388
23174 6322
23174 6690
23174 6390
10172 5029
23174 6423
23174 6377
23174 6405
23174 6862
23174 6381
23174 6582
23174 6484
10172 6076
23174 6408
23174 6435
23174 6610
23174 6253
10172 4290
59160 5129
10172 4210
41480 3640
30655 6297
44995 6190
44995 3842
10172 3697
23174 6393
23174 842
10172 3620
10172 5235
44995 5043
44995 3733
59160 4132
59160 3613
60102 3671
23174 6402
10172 4898
23174 6539
23174 6521
10172 5256
23174 6618
23174 6507
23174 6396
10172 6121
23174 6379
23174 6450
23174 6487
23174 6453
23174 6477
10172 6114
23174 7439
10172 6169
23174 6467
23174 6202
10172 3874
59160 3642
59160 6087
44995 3635
23174 6291
23174 6607
23174 6436
23174 2188
10172 3616
59160 3765
10337 3749
44995 3669
26956 4631
10337 3666
10337 6722
59160 3962
10172 3796
26956 4737
26956 6091
10337 3627
10337 3653
10337 7254
44995 5596
26956 3608
26956 3689
10337 4664
26956 6984
10337 4950
26956 6808
26956 6406
26956 1304
10337 3803
23174 3796
10172 3985
60102 6372
60102 3673
30655 3650
23174 7234
10172 6072
26956 3798
59160 3847
44995 4745
10172 5023
44995 3866
44995 4191
44995 3742
44995 6052
59160 3782
59160 3641
59160 3650
44995 3809
23174 6612
23174 6431
23174 6411
23174 6600
10172 6187
23174 6429
23174 6394
23174 5332
10172 3807
10172 3741
23174 6875
23174 6496
23174 528
10172 3623
59160 6123
44995 3609
59160 3760
40081 5222
34962 5045
25772 3638
31804 3632
40081 3639
40081 6886
44995 3665
44995 3712
35897 4718
34962 4958
34962 5602
47741 5835
25772 4859
59160 3648
59160 3611
59160 3892
44995 3848
31804 4583
31804 7196
31804 6417
40081 6059
31804 6398
31804 6511
40081 6252
31804 6616
31804 4860
40081 5176
40081 3931
40081 3696
40081 6240
31804 6176
31804 4097
40081 3597
40081 3749
31804 675
40081 4086
35774 3792
10172 6124
23174 1112
10172 3731
51842 3955
35774 3593
35774 7101
51842 3621
51842 7469
35774 3876
35774 3737
35774 1355
51842 2983
51842 4920
35774 3624
51842 3836
34962 7228
35897 3813
35897 7287
35897 6822
34962 6418
40081 3797
35897 6982
35897 7059
34962 5099
35897 6400
35897 3819
34962 3620
34962 4200
35897 6301
31804 4144
35897 3665
34962 3587
60057 3683
60057 4637
60057 5051
7438 3605
7438 3613
60057 3678
44995 3658
44995 4751
44995 4947
44995 3728
10172 3678
10172 6309
10172 3912
59160 3847
59160 6112
44995 3629
59160 3630
59160 6407
44995 3589
40081 3717
40081 6139
23174 4194
23174 6390
23174 6324
10172 3681
23174 6394
23174 763
10172 3615
23174 6521
23174 6976
10172 4915
23174 6371
23174 6503
23174 6378
23174 6419
10172 6187
23174 6432
23174 6499
23174 6478
10172 4993
23174 6381
23174 6967
10172 5062
23174 6408
23174 6620
23174 7096
10172 5158
23174 6645
10172 5030
23174 6529
23174 6554
23174 6403
23174 7049
23174 6429
23174 6419
23174 6577
23174 6767
10172 5122
23174 6381
23174 6450
23174 6398
23174 6390
23174 6579
23174 6341
10172 4995
44995 4651
44995 5235
59160 4098
59160 3678
44995 3829
44995 6033
40081 3768
32037 6706
59160 4084
59160 3612
59160 4779
44995 3797
32037 5090
32037 6118
32037 3782
35480 3635
35480 3613
35480 4586
42255 1526
38918 3638
38918 6263
38918 3673
32037 3585
31804 3771
31804 5175
31804 5252
31804 3822
40081 3641
38918 3606
38918 6389
38918 3914
38918 3686
32037 3629
38918 6413
32037 6287
38918 6454
38918 3765
38918 4636
32037 3611
38918 6281
32037 4116
35480 3609
31804 3861
38918 4620
40081 3683
32037 4874
31804 3746
40081 3644
59160 4944
44562 5090
21011 4143
10172 3713
10172 3683
44995 4091
10172 4599
23174 6537
23174 1164
10172 3570
23174 6432
23174 3460
10172 3623
23174 4590
44995 5116
44995 3734
59160 4181
59160 3745
59160 6079
44995 4114
19877 3766
2469 3787
238 3646
61678 3689
19877 3613
2469 3595
2469 7211
19877 5876
11771 3773
44562 3603
44562 6752
61678 3962
238 4303
61678 7252
61678 6454
61678 6882
2469 4903
238 7429
238 6388
238 6431
19877 5071
2469 3729
19877 6094
48634 3681
21011 3646
21011 6605
61678 3640
61678 3645
61678 3751
2469 3617
238 3584
238 4647
238 5466
19877 3783
11771 3795
11771 7583
11771 6388
11771 6109
44562 3788
11771 6351
44562 3606
11771 3754
44562 4896
11771 6545
11771 6913
11771 6343
44562 4906
48634 3665
48634 6232
21011 3813
48634 6366
48634 7046
48634 6360
21011 3650
21011 1919
44562 4314
44562 3723
44562 6519
48634 3806
21011 3798
48634 6411
48634 6797
48634 6723
21011 4932
21011 3723
11771 3671
11771 6151
44562 1025
44562 3769
11771 3662
48634 6156
48634 3635
21011 3598
33060 3789
19877 4146
2469 5172
2469 5017
2469 3975
238 3587
238 3618
61678 4736
61678 4978
61678 3630
61678 3638
61678 4221
2469 3724
44995 4674
44995 5205
59160 3704
59160 3666
59160 6081
44995 3679
10999 3866
11771 3846
44562 4104
2055 3676
33060 3568
57039 3657
10999 5648
10999 7060
48634 3985
21011 3671
57039 3596
57039 7276
57039 6559
57039 6567
10999 5137
10999 5605
10999 3751
10999 6718
57039 3650
57039 3582
57039 3693
57039 6121
57039 4772
10999 3625
10999 4166
57039 6951
10999 5206
57039 6691
57039 6446
57039 6979
10999 5196
57039 6424
57039 6394
57039 2553
10999 3608
57039 6287
57039 3655
57039 3843
10999 3593
57039 4637
11771 5111
44562 3643
11771 3765
44562 6281
44562 6269
11771 4314
11771 3705
44562 3751
11771 3677
26901 4623
44995 5279
44995 3776
44995 3744
44995 3856
44995 6103
44995 3861
59160 3706
59160 3644
44995 3666
59160 6045
59160 3758
44995 3617
33089 4790
29093 5090
22827 3649
29093 3750
29093 6795
50909 3769
33089 4133
33089 6516
22827 3759
22827 4492
29093 6317
22827 7175
22827 6413
22827 6568
29093 4298
22827 6901
22827 6396
22827 6553
29093 6321
22827 5075
26695 4951
26901 3594
50909 3576
50909 7494
50909 6410
33089 4970
29093 5181
29093 4992
29093 4207
33089 4659
33089 5035
33089 3765
22827 6640
22827 3736
22827 4696
29093 5342
22827 3651
29093 3549
29093 3766
22827 6668
29093 3619
22827 7285
22827 6406
22827 6415
22827 6474
22827 6394
29093 6099
22827 6933
22827 6387
22827 6866
22827 6908
22827 6828
29093 4976
22827 6656
22827 6511
29093 5087
50909 6226
50909 3870
33089 3622
50909 4729
33089 4997
50909 6618
50909 6729
33089 5743
50909 6951
50909 6153
50909 6339
50909 6448
50909 6337
50909 6350
50909 6211
33089 3627
50909 6366
50909 6401
50909 6476
50909 6601
33089 6184
50909 6765
50909 6621
33089 4934
50909 6925
33089 6715
50909 6514
50909 6364
50909 6389
33089 6140
50909 6370
50909 6775
33089 5068
50909 6837
50909 6607
33089 6186
50909 6354
50909 6387
50909 6578
50909 7341
50909 6497
33089 6226
50909 6403
50909 7066
33089 4921
50909 6379
50909 6427
33089 6258
50909 6446
50909 6893
50909 6380
50909 6534
50909 6471
50909 6436
50909 6429
50909 6687
33089 5207
50909 7221
50909 6508
33089 6129
22827 3605
50909 6380
50909 6390
50909 6489
33089 5125
50909 6565
50909 6619
33089 5147
50909 6479
50909 6992
33089 5090
50909 6729
50909 6403
33089 6234
50909 6408
50909 6479
33089 3606
50909 6414
50909 6384
50909 6540
33089 6389
50909 6518
50909 6389
50909 6425
33089 5137
50909 6406
50909 6527
50909 6473
50909 6930
33089 5584
50909 6369
50909 6407
50909 6345
33089 3628
59160 4760
54822 5098
10791 3673
24102 3663
41511 4372
58919 3709
6694 3658
56307 3633
19442 3667
54822 4612
10791 4965
60401 3725
31728 4284
41511 3581
24102 3617
7153 3739
58919 3820
35824 4002
6694 3575
58919 6928
24102 6589
41511 7084
54822 6931
10791 7066
6694 6890
44995 5054
7153 4293
31728 3622
7153 8441
7153 6539
7153 7065
60401 5101
58919 3660
31728 7323
31728 6389
31728 6344
56307 4924
24102 3617
60401 7751
60401 6807
19442 5179
60401 6538
56307 7523
41511 7335
56307 6401
56307 6696
35824 5738
54822 4082
19442 7126
19442 6438
19442 6578
10791 4909
35824 7296
35824 6409
6694 5103
35824 6381
60401 6410
41511 5105
7153 7093
58919 5660
31728 6996
24102 5100
19442 6398
10791 6179
56307 7323
54822 4968
35824 6393
6694 5409
7153 6504
31728 6642
60401 6523
56307 6387
19442 6557
35824 6575
58919 3893
24102 3816
41511 4715
54822 5079
10791 3708
6694 3865
24102 3813
41511 3656
54822 4616
10791 5830
6694 4865
58919 3702
58919 4867
58919 5081
58919 3714
58919 3770
58919 4322
58919 6244
58919 3692
7153 4792
58919 3593
31728 5126
24102 3599
56307 6141
54822 3584
60401 3835
41511 3700
19442 6316
10791 4019
31728 3646
24102 3639
31728 3820
24102 3749
31728 3574
35824 6231
56307 3658
24102 3591
6694 3659
54822 3602
56307 4716
56307 4985
54822 3606
54822 3787
7153 3605
35824 3643
6694 3832
7153 3823
58919 3712
35824 5327
35824 5460
6694 953
58919 3839
60401 3672
60401 3801
41511 3608
41511 3687
60401 4750
41511 4920
19442 3738
19442 1146
10791 4117
10791 3646
10791 3585
7153 6315
7153 6706
7153 6348
7153 6367
58919 6509
7153 6855
7153 6214
58919 4273
7153 6458
7153 7256
7153 6413
7153 6286
7153 6284
7153 6293
7153 6393
7153 7034
58919 5910
7153 6689
58919 5049
7153 6595
58919 5167
7153 6408
7153 6607
7153 6421
7153 6357
7153 6896
7153 6441
58919 6292
7153 6378
7153 6613
58919 6347
7153 6354
7153 6410
7153 6844
7153 6511
7153 6516
7153 6402
7153 6397
7153 6661
7153 6373
7153 6548
7153 6961
58919 5060
7153 6469
7153 6619
7153 6410
7153 6606
7153 6944
58919 5370
7153 6361
7153 6808
58919 5076
58919 6057
7153 6296
7153 6480
7153 6379
7153 6896
58919 4999
7153 6388
7153 6465
7153 6350
58919 4606
7153 6873
7153 6443
7153 6452
7153 6362
7153 3758
58919 3581
7153 6569
7153 7155
58919 5524
7153 6373
7153 6384
7153 6939
58919 4944
7153 6567
7153 6427
58919 5159
7153 6418
7153 6885
58919 6742
7153 6464
58919 6190
7153 6561
7153 6457
58919 6244
7153 6522
7153 6722
7153 6449
58919 6303
7153 6455
58919 6172
7153 6582
7153 6430
58919 6150
58919 3775
7153 6895
7153 6367
7153 6443
58919 6292
7153 6533
58919 3673
7153 6398
7153 6406
58919 6093
7153 6454
7153 6883
7153 7071
58919 5605
7153 6420
58919 6193
7153 7034
7153 6909
58919 5213
7153 6447
58919 6242
7153 6420
7153 6479
58919 3831
7153 6498
7153 6420
58919 5730
7153 6382
7153 6514
7153 6606
58919 6213
7153 6422
7153 6372
7153 6341
58919 4010
7153 6479
58919 6089
7153 6428
7153 6409
7153 6654
58919 6322
7153 6420
58919 5318
7153 6527
7153 6493
7153 6447
7153 6391
58919 6278
7153 5486
7153 6379
58919 3591
7153 6312
7153 6493
7153 6383
58919 3666
7153 7111
58919 5194
7153 6432
7153 6871
7153 6914
58919 3610
7153 6539
58919 6217
7153 6503
7153 6501
7153 6377
7153 6373
58919 6201
7153 6372
7153 6386
7153 6417
7153 6394
58919 4844
7153 6624
58919 4943
7153 6387
7153 6447
7153 3716
58919 3636
7153 7215
58919 5490
7153 6397
7153 6388
7153 6379
7153 6405
7153 7797
58919 6231
7153 6369
58919 5072
7153 6398
7153 6495
7153 6440
7153 6822
58919 4910
58919 3707
58919 6239
58919 3743
58919 3803
44995 3639
44995 6178
44995 3838
44995 5298
10999 6354
58919 3729
58919 3684
58919 3827
58919 4695
58919 5013
58919 3694
58919 3836
58919 6216
58919 4374
58919 3735
58919 3674
58919 6565
58919 3733
58919 3683
58919 3708
58919 6076
7153 6842
58919 4910
7153 6363
7153 6970
58919 5090
7153 6509
7153 6447
58919 6139
7153 6537
7153 6163
58919 3590
7153 6431
58919 5043
7153 6480
7153 6843
58919 4900
7153 6412
58919 6181
7153 6674
58919 5011
7153 7057
58919 5071
7153 6417
7153 6463
7153 4567
58919 3714
7153 6527
58919 6257
7153 6374
58919 3618
7153 6415
7153 6405
7153 6381
7153 6623
58919 5061
7153 7124
58919 5072
7153 6629
7153 6443
7153 6447
7153 6529
7153 7105
58919 5150
7153 6758
58919 5075
7153 6473
7153 6501
7153 489
58919 6113
7153 6325
58919 6160
7153 6320
7153 6405
58919 4127
7153 6839
7153 6407
7153 6401
58919 5045
7153 6871
58919 5428
7153 6396
7153 6415
7153 6966
58919 5209
59160 3670
59160 3606
7153 6410
58919 6212
7153 6565
7153 6623
58919 6207
7153 6859
7153 6632
7153 6522
58919 6365
59160 3607
59160 4134
44995 3619
57039 3816
59160 6259
59160 3910
44995 3804
62205 3903
7153 887
7153 4993
7153 6834
58919 3739
7153 6744
7153 6609
58919 5006
7153 6371
7153 6368
58919 6102
7153 6376
7153 6409
58919 4887
7153 6420
7153 6733
7153 5743
58919 4258
7153 6361
7153 6390
58919 6089
7153 6367
7153 6392
58919 5095
7153 6401
7153 6562
7153 1823
58919 3617
7153 6528
58919 6244
7153 6452
7153 6798
7153 6560
7153 6414
7153 7361
58919 5770
7153 6527
58919 3907
7153 6375
7153 6385
7153 6388
58919 5437
7153 6397
7153 6657
58919 5057
7153 6912
58919 4951
7153 6386
7153 6428
58919 6289
57039 6465
57039 3727
57039 3704
10999 3636
7153 6406
7153 6417
7153 4751
58919 4948
7153 6553
58919 5229
7153 6497
7153 6456
7153 5154
58919 3854
7153 6548
58919 4220
7153 6874
7153 6580
7153 6581
58919 5359
7153 6844
7153 6567
58919 6421
7153 6367
7153 6468
58919 5448
7153 6903
7153 6368
58919 5104
7153 6387
58919 3618
7153 6423
65304 3866
62205 3605
62205 6981
7153 6955
58919 5210
7153 6382
7153 6388
7153 6443
58919 6208
7153 6483
7153 6449
58919 6304
7153 6389
7153 6524
7153 6163
58919 4010
7153 7536
7153 6428
58919 5205
7153 6447
7153 6671
7153 6533
7153 6434
58919 6174
7153 6353
7153 6613
58919 6457
7153 6486
7153 6393
58919 6169
7153 7247
7153 6416
7153 6378
7153 7388
58919 6138
7153 6421
7153 6386
58919 5055
7153 6356
7153 6420
58919 6189
7153 6855
7153 6503
7153 6380
7153 6362
7153 6419
7153 6407
58919 5124
7153 6876
7153 6636
58919 4892
7153 6433
7153 6773
7153 6409
58919 3986
7153 6385
7153 6343
7153 6930
58919 5216
7153 6559
7153 6371
7153 6627
7153 6380
7153 6473
58919 6324
7153 6351
7153 6419
58919 6199
7153 6422
58919 3658
7153 6359
7153 6397
58919 6224
7153 6547
7153 6401
7153 6442
7153 6398
7153 6382
7153 6428
58919 4993
7153 6967
7153 6406
7153 6370
7153 6402
7153 6549
58919 5711
7153 6453
58919 3655
7153 6391
7153 6761
58919 4949
7153 6410
58919 6150
7153 6416
7153 6589
7153 6374
7153 6346
58919 4912
7153 6406
7153 6403
58919 6249
7153 6382
7153 6363
7153 6399
7153 6884
65304 4188
58919 3614
65304 7512
65304 6412
62205 6135
62205 3730
62205 6703
7153 6551
7153 6559
7153 6536
7153 6549
7153 6388
7153 6712
58919 3748
7153 6392
7153 6368
7153 5058
7153 6740
58919 5264
7153 6422
58919 5276
7153 6364
7153 6550
7153 7408
7153 6445
7153 6401
7153 6603
58919 6471
7153 6508
7153 6629
7153 6718
58919 5014
7153 6418
7153 6542
7153 6618
58919 4926
7153 6493
7153 6839
7153 6406
7153 6858
58919 5223
7153 6588
7153 6561
7153 6453
7153 6608
7153 3800
7153 6470
58919 6278
7153 6519
7153 6398
7153 6384
7153 6554
7153 6366
7153 6917
58919 5051
7153 6393
7153 6553
7153 6402
7153 6567
7153 6909
58919 4980
7153 6364
7153 6409
7153 7018
58919 5384
7153 6394
7153 6378
7153 6789
7153 6884
7153 6847
7153 6589
58919 6360
7153 6381
7153 6366
7153 6360
7153 6860
7153 6793
58919 5180
7153 6365
7153 6397
7153 6419
58919 5042
7153 7011
7153 6279
7153 6705
7153 6527
7153 6570
7153 6385
7153 6405
7153 6398
7153 6666
58919 4290
7153 6587
7153 6793
7153 7095
58919 5104
7153 6388
7153 6367
7153 6922
58919 5212
7153 2298
7153 6379
58919 5101
7153 6404
7153 6380
7153 6419
7153 6529
58919 5076
7153 6400
7153 6418
7153 6409
58919 5361
7153 6512
58919 3869
7153 6388
7153 6375
7153 6528
7153 6436
7153 6396
7153 6592
7153 6372
7153 6796
58919 4951
7153 6549
7153 6332
7153 6365
7153 6369
7153 6382
7153 5075
7153 6440
7153 6902
7153 6427
65304 5333
58919 3692
7153 6596
7153 6435
7153 6396
58919 4858
7153 6394
7153 6898
7153 6957
58919 4055
7153 6741
7153 6378
7153 6828
58919 5212
7153 7100
58919 5115
7153 6369
7153 6759
58919 5095
7153 6403
7153 6872
7153 6947
58919 5205
7153 6584
7153 6482
7153 7034
58919 5230
7153 6480
7153 6084
7153 6575
58919 5041
7153 6900
7153 6925
58919 5033
7153 6640
58919 5040
7153 6384
7153 6861
58919 5207
7153 6400
7153 6540
58919 3770
7153 6643
7153 6374
7153 6369
58919 6113
7153 6652
58919 5008
7153 6511
7153 6576
7153 6904
58919 5049
7153 6404
7153 6876
58919 5274
58919 5262
7153 6366
7153 6351
7153 6818
58919 5199
7153 6925
7153 7406
58919 5567
7153 7137
58919 5081
7153 6407
7153 7477
58919 5799
7153 6613
7153 6375
7153 6453
58919 3914
7153 6376
7153 6548
7153 6887
58919 4932
7153 6527
7153 6897
7153 6326
58919 3856
7153 7000
58919 5085
7153 6394
7153 6574
58919 3603
7153 6543
7153 6370
7153 6991
58919 5197
7153 6379
7153 6427
7153 6413
58919 4247
7153 7047
7153 6601
7153 7061
58919 4939
7153 6563
58919 3873
7153 6547
7153 6957
58919 5082
7153 6563
7153 6443
7153 6406
58919 6116
7153 6390
7153 6388
7153 6734
58919 5162
7153 6391
7153 6384
7153 6893
58919 6480
7153 6421
58919 5266
7153 6385
7153 6965
58919 5180
65304 6129
7153 6353
7153 6510
7153 6965
58919 5105
7153 6509
58919 3639
7153 6934
7153 6621
58919 5253
7153 6503
7153 6455
7153 6416
58919 5353
7153 6218
58919 3609
7153 6370
7153 6929
58919 5077
7153 6445
7153 6438
7153 6413
7153 6906
58919 4965
7153 7112
7153 6962
58919 5101
7153 6375
7153 6401
7153 6442
7153 6847
58919 4960
7153 6377
7153 6539
7153 6996
58919 5132
7153 6525
7153 6971
58919 5098
7153 6982
58919 5948
7153 6436
7153 6400
7153 6428
58919 6193
7153 6881
58919 4960
7153 6433
7153 6655
58919 5051
7153 6389
7153 6395
7153 6766
58919 5297
7153 6371
58919 3617
7153 6401
7153 6362
7153 6874
58919 5196
7153 6509
58919 6302
7153 6700
7153 6543
7153 6427
58919 4868
7153 6768
58919 5462
7153 6522
7153 6424
7153 6402
58919 4829
7153 7330
58919 5388
7153 6423
7153 6385
7153 6364
7153 6517
58919 5049
7153 6484
7153 7120
58919 5308
7153 6389
7153 6434
58919 4529
65304 6316
65304 3668
62205 4783
7153 6605
7153 6395
7153 6376
7153 6919
58919 4922
7153 6450
7153 6584
7153 6378
7153 6758
58919 5044
7153 6460
7153 6516
7153 6595
7153 6555
58919 5258
7153 6928
7153 6388
7153 6493
7153 6528
58919 5054
7153 6400
7153 6524
7153 6396
7153 6390
58919 3646
7153 6507
7153 6535
7153 6441
7153 6580
58919 6449
7153 6383
7153 6408
7153 6557
7153 6427
58919 6207
7153 6470
7153 6405
58919 4918
7153 6415
7153 6634
7153 6378
7153 6861
58919 382
58919 3642
58919 4820
58919 5503
7153 6831
58919 3821
7153 6867
7153 6884
7153 6946
58919 635
58919 3656
58919 3628
58919 5133
58919 4957
58919 3665
58919 3604
58919 3659
7153 6431
58919 5219
7153 6407
7153 6676
58919 5044
7153 6601
7153 6597
58919 6381
7153 6412
7153 6362
58919 5216
7153 6365
7153 6452
58919 4922
7153 6389
7153 6383
58919 5037
7153 7102
58919 5107
7153 7123
7153 6463
58919 6053
7153 6877
58919 4968
7153 6402
7153 6691
7153 6588
7153 6852
58919 5205
7153 6524
7153 6657
58919 6305
7153 6945
58919 5199
7153 6450
7153 6457
7153 6411
58919 6179
7153 6907
58919 5157
7153 6438
58919 6230
7153 6437
7153 6397
7153 6378
7153 6367
58919 5384
7153 6922
7153 6594
7153 6384
7153 6832
58919 5235
7153 6921
7153 6396
7153 7767
58919 5814
7153 6488
58919 5061
7153 6532
7153 5046
58919 4955
7153 6819
58919 4924
7153 6433
7153 6788
58919 5185
7153 6459
7153 6432
58919 6201
7153 6892
58919 5086
7153 6415
58919 6116
7153 6370
7153 6378
58919 3754
7153 6392
58919 5110
7153 6515
7153 6386
7153 6410
7153 6413
58919 6071
7153 6981
7153 6374
58919 4865
7153 6362
58919 5204
7153 6502
7153 6354
7153 6460
58919 5361
7153 6495
58919 6048
7153 6893
7153 6879
7153 6600
58919 4924
7153 6430
58919 6130
7153 6571
7153 6454
7153 6948
58919 5164
7153 6426
58919 6265
7153 6379
58919 3633
7153 6845
7153 6411
58919 6244
7153 6557
58919 3591
7153 6443
58919 5013
7153 7191
58919 5560
7153 6868
58919 5199
7153 7331
58919 5406
7153 6619
58919 5476
7153 6352
7153 6411
58919 6142
7153 6867
58919 5204
7153 6426
7153 7356
58919 5280
7153 6579
58919 5425
7153 6403
7153 6427
7153 6717
58919 5076
7153 6398
58919 4912
7153 6540
7153 6502
7153 6504
58919 4888
7153 7010
58919 4918
7153 6453
7153 6389
7153 6900
58919 5616
7153 6629
58919 5057
7153 6655
7153 6586
7153 6648
58919 6532
7153 6487
7153 6879
58919 6752
7153 6373
7153 6882
58919 4897
7153 6500
58919 5074
7153 6591
7153 6402
58919 4989
7153 6536
58919 4207
7153 6915
58919 5070
7153 6528
7153 1376
58919 5294
7153 1770
58919 4281
7153 3604
7153 6861
58919 5181
7153 6591
7153 6616
7153 6967
58919 5090
7153 6627
7153 6384
58919 3676
7153 6385
7153 6392
58919 5177
7153 6954
7153 6774
58919 5713
7153 4070
58919 3790
7153 6586
7153 6676
58919 5048
7153 6380
7153 6403
58919 4951
7153 6875
7153 6379
7153 6884
58919 5246
7153 6486
58919 5003
7153 6470
7153 6374
7153 6377
58919 5324
7153 6978
7153 6394
58919 5068
7153 6379
58919 6163
7153 6582
7153 6417
7153 6786
7153 6424
58919 3724
7153 6392
7153 6427
7153 6867
7153 6647
58919 5064
7153 6473
7153 6523
7153 6415
7153 6426
58919 4840
7153 6808
7153 6770
58919 5164
7153 6373
7153 6530
58919 5041
7153 6375
7153 6397
7153 6434
58919 6129
7153 6386
7153 6546
58919 5079
7153 6858
7153 6411
58919 5333
7153 6617
7153 6461
58919 4861
7153 7414
58919 4162
7153 6878
7153 6381
7153 6378
7153 6425
58919 6230
7153 6552
7153 6419
58919 6148
7153 6548
7153 6527
7153 6934
58919 4962
7153 6530
7153 6919
58919 5102
7153 6398
7153 6373
7153 6595
7153 6611
58919 3691
7153 6774
58919 5062
7153 6378
7153 6490
7153 7241
58919 5555
7153 6411
7153 6405
58919 6089
7153 6855
7153 6375
7153 6388
7153 6382
7153 6349
7153 6955
58919 5089
7153 6154
58919 5035
44995 3858
44995 3715
59160 3694
59160 4838
59160 5282
44995 3638
17590 3720
17518 5255
17590 5306
17590 5707
17518 5145
17518 7596
17518 6362
17518 6671
17590 4873
17590 3912
17518 6033
17590 4626
17590 6966
17518 3790
17518 6632
17590 3640
44995 3685
44995 4761
18986 5156
58919 3802
58919 3646
58919 1991
58919 3806
58919 3670
58919 4677
44995 4996
44995 3724
59160 3618
59160 3677
35809 3768
18986 3614
18986 6886
7153 3632
7153 6316
7153 6315
58919 3627
59160 3636
59160 3667
44995 3794
7153 6318
59160 4184
7153 6620
58919 5071
7153 8177
7153 6213
58919 4051
7153 6419
7153 6414
7153 6885
7153 6263
58919 6059
7153 4090
7153 6457
7153 6401
7153 6415
58919 6117
7153 6541
7153 6553
7153 6390
7153 6505
58919 3612
58919 6100
7153 6490
58919 6322
7153 6393
7153 6382
58919 5414
7153 6400
7153 6938
58919 5166
7153 6445
7153 6352
7153 3909
58919 3845
7153 6595
7153 7446
7153 6977
58919 5292
7153 6380
58919 5398
7153 6799
58919 5213
7153 6447
7153 6365
7153 6510
7153 6549
7153 6409
7153 6396
58919 6181
7153 7016
58919 4364
7153 6379
58919 4840
7153 6472
7153 6397
7153 6476
7153 6393
7153 6423
58919 4984
7153 6372
58919 4922
7153 6583
7153 6370
7153 6680
7153 6421
58919 4927
7153 7443
7153 6412
7153 6458
58919 5243
7153 6754
58919 5037
7153 6446
7153 6444
7153 6386
7153 6481
7153 6565
7153 6570
7153 6443
58919 3650
7153 6459
58919 4898
7153 6487
7153 6616
7153 6520
7153 6767
58919 6683
7153 6377
7153 6397
7153 6536
58919 5068
7153 6414
58919 6034
7153 6452
58919 5397
7153 6396
7153 6603
7153 7055
58919 5224
7153 7523
7153 6363
7153 6562
58919 5288
7153 7025
58919 5085
7153 6454
58919 5190
7153 6678
7153 6853
7153 6580
7153 6385
7153 6910
7153 6422
58919 6205
7153 6394
58919 6042
7153 6377
7153 6397
7153 6371
7153 6645
7153 6515
7153 6417
7153 6575
58919 5239
7153 6923
58919 5199
7153 6801
58919 5157
7153 6862
7153 6590
58919 6456
7153 7785
58919 6341
7153 6956
58919 5138
7153 6470
7153 6491
7153 6555
7153 6407
58919 4601
7153 6390
7153 6432
58919 6106
7153 6374
7153 6535
7153 6661
58919 5067
7153 6549
58919 6158
7153 6400
7153 6411
58919 6031
7153 6496
7153 6385
58919 4948
7153 6563
58919 5490
7153 6451
7153 7137
58919 5522
7153 6580
7153 6407
7153 6971
58919 5165
7153 7045
7153 6989
58919 5149
35809 4088
35809 8798
35809 6373
35809 6462
18986 6297
35809 6527
18986 5139
7153 6397
58919 5293
7153 6739
58919 3883
7153 6546
7153 6463
58919 6325
7153 6574
7153 6415
58919 3699
7153 6387
7153 6445
7153 6472
58919 6222
7153 6353
7153 6362
7153 7100
58919 5256
7153 6382
7153 6398
7153 6409
58919 5032
7153 7512
7153 6621
58919 5045
7153 6400
7153 6363
7153 6398
58919 5129
7153 6682
58919 5072
7153 6653
7153 6397
7153 6454
7153 6360
58919 6139
7153 6605
7153 6436
58919 6153
7153 6402
7153 6589
58919 6388
7153 6908
7153 6587
7153 6959
58919 6533
7153 6673
58919 3636
7153 6397
7153 6577
7153 6386
7153 6491
58919 6307
7153 6509
7153 8632
58919 7382
7153 6379
7153 6497
7153 6460
58919 3632
7153 6843
58919 6572
7153 6433
7153 6393
7153 6631
7153 6421
58919 5191
7153 6494
7153 6412
58919 6169
7153 6542
7153 6560
58919 6225
7153 6423
58919 3738
7153 6598
7153 6706
58919 5365
7153 6409
7153 6416
58919 4864
7153 6545
7153 6890
7153 6388
7153 6626
7153 7799
58919 6171
7153 1813
7153 6592
58919 3631
7153 6451
7153 6478
7153 6388
7153 6619
58919 6200
7153 6892
7153 6484
7153 6486
7153 6586
58919 6280
7153 6482
7153 6862
58919 6493
7153 6505
7153 6692
7153 6363
7153 6588
58919 5237
7153 6379
7153 6410
7153 6866
7153 6397
7153 7033
58919 5079
7153 6393
58919 6044
7153 7163
7153 6415
7153 6410
7153 6419
58919 5012
7153 6583
7153 6592
58919 5223
7153 6405
7153 6431
7153 6864
58919 5096
7153 6848
58919 5466
7153 6363
7153 6424
7153 6571
7153 6512
58919 6363
7153 6380
7153 6884
58919 5156
7153 6394
7153 6926
58919 4953
7153 6855
58919 4911
7153 6440
7153 6494
7153 6506
58919 3754
44995 4301
7153 6405
58919 3683
7153 6403
7153 6413
58919 6214
7153 6416
7153 6641
58919 5050
7153 6435
7153 6351
7153 6429
7153 6505
7153 6373
58919 5387
7153 6425
58919 6257
7153 6584
7153 6406
7153 6556
7153 6389
58919 5999
7153 6400
7153 6381
58919 6228
7153 6453
7153 6362
7153 6568
58919 6215
7153 6705
58919 6325
35809 6392
18986 4428
18986 3677
18986 6131
18986 3701
7153 6473
7153 6383
58919 6202
7153 6494
7153 7593
58919 6336
7153 6538
7153 6908
58919 4948
7153 6605
7153 6408
58919 6193
7153 6381
7153 6625
7153 6540
7153 6404
58919 6247
7153 6380
7153 6415
7153 6409
58919 6131
7153 6527
58919 6348
7153 6422
7153 6658
7153 6457
58919 5102
7153 6410
58919 6123
7153 6824
7153 6394
7153 6697
58919 5060
7153 6715
58919 6333
7153 6403
7153 6399
7153 6381
58919 4859
7153 6700
7153 6895
7153 6498
7153 6558
7153 7503
7153 6575
58919 5173
7153 6843
7153 7110
58919 5102
7153 6609
7153 6783
7153 6361
7153 7197
58919 5102
7153 6504
7153 6446
58919 6298
7153 6557
7153 6538
7153 7497
7153 6834
58919 5221
7153 6511
7153 7547
7153 6387
7153 6611
7153 6372
58919 4959
7153 6546
58919 6411
7153 6383
7153 6527
7153 6387
58919 6176
7153 6644
58919 5813
7153 6665
7153 6370
7153 6389
7153 6790
58919 4950
7153 6598
7153 6447
7153 6364
7153 6550
7153 6394
58919 6119
7153 6501
7153 6677
58919 5040
7153 6443
7153 7775
7153 6405
7153 6387
7153 6522
58919 5160
7153 6555
7153 6494
7153 6492
7153 6398
58919 6231
7153 6526
7153 6472
58919 6251
7153 6378
7153 6382
7153 6417
7153 6961
58919 5011
7153 6421
7153 6663
7153 6399
7153 6436
7153 6411
58919 3943
7153 6394
58919 3629
7153 6403
7153 6524
7153 6408
7153 6821
7153 7044
58919 4942
7153 9852
58919 8175
7153 6389
7153 6957
58919 4949
7153 6408
7153 7067
58919 5316
7153 6490
7153 6527
7153 7345
58919 5401
7153 6546
7153 6406
58919 4888
7153 6401
7153 6367
7153 6386
7153 6395
58919 4995
7153 6415
7153 6385
7153 6389
58919 5060
7153 6422
58919 6211
7153 6401
7153 6503
7153 6501
7153 7167
58919 5244
7153 8110
7153 6569
7153 6964
7153 6366
7153 6463
58919 5259
7153 6811
58919 5652
7153 6623
7153 6577
7153 6620
58919 5024
7153 6547
7153 6551
58919 5330
7153 6616
58919 4506
7153 6388
7153 6503
7153 6416
7153 7311
58919 5122
35809 5113
18986 3621
35809 3684
18986 4041
7153 6500
18986 3838
7153 6356
58919 4307
35809 6281
35809 6451
35809 7757
18986 4978
35809 13667
35809 6557
35809 6301
18986 3747
35809 6721
35809 6782
35809 6646
35809 6444
35809 6893
35809 6412
35809 8004
35809 6331
7153 6410
18986 6153
7153 6838
58919 5229
7153 6652
7153 6591
7153 6384
7153 6713
7153 6844
58919 6498
7153 6529
7153 6419
58919 5168
7153 6520
7153 6587
7153 6609
58919 3741
7153 6440
7153 9138
7153 6438
7153 6419
7153 6693
58919 5523
7153 7131
58919 5259
7153 6621
7153 1561
58919 3591
7153 7218
58919 5638
7153 6549
7153 6458
7153 6536
7153 6728
58919 5442
7153 6992
7153 6748
58919 5541
7153 6835
7153 6527
7153 6496
7153 6515
58919 5223
7153 6513
7153 6490
7153 6356
7153 6486
7153 6579
58919 5156
7153 7768
7153 6736
7153 6632
7153 7050
58919 5193
7153 6388
7153 6455
7153 7496
58919 5498
7153 6431
7153 6949
58919 6530
7153 6547
7153 6980
58919 5041
7153 6407
7153 6590
58919 5383
7153 6476
7153 6574
7153 6456
7153 6430
58919 5147
7153 6475
7153 6954
58919 5313
7153 6861
7153 6392
7153 6351
58919 4983
7153 6444
7153 7914
58919 7743
7153 6704
7153 6455
58919 5252
7153 6386
7153 6412
7153 6456
58919 6070
7153 7127
58919 5069
7153 6378
7153 6646
58919 3641
7153 6410
7153 6785
58919 4906
7153 6537
7153 7172
58919 5211
7153 6600
7153 6751
58919 5172
7153 6371
7153 6692
7153 6900
58919 5672
7153 6516
58919 5578
7153 6394
7153 7180
58919 5063
7153 7464
7153 6384
58919 3812
7153 6409
7153 7410
7153 6426
7153 6405
7153 7147
58919 5282
7153 6435
58919 3998
7153 6553
7153 6542
7153 6522
7153 6566
7153 6554
58919 3912
7153 6768
58919 5129
7153 6430
7153 6719
7153 6627
7153 6956
58919 5004
7153 6605
7153 6677
58919 5332
7153 6535
7153 6496
7153 4977
58919 4928
7153 6599
7153 8310
7153 7174
58919 5333
7153 6497
7153 6350
7153 6616
7153 6556
7153 6383
7153 6591
58919 4240
7153 6598
7153 6577
7153 6471
58919 3750
7153 6385
58919 5272
7153 7001
7153 7075
7153 6503
58919 6348
7153 6393
7153 6560
7153 6458
7153 6936
58919 5359
7153 6624
58919 6376
7153 6595
7153 6618
7153 6510
7153 6521
7153 6423
7153 9946
58919 7717
7153 6705
7153 6965
58919 5089
7153 6536
35809 6368
35809 7026
18986 1804
35809 6501
18986 3802
35809 6387
35809 6522
35809 6476
35809 6685
35809 6385
18986 1924
18986 1647
18986 3818
18986 3760
35809 7108
18986 5218
35809 6629
35809 6383
35809 6827
18986 944
18986 4779
35809 6397
35809 6401
35809 7925
18986 748
18986 5165
35809 6529
18986 3659
35809 6642
18986 4966
7153 6533
58919 3914
7153 6515
7153 6376
7153 6949
58919 1771
58919 3706
7153 6393
7153 6387
58919 23
7153 6371
58919 5282
7153 6389
7153 6501
7153 6561
7153 6417
58919 588
58919 404
58919 5044
58919 3669
7153 7056
58919 5798
7153 6586
7153 6607
7153 6436
58919 1046
58919 3754
35809 6476
35809 6427
18986 4023
18986 3667
7153 7250
7153 6442
58919 2295
7153 6365
7153 6425
58919 1979
7153 6363
7153 6577
58919 3667
58919 3791
7153 6372
7153 7080
58919 2207
7153 6388
7153 6557
58919 2050
7153 7156
58919 3786
7153 6973
58919 5224
7153 6407
7153 6416
58919 1110
7153 6409
7153 6500
58919 337
7153 6548
7153 6483
58919 1975
7153 6386
7153 6506
58919 831
7153 6378
7153 6373
58919 351
7153 6394
7153 6973
58919 1469
7153 6364
58919 3811
7153 6439
58919 3702
7153 6883
7153 6477
58919 79
7153 6418
7153 6996
58919 3625
7153 7283
7153 6642
58919 3691
7153 6374
7153 7014
58919 1384
7153 7104
58919 5131
7153 6482
58919 3967
7153 6375
7153 6385
58919 4407
58919 3670
7153 6579
58919 3894
7153 6687
58919 4143
7153 6372
7153 6402
58919 3858
58919 3811
7153 6886
7153 7003
58919 1885
7153 6606
58919 5604
7153 6419
58919 3653
7153 6647
58919 3728
35809 6408
35809 6417
18986 4493
18986 3835
35809 6390
18986 3851
35809 6411
18986 3694
7153 6403
7153 6776
58919 785
7153 6478
7153 7023
58919 5129
58919 3870
7153 6366
7153 6467
58919 569
7153 6484
7153 6411
58919 4342
58919 4989
7153 6387
7153 6661
58919 4014
58919 3896
35809 6490
35809 6393
18986 5041
18986 3850
35809 6434
35809 6596
18986 3840
18986 3806
35809 6420
18986 4255
35809 6542
18986 3900
35809 6629
18986 3695
35809 6377
18986 3869
35809 6396
35809 6412
18986 1234
35809 6397
35809 6389
18986 5214
18986 3663
35809 6413
18986 6159
7153 7153
7153 7050
58919 1444
7153 6366
7153 6719
58919 1251
7153 6409
7153 6433
58919 1041
7153 6604
7153 6889
58919 1114
7153 6505
58919 3799
7153 6867
58919 3662
7153 6381
58919 5010
7153 7013
58919 5185
7153 6389
58919 669
7153 6998
58919 4084
7153 6437
7153 6388
7153 8462
58919 7113
7153 6844
58919 5088
7153 6402
7153 6424
58919 6253
7153 6287
58919 3744
59160 6156
5658 3775
5037 3630
5658 3645
5658 7574
44995 3628
5037 9218
5037 6824
5658 5154
5037 6464
5658 3716
5658 6012
5658 3951
5037 3602
5037 6234
5037 3753
5658 3912
5658 3640
5037 6325
5037 3346
5658 5675
17590 7067
17518 5016
17590 3614
58919 4980
7153 6374
7153 6356
58919 5027
7153 6347
7153 6331
58919 4924
7153 6838
7153 6392
7153 7041
58919 4963
7153 6362
7153 6296
58919 3748
7153 6388
7153 6575
7153 6817
58919 5170
7153 6843
7153 6567
7153 6422
58919 6246
7153 6547
58919 6237
7153 6423
7153 6869
58919 5150
7153 6387
7153 6416
58919 4045
7153 7090
7153 6924
58919 5184
7153 6518
7153 6917
58919 5185
7153 6395
7153 6495
58919 4089
7153 6857
7153 7372
58919 5289
7153 6433
7153 6550
58919 3741
7153 6386
7153 7048
58919 5290
7153 6385
7153 6394
58919 5993
7153 6404
7153 6379
58919 6242
7153 6445
7153 6432
58919 6181
7153 6377
58919 6263
7153 6454
7153 7437
58919 5832
7153 6437
7153 6867
58919 5571
7153 6407
7153 6456
58919 6271
7153 6402
7153 6604
58919 5016
7153 6423
7153 6439
58919 6124
7153 6368
7153 7094
58919 4958
7153 6537
7153 6408
58919 6178
7153 6402
7153 6875
58919 5243
7153 6546
7153 6427
7153 6907
7153 6585
58919 6374
7153 6485
7153 6382
58919 6212
7153 6414
7153 7155
58919 5477
7153 6396
7153 6583
58919 6452
7153 6560
7153 7015
58919 5001
7153 6875
7153 7030
58919 6144
7153 6453
7153 6406
58919 6165
7153 6388
7153 6501
58919 5222
7153 6387
7153 6518
58919 5062
7153 6418
7153 6444
58919 5129
7153 6560
7153 6395
58919 4860
7153 6574
7153 6610
58919 4903
7153 6873
7153 7160
58919 5580
7153 6952
7153 6749
58919 4947
7153 6501
7153 6427
58919 6048
7153 6495
7153 6394
58919 5165
7153 6395
7153 6433
58919 6305
7153 6490
58919 5331
7153 6412
7153 6390
58919 4851
7153 6415
7153 6500
58919 6244
7153 6380
7153 6505
58919 6191
7153 6564
7153 7512
58919 6196
7153 6458
7153 6417
58919 6220
7153 6470
7153 6543
58919 5066
7153 7106
7153 6420
58919 6191
7153 7002
7153 6383
58919 5101
7153 6382
7153 6395
58919 5165
7153 6515
7153 6795
58919 5197
7153 6407
7153 6432
58919 6014
7153 6411
7153 6220
58919 5677
58919 3728
58919 3783
7153 6539
7153 6421
7153 6381
7153 6211
58919 5230
7153 6387
7153 6543
58919 4902
7153 6896
7153 6540
7153 6842
58919 6439
7153 6905
7153 6374
7153 6508
58919 5230
7153 6441
7153 6476
7153 6609
58919 4917
7153 6443
58919 4877
7153 6536
7153 6406
58919 5283
7153 6382
7153 6503
7153 6425
58919 6276
7153 6420
7153 6577
58919 6094
7153 6360
7153 6110
58919 3590
7153 6833
58919 6677
7153 6413
7153 6357
58919 5042
7153 6359
7153 7641
58919 6204
7153 7119
7153 6416
58919 4793
7153 6521
7153 6708
58919 6337
7153 6399
7153 6499
58919 6373
7153 6543
7153 6538
58919 6201
7153 6362
7153 6421
58919 5294
7153 6378
7153 6432
58919 6274
7153 6454
58919 5106
7153 6533
7153 6560
58919 6427
7153 6951
7153 6661
58919 5019
7153 6508
7153 6510
58919 5316
7153 6485
7153 6521
58919 6325
7153 6924
7153 7047
58919 5280
7153 6365
7153 6590
58919 6313
7153 6394
7153 6370
58919 6220
7153 6430
58919 6297
7153 6522
7153 6915
58919 4912
7153 6495
7153 6867
58919 5351
7153 6369
7153 6601
58919 6428
7153 6412
7153 6440
58919 6019
7153 6623
7153 6526
58919 5247
7153 6402
7153 6586
58919 3635
7153 6414
7153 6950
58919 5681
7153 6371
58919 6101
7153 6477
7153 6944
58919 5199
7153 6425
7153 7300
58919 5704
7153 6445
7153 6609
58919 5378
7153 6376
7153 6439
58919 6292
7153 6522
7153 6398
58919 6156
7153 6343
7153 6904
58919 5193
7153 6961
7153 6936
58919 5125
7153 6457
7153 6603
58919 4927
7153 6382
7153 6421
58919 4909
7153 6985
7153 6653
58919 5090
7153 6396
7153 6403
58919 4870
7153 6393
7153 6412
58919 5057
7153 6573
7153 6391
58919 6189
7153 6444
7153 6431
58919 6089
7153 6521
7153 6397
58919 4846
7153 6366
7153 6358
7153 6453
58919 6279
7153 6390
58919 6198
7153 6406
7153 6409
58919 6071
7153 6459
7153 6467
58919 4816
7153 6430
7153 6867
7153 6557
58919 6404
7153 6361
7153 6675
7153 6485
58919 5597
7153 6383
7153 9527
7153 6398
58919 5014
7153 6464
7153 6354
7153 6796
58919 5203
7153 6405
7153 6496
7153 6845
58919 6413
7153 6447
7153 6389
7153 6590
58919 5048
7153 6489
58919 5013
7153 6378
7153 6829
58919 5183
7153 6630
7153 6418
7153 6392
58919 6272
7153 7069
58919 6868
7153 6502
7153 6431
58919 6244
7153 6376
7153 6418
7153 6399
58919 6247
7153 6328
58919 3597
58919 6057
7153 6470
7153 5364
7153 6323
58919 6130
7153 6583
7153 6176
58919 5448
7153 6541
7153 6379
7153 6168
58919 3574
7153 6387
7153 6409
7153 6443
58919 6038
7153 7274
58919 4927
7153 6508
58919 6148
7153 7514
7153 6388
7153 7722
58919 6177
7153 6512
58919 6348
7153 6522
7153 6438
58919 6147
7153 6400
7153 6478
7153 6634
58919 6327
7153 6497
7153 6546
7153 6430
58919 6016
7153 6388
7153 6584
7153 6503
58919 5030
7153 7201
58919 4899
7153 6387
7153 6478
58919 6323
7153 6392
7153 6744
7153 6384
58919 5406
7153 6421
7153 6414
7153 7164
58919 7023
7153 6402
7153 6379
7153 7247
58919 5215
7153 6377
7153 6385
7153 6883
58919 4909
7153 6534
7153 6389
7153 6439
58919 6241
7153 6506
7153 6482
7153 6492
58919 4319
7153 6379
7153 6418
7153 6382
58919 5434
7153 6419
58919 6230
7153 6877
7153 6409
58919 6125
7153 6354
7153 6376
7153 7473
58919 5803
7153 6538
7153 6919
7153 6733
58919 5546
7153 6652
7153 6361
7153 6682
58919 6532
7153 6603
58919 5020
7153 6540
7153 6426
58919 6476
7153 6416
7153 6397
58919 6255
7153 6510
7153 6407
7153 6377
7153 6412
58919 4839
7153 6411
7153 6580
7153 6406
58919 4299
7153 6898
58919 5406
7153 6384
7153 6630
58919 5177
7153 6465
7153 6376
7153 6558
58919 5340
7153 7290
7153 6386
7153 6396
58919 6242
7153 6422
7153 6377
7153 6728
58919 6544
7153 6408
58919 5005
7153 6416
7153 6429
58919 6280
7153 6376
7153 6615
7153 6679
58919 5053
7153 6402
58919 6131
7153 6385
7153 6870
58919 4966
7153 6930
7153 6477
7153 6599
58919 5263
7153 6397
58919 3661
7153 6506
7153 6910
58919 5106
7153 7017
7153 6392
58919 5005
58919 3724
7153 6495
7153 6322
7153 6696
58919 4948
7153 6899
7153 6324
7153 6837
7153 6406
7153 6096
58919 3771
7153 6361
7153 6415
7153 7192
58919 5266
7153 6614
7153 6542
7153 6404
58919 4846
7153 5039
58919 3718
7153 6366
7153 3835
58919 4589
58919 5037
7153 6329
7153 6469
58919 3653
7153 6461
7153 6977
58919 5011
7153 6513
7153 6386
7153 5146
58919 3721
7153 6400
7153 6668
7153 6653
58919 5049
7153 6408
7153 6459
7153 6686
58919 6294
7153 7134
58919 4894
7153 6414
7153 6497
58919 5023
7153 6460
7153 6918
7153 7095
58919 5199
7153 6478
58919 6209
7153 6565
7153 7076
58919 5054
7153 6373
7153 6441
7153 6657
58919 5083
7153 7124
58919 5013
7153 6396
7153 6400
58919 6197
7153 6591
7153 7227
7153 6385
58919 6217
7153 6522
7153 6382
7153 6316
58919 3868
6809 3658
6809 3647
6809 3820
22798 2043
6809 3614
8179 5283
8179 5029
29332 3807
8179 3643
29332 3639
29332 3809
8179 3749
44995 3736
44995 6507
34962 3595
59160 3646
59160 3756
44995 3817
55596 5254
9517 5133
5335 3816
34006 3695
55596 3750
9517 3616
55596 7184
9517 6557
34006 3843
5335 3801
34006 7705
34006 6469
34006 6314
5335 7161
9517 7056
5335 6426
5335 6366
55596 6186
9517 3714
55596 3755
55596 3589
9517 3650
9517 6170
34006 6159
34006 3853
9517 3629
9517 3781
5335 4927
55596 3608
34006 5146
5335 3656
5335 3675
55596 4359
55596 4678
9517 4026
34006 4936
35897 4201
34962 3597
44995 3838
44995 3730
59160 3614
59160 4645
59160 5638
44995 3627
38545 3806
9537 4003
38545 4728
38545 6808
9537 3587
9537 7119
9537 6526
9537 6297
38545 6113
38545 3689
38545 3669
38545 6122
9537 4786
9537 5150
38545 3695
38545 3733
9537 3738
9537 6312
9537 6410
9537 6547
9537 7066
38545 6596
9537 6521
9537 6398
9537 6429
9537 6385
9537 411
38545 3786
9537 6936
38545 5052
9537 6437
9537 6533
9537 6397
9537 6428
38545 6016
9537 6423
9537 6417
9537 6484
9537 6510
38545 5049
9537 6478
9537 6822
38545 5188
9537 6397
9537 6391
38545 5256
9537 6410
9537 6374
38545 5410
9537 6671
9537 7002
38545 4310
9537 6395
9537 6792
38545 5043
9537 6377
9537 6400
38545 6257
9537 6415
9537 6988
38545 5143
9537 6481
9537 6401
38545 6121
9537 6884
38545 4919
9537 6384
9537 7022
38545 5507
9537 6380
9537 6902
38545 5194
9537 6440
9537 6886
38545 5090
9537 6419
9537 6412
38545 6192
9537 6536
9537 6395
38545 5118
9537 7094
9537 6627
38545 5317
9537 6485
9537 6580
38545 6374
9537 6687
9537 6399
38545 6244
9537 6370
9537 7060
38545 5420
9537 6483
9537 6557
38545 6408
9537 6421
9537 6420
38545 6220
9537 6403
9537 7073
38545 5079
9537 6607
9537 6595
38545 6440
9537 6385
9537 6374
38545 4984
9537 6569
9537 6433
38545 3607
9537 6367
9537 6879
38545 5253
21011 4596
44995 3665
44995 3697
9537 6395
9537 6575
9537 6967
38545 5091
9537 6486
9537 6524
38545 5790
9537 6448
38545 6071
9537 6688
9537 6393
9537 6415
38545 6270
9537 6531
9537 6370
9537 6920
38545 5189
9537 6512
9537 6351
9537 6533
38545 6374
9537 6846
38545 5180
9537 6420
9537 6797
38545 4990
9537 6393
9537 6506
9537 6830
38545 5181
9537 6882
9537 6450
38545 5119
9537 6509
9537 6959
38545 5211
9537 6391
38545 6252
9537 6395
9537 6661
9537 7047
38545 5084
9537 6419
38545 6265
9537 6382
9537 6529
9537 6404
38545 5075
9537 6853
9537 5965
38545 3967
9537 7123
38545 4912
9537 6706
9537 6588
9537 6581
38545 6264
44995 4102
44995 3782
44995 4793
44995 5040
59160 3633
59160 4172
59160 6052
44995 3609
38545 3947
38545 4384
38545 6054
38545 3709
38545 4840
38545 5055
38545 3746
38545 6041
38545 3715
38545 3704
38545 3680
38545 4724
38545 5186
38545 3700
38545 3774
38545 4702
38545 5266
38545 3748
38545 4710
38545 5001
44995 3635
44995 3777
44995 3636
44995 6098
59160 3626
59160 3691
59160 6285
44995 3951
38545 3722
59160 4112
9537 3617
9537 3635
9537 3799
9537 3608
9537 1781
9537 151
9537 718
9537 3780
9537 3655
9537 3704
9537 25
9537 4572
9537 1419
59160 3774
9537 3589
9537 6787
38545 5057
9537 6421
38545 5242
9537 6458
9537 6385
9537 6394
38545 6277
9537 6357
9537 6747
9537 6418
38545 5136
9537 7471
38545 5871
9537 6806
38545 5173
9537 6394
9537 6774
38545 5078
38545 6219
9537 6508
38545 6191
9537 6408
9537 6436
38545 6241
9537 6978
38545 5045
9537 6417
9537 5117
38545 3616
9537 6447
38545 6038
9537 6466
9537 6502
38545 5235
9537 6409
38545 6156
9537 6480
9537 6904
38545 5271
9537 6430
38545 5074
9537 6411
9537 6892
38545 6666
9537 6979
38545 4923
9537 6470
9537 6485
38545 6363
9537 6762
38545 5058
9537 6507
9537 6623
38545 5030
59160 3690
44995 4812
9537 6393
38545 5375
9537 6415
9537 6422
38545 5227
59160 3820
9537 6380
38545 3628
9537 6442
9537 6384
38545 4893
9537 6518
38545 6324
9537 6425
9537 7840
38545 6567
9537 6370
9537 6438
9537 6967
38545 5433
59160 6637
38545 6223
38545 3819
38545 3747
38545 6230
38545 3696
38545 3719
38545 3749
38545 6045
9537 6396
9537 6499
38545 6370
9537 4927
9537 6609
9537 6387
9537 6453
38545 6275
9537 6759
38545 4957
9537 6460
9537 6377
38545 6091
9537 6373
9537 6399
9537 6797
38545 4953
9537 6612
9537 6401
9537 6813
38545 5198
9537 7067
9537 6414
9537 6771
38545 5029
9537 6434
9537 6615
9537 6381
38545 6241
9537 3888
9537 6425
38545 5172
9537 6490
9537 7028
38545 5040
9537 6404
9537 6367
9537 6938
38545 4919
9537 6388
9537 6791
38545 5557
9537 6462
9537 7053
38545 5087
9537 6366
9537 6879
9537 6853
9537 6624
38545 6470
9537 6381
9537 6494
9537 6423
9537 7347
38545 7083
9537 6392
9537 6400
9537 6421
38545 4882
9537 6364
9537 5022
38545 4599
9537 6524
9537 6349
9537 363
38545 6134
9537 669
9537 3605
9537 6362
9537 6659
9537 6372
9537 6859
9537 6405
9537 7464
38545 6194
9537 6397
9537 6511
9537 6463
38545 6227
44995 5434
9537 6400
9537 6516
38545 5208
9537 7315
9537 6456
9537 6422
9537 6500
9537 6443
9537 6847
38545 4930
9537 6390
9537 6845
9537 5045
9537 6382
9537 6892
9537 6404
9537 6507
9537 6400
9537 6546
38545 6091
9537 6693
9537 6445
9537 6404
9537 6406
9537 6405
9537 6408
9537 6382
9537 6918
38545 5181
9537 6384
9537 6362
9537 6763
38545 5764
9537 6379
9537 7291
38545 5830
9537 6396
9537 7433
38545 5526
9537 6387
9537 6521
38545 6278
9537 6602
9537 6886
38545 5042
9537 6429
9537 6659
38545 5232
38545 4327
38545 3676
9537 6388
9537 6394
38545 4859
9537 6521
38545 4110
9537 6755
38545 5027
9537 6510
9537 6761
38545 5066
9537 6379
9537 6815
38545 5072
9537 6392
9537 6390
38545 5308
9537 7018
38545 6720
9537 6901
38545 5761
9537 6438
9537 6516
38545 5036
9537 6568
9537 6410
38545 4957
9537 6427
9537 6384
38545 4874
9537 6394
9537 6805
38545 5192
9537 6631
38545 5146
9537 6488
38545 5027
9537 6421
9537 7209
38545 5308
9537 6390
9537 6604
38545 6340
9537 6540
38545 6267
9537 6762
38545 5044
9537 6418
9537 6403
38545 5338
9537 6363
9537 6422
38545 6240
38545 3616
9537 6392
38545 5155
9537 6393
38545 6131
9537 6662
38545 4983
9537 6382
9537 6793
38545 5169
9537 6424
9537 6535
38545 4890
9537 6397
9537 6371
38545 3608
9537 6390
9537 6419
38545 6294
9537 6518
9537 6353
38545 5458
9537 6362
9537 6551
38545 5260
9537 6603
9537 6661
38545 5757
9537 7050
9537 6538
38545 6121
9537 6370
9537 6434
38545 6270
9537 6590
9537 6386
38545 6205
9537 6392
9537 6580
38545 5235
9537 6395
9537 6575
38545 5732
9537 6400
9537 6415
38545 6007
9537 6405
9537 6495
38545 6261
9537 6404
9537 5174
38545 4098
9537 6360
9537 6521
38545 5831
9537 6572
9537 6892
38545 6734
9537 7014
9537 6407
38545 6005
9537 6354
9537 6659
38545 4965
9537 6520
9537 6844
9537 6389
38545 6217
9537 7097
38545 4916
9537 6862
38545 6710
9537 6371
9537 6778
38545 5195
9537 6396
9537 6429
9537 6586
38545 6486
9537 6430
9537 6632
9537 6407
38545 6275
9537 6437
9537 6365
9537 6401
38545 5208
9537 6640
38545 3747
9537 6971
9537 6968
38545 4910
9537 6523
9537 6429
9537 6399
38545 6120
9537 6395
9537 6386
9537 6510
38545 6290
9537 6488
9537 6353
9537 6389
38545 6248
9537 6761
38545 4928
9537 6875
9537 6666
38545 5048
9537 6427
9537 6569
9537 6577
9537 6436
38545 5243
9537 6583
9537 6948
38545 5199
9537 6520
9537 6537
9537 6420
9537 7007
38545 5229
9537 6877
9537 6934
38545 4931
9537 6591
9537 6470
38545 6297
9537 6589
9537 6850
38545 6573
9537 6381
9537 6392
9537 6892
38545 6631
9537 6628
38545 5038
9537 6374
9537 6469
38545 6321
9537 6362
9537 6925
38545 4948
9537 6388
9537 6563
38545 5099
9537 6423
9537 6398
9537 6695
38545 5250
9537 6747
38545 5081
9537 6577
9537 6454
38545 5150
9537 7114
9537 6627
9537 6436
38545 5347
9537 6501
9537 6463
38545 6170
9537 6576
38545 4798
9537 6381
9537 6715
38545 6534
9537 6413
9537 6360
9537 6731
38545 4916
9537 6605
38545 6288
9537 6511
9537 6455
38545 5429
9537 6423
9537 6457
38545 6150
9537 6373
9537 6358
9537 6591
38545 5066
9537 7147
38545 4945
9537 6496
9537 6933
38545 6806
9537 6545
9537 7210
9537 6406
38545 5057
9537 6398
9537 6381
9537 6560
38545 6613
9537 6501
9537 6400
9537 6828
38545 5046
9537 6423
38545 3607
9537 6409
9537 6917
38545 6532
9537 6484
9537 6599
9537 6420
38545 3611
9537 6641
38545 5643
9537 6871
9537 7124
38545 5078
9537 6407
9537 6681
9537 6870
38545 5218
9537 6856
9537 6379
9537 7042
38545 5064
9537 6397
9537 6518
9537 6403
38545 6110
9537 6439
9537 6564
9537 6456
38545 5192
9537 6451
9537 6497
9537 6859
38545 5333
9537 6476
38545 3755
9537 6818
9537 6385
38545 6227
9537 6377
9537 6565
9537 6567
38545 6238
9537 6724
38545 5146
9537 6367
9537 6947
38545 5201
9537 6419
9537 7517
38545 6210
9537 7448
9537 6416
9537 7471
38545 6189
9537 6810
38545 5187
9537 6569
9537 6373
38545 6059
9537 6408
9537 6454
38545 6304
38545 5300
9537 6362
9537 6913
38545 5056
9537 6375
9537 6465
9537 6392
38545 6027
9537 7028
38545 4943
9537 6423
9537 6572
38545 6402
9537 6449
9537 6603
9537 6470
38545 4991
9537 6771
38545 6399
9537 6893
9537 6389
38545 4875
9537 6549
9537 6369
9537 6410
38545 6210
9537 6904
38545 4924
9537 6810
9537 6423
9537 6825
9537 6768
38545 5741
9537 6880
9537 6728
38545 5083
9537 6399
9537 6588
38545 6452
9537 6369
9537 6430
38545 6252
9537 6487
9537 6563
9537 7369
38545 5301
9537 6382
38545 6613
9537 6394
9537 7114
38545 5653
9537 6941
9537 6558
9537 6409
38545 6239
9537 6880
38545 5092
9537 6669
9537 6537
38545 6410
9537 6516
9537 6681
9537 7524
38545 6235
9537 6442
38545 5349
9537 6435
9537 6364
38545 4996
9537 6423
9537 6384
38545 5277
9537 6587
9537 6447
38545 6025
9537 6360
9537 6701
38545 5058
9537 6569
9537 6593
9537 6431
38545 6039
9537 6632
38545 4185
9537 6476
9537 6444
38545 6283
9537 6415
9537 6358
9537 6479
38545 6225
9537 6415
9537 6386
9537 6399
38545 6033
9537 6546
9537 6393
9537 6362
38545 6204
9537 6389
38545 3624
9537 6523
9537 6555
38545 5277
9537 6493
9537 6719
9537 6397
38545 4859
9537 6385
9537 6636
38545 6408
9537 6655
9537 6391
9537 6413
38545 5138
9537 7037
9537 6525
9537 6403
38545 5092
9537 7264
38545 5536
9537 6515
9537 6552
38545 6345
9537 6866
9537 6561
9537 6887
38545 4911
9537 6377
9537 6384
9537 6551
38545 6378
9537 6376
9537 6463
9537 6938
38545 5085
48634 3897
21011 3626
9537 6387
38545 4195
9537 6402
9537 6546
38545 5076
9537 6378
9537 6425
9537 6897
38545 4975
9537 6898
9537 6412
9537 6690
38545 5039
9537 6422
9537 6510
9537 6360
38545 6233
9537 6398
9537 6414
38545 5118
9537 6784
38545 4928
9537 6399
38545 5384
9537 6843
9537 6473
9537 6498
38545 6333
9537 6488
38545 3623
9537 6458
9537 6602
38545 6218
9537 6356
9537 6590
9537 6371
38545 6207
9537 6747
38545 5150
9537 6513
9537 7513
38545 6467
9537 6387
9537 6567
9537 6757
38545 6513
9537 6374
9537 6365
9537 6523
38545 4797
9537 6485
9537 6376
9537 6868
38545 5071
9537 6410
38545 6207
9537 6380
9537 6437
9537 6474
38545 5005
9537 6392
9537 6839
38545 5052
9537 6532
38545 5051
9537 6429
9537 6396
9537 7091
38545 4990
9537 6370
9537 6514
9537 7249
38545 5520
9537 6602
38545 6451
9537 6428
9537 6599
38545 5123
9537 6709
9537 6554
9537 6674
38545 5095
9537 6375
9537 6629
38545 5024
9537 6377
38545 5059
9537 6395
9537 6405
38545 6188
9537 6472
9537 6761
38545 5042
9537 6428
9537 6429
9537 7110
38545 5103
9537 7303
38545 5619
9537 6379
9537 6400
9537 6874
38545 5452
9537 6411
38545 6256
9537 6781
9537 6377
9537 6409
38545 5343
9537 6417
38545 6299
9537 6382
9537 6360
38545 3643
9537 6501
9537 6383
38545 6213
9537 6577
9537 6376
9537 6799
38545 5197
9537 6642
9537 6871
9537 6656
9537 7060
38545 5133
9537 6922
38545 5361
9537 6369
9537 6375
9537 6799
38545 5217
9537 6515
9537 8702
9537 6849
38545 5036
9537 7003
38545 4947
9537 6558
9537 6370
9537 6891
38545 5069
9537 7046
38545 5138
9537 6372
9537 6418
9537 6863
38545 6289
9537 7091
38545 5110
9537 6448
9537 6364
9537 6560
38545 6397
9537 6976
38545 4912
9537 6359
9537 7402
9537 6418
38545 6150
9537 6479
38545 4913
9537 6742
9537 6406
9537 7668
38545 5970
9537 6509
38545 3746
9537 6422
9537 6533
9537 6418
38545 6223
9537 6427
38545 5194
9537 6432
9537 7230
38545 5485
9537 6706
9537 6534
38545 5480
9537 6483
9537 6418
38545 5260
9537 6385
9537 7050
38545 5255
9537 6931
9537 6349
38545 4843
9537 6445
9537 6396
38545 6268
9537 6697
9537 6822
38545 5205
9537 6627
9537 7588
9537 6408
38545 6257
9537 6622
38545 3728
9537 6877
9537 6511
9537 6858
38545 5274
9537 6377
9537 6711
38545 5318
9537 6605
9537 6672
38545 4962
9537 6589
38545 6351
9537 6411
9537 6526
9537 6588
38545 6179
9537 6674
38545 5124
9537 6475
9537 6478
9537 6620
38545 5117
9537 6403
9537 7037
38545 5573
9537 6413
38545 4297
9537 7478
9537 6553
9537 6447
38545 6295
9537 6451
38545 5730
9537 6558
9537 6389
9537 6793
38545 4960
9537 6586
9537 6945
38545 5182
9537 6364
38545 6230
9537 6569
9537 6379
9537 6715
38545 6465
9537 6433
38545 3691
9537 6369
9537 6627
9537 7299
38545 5110
9537 7009
38545 5704
9537 6414
9537 6400
9537 6417
38545 5161
9537 6476
38545 6203
9537 7254
9537 6541
9537 6361
38545 6083
9537 7323
38545 5216
9537 6531
9537 7257
38545 5176
9537 6479
9537 6458
38545 3631
9537 6459
9537 6546
9537 7485
38545 6184
9537 7237
38545 5281
9537 6413
9537 6402
9537 6810
38545 5165
9537 6395
38545 6195
9537 6354
9537 6381
9537 6429
38545 6299
9537 6873
38545 4932
9537 6390
9537 7183
9537 6859
9537 6376
9537 6785
38545 5196
9537 6470
38545 6288
9537 6367
9537 6877
38545 5211
9537 6384
9537 6577
38545 6270
9537 6770
9537 6478
9537 6807
38545 5493
9537 6859
38545 5389
9537 6370
9537 6796
9537 6386
38545 6106
9537 6452
38545 6258
9537 6392
9537 6411
9537 6541
38545 5281
9537 6569
38545 6224
9537 6425
9537 7011
9537 6587
38545 5108
9537 6842
9537 6961
38545 5249
9537 6415
9537 6385
38545 6066
9537 6549
9537 7030
9537 6563
9537 6377
38545 6153
9537 6423
38545 6587
9537 6932
9537 6494
9537 6392
38545 5244
9537 6974
38545 5094
9537 6402
9537 6491
9537 6429
38545 6250
38545 4896
9537 6521
9537 7165
9537 6873
38545 5081
9537 7688
38545 5791
9537 6418
9537 6518
9537 6404
38545 6272
9537 6940
38545 4938
9537 6905
9537 6503
9537 6569
38545 6370
9537 6401
9537 6609
38545 5126
9537 6395
9537 6884
38545 4924
9537 6397
9537 6781
38545 5180
9537 6367
9537 6784
38545 6621
9537 6425
38545 4908
9537 6421
9537 6359
9537 6431
38545 6016
9537 6592
38545 3594
9537 7289
9537 6427
9537 7058
38545 5284
9537 6568
38545 6396
9537 6569
9537 6344
9537 6893
38545 6654
9537 6497
38545 4865
9537 6485
9537 6400
9537 7424
38545 6187
9537 6524
38545 3622
9537 6461
9537 6418
9537 6416
38545 6275
9537 6440
38545 6024
9537 6467
9537 7930
38545 6519
9537 6530
9537 6778
38545 5094
9537 6754
9537 6351
9537 7010
38545 4115
9537 6533
38545 6130
9537 6353
9537 6586
38545 5100
9537 6552
9537 6589
38545 6444
9537 6598
9537 6431
9537 6599
9537 6583
38545 5320
9537 6474
9537 6585
38545 6207
9537 6412
9537 6387
38545 5020
9537 6386
9537 6620
38545 4900
9537 6382
9537 6962
38545 4927
9537 6640
9537 6851
9537 6441
38545 6122
9537 6413
38545 4781
9537 7103
9537 6465
9537 6379
38545 5159
27280 3814
11920 3739
9537 6382
9537 6438
38545 6273
9537 6400
9537 6412
38545 6218
53905 4310
1686 3601
9537 6597
38545 3628
9537 6806
9537 6584
9537 6392
38545 6049
9537 7181
38545 6763
9537 6566
9537 6381
9537 6867
38545 5065
38545 6248
9537 6857
9537 6932
38545 5214
9537 6473
9537 8043
38545 6693
9537 6428
38545 4901
9537 6950
9537 8076
9537 6781
38545 5076
9537 6720
9537 6731
38545 6368
9537 7142
38545 5094
9537 6518
9537 6713
9537 6402
38545 4998
9537 6647
9537 6641
9537 6773
38545 5311
9537 6552
38545 5306
9537 6729
38545 5073
9537 6421
9537 6816
9537 7246
38545 5494
9537 6746
38545 4133
9537 6721
9537 10001
9537 7398
38545 5693
9537 6381
9537 6719
9537 6544
38545 5339
38545 3905
38545 6183
46400 4045
27280 3750
17728 4376
11920 3759
27280 7902
54593 5708
53905 3751
11920 6923
58697 3664
1686 3791
53905 7499
1686 6625
9537 3960
9537 7002
9537 7587
9537 6539
9537 6785
38545 4784
9537 6786
9537 7001
38545 6696
9537 6473
9537 7412
38545 5708
9537 11860
9537 7147
38545 5760
9537 6732
9537 5733
38545 4915
9537 6754
9537 6653
38545 5220
9537 6775
9537 6807
38545 5205
9537 6643
9537 6634
9537 6433
9537 6429
38545 6121
9537 6588
9537 6366
38545 4946
9537 6629
9537 6708
38545 5088
9537 6531
9537 6590
9537 6491
9537 7125
38545 5499
9537 6543
9537 6522
38545 4206
9537 6521
9537 9563
38545 8198
9537 6491
9537 6673
38545 6418
9537 7007
9537 6658
38545 5506
9537 6668
9537 6693
38545 5457
9537 6541
9537 7800
38545 5834
9537 6383
9537 6807
38545 5217
9537 6756
9537 7045
38545 5444
9537 6830
9537 6670
38545 6473
9537 6838
9537 6580
38545 5572
9537 6522
9537 6511
9537 8316
9537 6779
38545 5803
9537 6585
9537 8998
38545 8873
9537 6465
9537 6380
38545 3927
9537 6728
9537 6494
9537 6527
9537 7335
38545 5555
9537 6502
9537 6582
9537 7149
38545 5362
9537 6996
38545 4121
9537 6653
9537 6622
38545 5112
9537 6632
9537 6435
46400 5410
38545 3723
17728 3813
54593 3763
58697 3791
9537 6409
9537 6406
9537 6526
9537 6538
38545 6289
46400 12723
46400 8911
46400 7029
27280 5072
17728 7942
17728 6656
17728 6612
11920 5193
9537 6497
9537 6717
38545 4549
9537 6707
9537 6514
38545 5162
54593 8130
54593 6524
54593 6474
58697 7745
53905 7469
58697 6692
58697 6483
1686 4600
9537 6634
9537 7454
38545 5623
9537 7227
9537 6628
38545 5039
9537 6911
9537 6537
38545 5149
9537 6569
38545 4241
9537 8847
9537 6732
38545 5463
9537 6880
9537 6949
38545 5634
9537 6487
27280 3824
11920 6537
53905 3834
1686 3872
11920 3830
53905 3730
1686 3717
27280 6061
27280 3961
27280 4727
27280 5203
27280 3689
46400 4813
17728 5435
11920 4258
54593 6238
53905 3759
17728 4036
17728 3910
58697 4865
11920 3751
1686 3794
11920 4948
54593 3770
54593 6504
53905 301
58697 247
1686 3833
1686 5283
46400 5469
46400 3703
27280 3765
27280 4033
46400 6981
27280 5382
46400 6489
46400 6515
27280 5322
46400 6503
46400 6758
46400 6812
27280 5186
46400 6615
27280 4569
46400 6909
27280 6632
38545 4320
9537 6487
9537 6464
38545 6220
9537 6518
9537 6746
9537 6396
9537 6545
9537 9109
9537 7144
38545 6191
46400 7007
27280 5222
46400 6624
46400 7036
46400 7255
27280 5367
46400 6424
46400 6564
27280 4305
46400 7019
46400 7020
27280 6842
46400 6617
46400 6875
27280 6374
46400 6583
46400 7180
27280 5416
46400 6816
46400 6499
27280 5181
46400 6414
46400 6598
27280 5317
46400 6506
46400 6444
27280 5239
46400 6541
46400 6498
27280 5163
46400 8490
46400 6846
27280 6605
46400 6678
46400 6894
27280 4964
46400 6645
46400 6394
27280 5166
46400 6537
46400 6993
27280 5025
46400 6469
46400 6606
27280 4445
46400 6701
46400 6676
27280 5102
46400 6528
46400 6696
27280 5081
46400 6496
46400 6725
27280 5722
46400 6570
46400 6954
27280 5173
46400 6562
46400 6763
27280 5475
46400 6467
46400 9992
46400 6545
46400 6552
27280 3774
46400 6517
46400 6889
27280 5157
46400 6607
46400 6562
27280 5363
46400 6377
46400 7043
27280 5340
46400 6566
46400 6943
27280 5281
46400 6629
46400 7170
27280 5585
46400 6531
46400 6497
27280 3811
46400 6376
46400 6795
27280 4958
46400 6427
46400 6949
27280 6502
46400 6508
46400 6382
27280 4889
46400 6729
46400 7563
46400 6551
46400 6426
27280 4881
46400 6514
46400 6468
27280 6148
46400 6411
46400 7183
27280 5434
46400 6437
46400 6410
27280 3861
27280 3685
46400 6502
46400 6365
27280 3797
27280 5044
46400 6832
27280 3896
46400 6397
27280 3700
46400 6509
46400 6387
27280 3660
27280 3686
46400 6402
27280 3653
46400 7058
27280 3809
46400 6531
27280 3703
46400 7924
27280 3683
27280 3678
46400 6570
27280 3682
46400 6407
46400 6949
27280 4954
27280 4300
46400 6823
27280 4018
46400 6497
27280 3805
46400 6383
46400 7303
27280 94
46400 6581
46400 6458
27280 4263
27280 3652
46400 6453
46400 6534
27280 2103
46400 6383
27280 4743
46400 6514
27280 6237
46400 6374
27280 4860
38545 4265
9537 6416
9537 6419
9537 6384
9537 6368
9537 6436
9537 6426
9537 6365
9537 6742
9537 6429
9537 6671
38545 5053
9537 6509
9537 4647
38545 5010
38545 3763
38545 3860
38545 3690
38545 4768
38545 5016
27280 4141
9537 3615
9537 4068
9537 6099
9537 4732
38545 4636
9537 6378
9537 6995
38545 5118
9537 6383
9537 6091
38545 3659
9537 7229
9537 6876
38545 4936
46400 6357
46400 6421
46400 6420
46400 6930
27280 4917
46400 6428
46400 6404
46400 6383
27280 6219
46400 6859
46400 6390
27280 5309
46400 6416
46400 6481
27280 6317
46400 6388
46400 6719
27280 5058
46400 6532
46400 6401
27280 6177
46400 6420
46400 6739
27280 5285
46400 4728
27280 4982
44995 3664
44995 3700
44995 4197
44995 6059
59160 3572
59160 3645
59160 3766
44995 4761
59160 3609
59160 4989
59160 3758
44995 3601
38545 4813
38545 5020
9537 6238
9537 6513
9537 6421
9537 6979
38545 5362
44995 3678
44995 3825
59160 3726
59160 4776
59160 5238
44995 4060
27280 6118
46400 3792
38545 4195
27280 4813
9537 6359
9537 6977
38545 5281
9537 6506
9537 6396
9537 7077
9537 6588
9537 6467
9537 6398
9537 6763
9537 6403
38545 5367
9537 6373
9537 6781
38545 5264
9537 6543
9537 6905
38545 4912
9537 6383
9537 6919
38545 4917
9537 6553
9537 6429
9537 6438
9537 6771
38545 4945
9537 6445
9537 6491
38545 6277
9537 6420
9537 6613
38545 5125
9537 6598
9537 6383
9537 6421
9537 6435
38545 6231
9537 6941
9537 6503
9537 6589
9537 6804
38545 5113
9537 6375
9537 6388
9537 6432
9537 6769
38545 5037
9537 6410
9537 6372
9537 6397
9537 6371
38545 5106
9537 6552
9537 6386
9537 6474
9537 6898
38545 4886
9537 6640
9537 6551
9537 6365
38545 4980
9537 6408
38545 4874
9537 6431
9537 6398
9537 6402
9537 6741
38545 5207
9537 6395
9537 7860
9537 6657
9537 6493
38545 6199
9537 6430
9537 6389
9537 6588
9537 6396
38545 5310
38545 3765
38545 3858
38545 5365
9537 6435
9537 6392
9537 7169
38545 5165
38545 5204
38545 3679
38545 3792
38545 4686
9537 6560
38545 5241
9537 6514
9537 6471
9537 6390
38545 6226
38545 3733
38545 3680
38545 4794
9537 6452
38545 3752
9537 7324
9537 6580
9537 6842
38545 5163
38545 3696
38545 3728
38545 4909
38545 5051
9537 6405
38545 3623
9537 6670
9537 6901
38545 5070
44995 3756
44995 3735
9537 3558
9537 6395
38545 5422
9537 6531
9537 6363
38545 3742
9537 6408
9537 6388
9537 6853
38545 5189
9537 6383
9537 6399
9537 3741
38545 3622
9537 6830
9537 3780
38545 5271
9537 4107
9537 6404
9537 6553
9537 3713
38545 3758
9537 6401
38545 6193
9537 6387
9537 6720
9537 6528
9537 6719
38545 5262
9537 6500
9537 6316
38545 5091
9537 6454
9537 6414
38545 6209
9537 6400
9537 6537
38545 3640
9537 6391
9537 6405
38545 4913
9537 6625
38545 4670
9537 6376
9537 6498
9537 4974
38545 5179
9537 7091
9537 6384
9537 6686
9537 6316
38545 4984
9537 6431
9537 6367
9537 6468
9537 6445
38545 6141
59160 3784
59160 3738
59160 3758
44995 3645
9537 6162
38545 3737
9537 6265
38545 5035
38545 6047
38545 3841
38545 3720
38545 4944
38545 5044
38545 4196
9537 3720
9537 6382
38545 4802
9537 6384
9537 6994
9537 6370
9537 6128
38545 4681
9537 3776
9537 6366
9537 6358
9537 6470
9537 6415
38545 6167
9537 6424
9537 6705
9537 6501
38545 6221
9537 6394
9537 6517
9537 6432
38545 6054
9537 6557
9537 6408
9537 7135
38545 5504
9537 6853
9537 6390
9537 6460
38545 6147
9537 6872
9537 6380
9537 6794
38545 5320
9537 7195
38545 5199
9537 6395
9537 6697
38545 5039
9537 7241
38545 6154
9537 6369
9537 7038
38545 5067
9537 6713
38545 6452
9537 6480
9537 6400
38545 6246
9537 6983
38545 5269
9537 6527
9537 6536
38545 5058
9537 6406
38545 5298
9537 6831
9537 6400
38545 6063
9537 6825
38545 4918
9537 7078
9537 6938
38545 5275
9537 6575
9537 6588
9537 6723
38545 5082
9537 7279
38545 6961
9537 6490
9537 8138
38545 6162
9537 6521
9537 6389
9537 7913
38545 6637
9537 6382
38545 3817
9537 6385
9537 6529
38545 6325
9537 6870
9537 6951
9537 6782
38545 5320
9537 6358
9537 6408
9537 6979
38545 5284
9537 6435
9537 6676
38545 6507
9537 6377
9537 6937
38545 5413
9537 6603
9537 7055
38545 5065
9537 6504
9537 6522
38545 6304
9537 6540
9537 8312
9537 6911
38545 6746
9537 6467
9537 6462
9537 6550
38545 6161
9537 6497
9537 6522
9537 6396
38545 4892
9537 6802
9537 6434
9537 6357
38545 4256
9537 6389
9537 6448
9537 7177
38545 5579
9537 6496
9537 6384
9537 6937
38545 5198
9537 6419
9537 6530
9537 6939
38545 5349
9537 7022
38545 4932
9537 6760
9537 6399
38545 6244
9537 9123
9537 6382
9537 6693
38545 5072
9537 6878
38545 5235
9537 6367
9537 7029
38545 5685
9537 6532
9537 6907
38545 4955
9537 6401
9537 6410
9537 6441
9537 7067
38545 4977
9537 6597
9537 6384
9537 6829
38545 5183
9537 6488
38545 6065
9537 6385
9537 6502
38545 5032
9537 6498
9537 7159
38545 5394
9537 6492
9537 6410
9537 6646
38545 5025
9537 8709
38545 6704
9537 6503
9537 6782
38545 5032
9537 6526
9537 6510
38545 5136
9537 1077
38545 5290
27280 4882
27280 5048
46400 3604
46400 3627
27280 3792
46400 6183
46400 6838
27280 5076
38545 3915
38545 6492
38545 6557
9537 443
9537 5175
9537 3828
38545 3597
44995 5018
44995 5320
38545 6282
38545 3790
44995 4926
44995 6249
9537 3737
9537 6243
59160 3681
59160 3786
59160 6117
44995 3899
59160 3857
59160 4815
44995 4907
27280 4123
27280 3844
46400 3612
46400 6554
46400 6301
27280 5087
44995 5156
44995 3763
38545 3892
38545 6205
38545 3681
38545 4317
38545 4874
38545 5023
38545 3871
9537 6876
9537 775
38545 4197
9537 3618
9537 6785
9537 8783
38545 8633
9537 6557
9537 6609
9537 6591
38545 4978
9537 6453
9537 6440
9537 6709
9537 6393
9537 6311
38545 5016
59160 3672
59160 5186
59160 3834
44995 3804
9537 6545
9537 6506
9537 6480
38545 5241
38545 4880
38545 5102
9537 6939
38545 5286
9537 8032
9537 6931
38545 5151
9537 7060
38545 5302
9537 6532
9537 6539
38545 5274
9537 8317
38545 7344
9537 6896
9537 7084
38545 5382
9537 6596
9537 6591
9537 6588
38545 5275
9537 6346
9537 6544
9537 6713
38545 17825
9537 6689
9537 6510
9537 6797
38545 5054
9537 6598
9537 6893
9537 6883
38545 5172
9537 6466
38545 5032
9537 6644
9537 6815
38545 5138
9537 6523
9537 6389
9537 6493
38545 6200
9537 6562
9537 9272
38545 7672
9537 6537
9537 6741
9537 7054
38545 5070
9537 6764
38545 5125
9537 6382
9537 6884
38545 5258
9537 6528
9537 6831
9537 6778
38545 5197
9537 7208
38545 5172
9537 6571
9537 6551
38545 6212
9537 6837
38545 4569
9537 6458
9537 7190
38545 5679
9537 6465
9537 6532
38545 4003
9537 6645
38545 5175
9537 6441
9537 6803
9537 8806
38545 6785
9537 6771
38545 4970
9537 7374
38545 3783
9537 6517
38545 6089
9537 6558
9537 6450
38545 5161
9537 7321
38545 5531
9537 6491
9537 6723
38545 5136
9537 6554
38545 5196
9537 6513
9537 6914
38545 5084
9537 6592
9537 6440
9537 6782
38545 5104
9537 6558
38545 3775
9537 6514
9537 6617
38545 5330
9537 6429
9537 6593
9537 8275
38545 6839
9537 6494
9537 6418
9537 6514
38545 5311
9537 6541
9537 6742
9537 6422
38545 4268
9537 6439
38545 4086
9537 6385
9537 6374
38545 4886
9537 6397
38545 6129
9537 6464
9537 6603
38545 4920
9537 7029
38545 4917
9537 6470
9537 7045
38545 5385
9537 6389
38545 6233
9537 6550
9537 6419
38545 5289
9537 6426
38545 5333
9537 9187
9537 6549
38545 5226
9537 6427
38545 6220
9537 6493
9537 4655
38545 3771
9537 6452
9537 6563
38545 6277
9537 6400
9537 6438
38545 5023
9537 6514
9537 6672
38545 5060
38545 3817
9537 6978
38545 3678
9537 6370
9537 6390
9537 7112
38545 5368
9537 6875
38545 5397
38545 4131
9537 6509
9537 6455
9537 6538
38545 4307
9537 8586
38545 6790
9537 6535
9537 6693
9537 6388
38545 5097
9537 7039
38545 5062
9537 6529
9537 6491
9537 6538
38545 6158
9537 6382
38545 3696
9537 6507
9537 6440
9537 6878
38545 6457
9537 6521
38545 4460
9537 6425
9537 6682
9537 6536
38545 5134
9537 6500
9537 6594
9537 6875
9537 7847
38545 5761
9537 6745
38545 4974
9537 6638
9537 7932
9537 7076
38545 5075
9537 6989
9537 6506
9537 6590
9537 6787
38545 5079
9537 6450
9537 6819
9537 6409
9537 7149
38545 5376
9537 6856
38545 4980
9537 6554
9537 6716
9537 7157
38545 5363
9537 6705
38545 5335
9537 7083
38545 5005
9537 6565
9537 6960
38545 5478
9537 6401
9537 6590
38545 4947
9537 6866
9537 6776
38545 5065
9537 9139
38545 7321
9537 6729
9537 6504
9537 6546
38545 6381
9537 6877
38545 5074
9537 6478
9537 6461
9537 6665
38545 5175
9537 7024
38545 5178
9537 6541
9537 6833
9537 6671
38545 5089
9537 6447
38545 4093
9537 6364
9537 6369
9537 7489
38545 5649
9537 6450
38545 5296
9537 6424
9537 6499
9537 6540
38545 6150
9537 6391
38545 5071
9537 7349
9537 6583
9537 6580
9537 6375
38545 3653
9537 6385
9537 6460
9537 6505
9537 6490
38545 3760
9537 6405
9537 6562
38545 6237
9537 6625
9537 6541
38545 3761
9537 6482
9537 6648
38545 4977
9537 6556
9537 6394
9537 6893
38545 6154
9537 6397
38545 3663
38545 5076
9537 6726
9537 6400
38545 3766
9537 6475
9537 6457
9537 7073
38545 4300
9537 6464
38545 3599
9537 6424
9537 6447
9537 6649
38545 5065
9537 6469
38545 5101
9537 6401
9537 6417
9537 6505
9537 6445
38545 3669
9537 6394
9537 6409
9537 6338
38545 3622
9537 6530
9537 6509
9537 6367
38545 3586
9537 6369
9537 6708
38545 6468
9537 6536
9537 6388
9537 6440
38545 4811
9537 6662
9537 6537
9537 6977
38545 5383
9537 6512
9537 7084
38545 3732
9537 6595
9537 6381
38545 5315
9537 6407
9537 6410
9537 6383
38545 3621
9537 6402
9537 6395
38545 5393
9537 6476
9537 6402
9537 6539
38545 3623
9537 6836
38545 3652
9537 6492
9537 6426
9537 6416
9537 6853
38545 5214
27280 3711
27280 3796
27280 4870
27280 5063
27280 3696
27280 3699
27280 5230
27280 5017
27280 3716
27280 6016
27280 3688
27280 4128
46400 4800
46400 5765
27280 3613
46400 3706
46400 3738
27280 3672
46400 4687
46400 5026
27280 3604
46400 3805
46400 3796
27280 4721
46400 5293
46400 3784
27280 3693
46400 4681
46400 5446
27280 3649
46400 3709
27280 3630
38545 4757
38545 5014
38545 3735
38545 4725
38545 5957
27280 4446
27280 3718
27280 3769
27280 6064
27280 3689
27280 4137
27280 6063
27280 4332
27280 3646
27280 3670
27280 3860
27280 6149
38545 3808
38545 3759
38545 3702
38545 6003
38545 3854
38545 3693
44995 3624
44995 6068
38545 3820
9537 6391
9537 6417
38545 5019
9537 6634
38545 4953
9537 6483
9537 6401
9537 6395
9537 6348
9537 6435
9537 6871
9537 6734
38545 4944
9537 6394
9537 6351
38545 5364
9537 6399
9537 6531
38545 4971
9537 6895
9537 6381
9537 6379
38545 3625
9537 6488
9537 6475
9537 6846
9537 6826
38545 4665
9537 2601
38545 3633
46400 3711
9537 6455
9537 6381
9537 6384
9537 6428
46400 2099
38545 3727
9537 6380
38545 3926
46400 6393
46400 7006
27280 5350
46400 6288
46400 6186
27280 3799
9537 6409
9537 6387
9537 6386
38545 3673
9537 6452
9537 3926
38545 3750
9537 6427
38545 3678
9537 6363
38545 4970
9537 6461
9537 6519
9537 6549
38545 4853
46400 473
46400 3798
46400 6166
9537 6672
9537 6382
9537 6370
9537 6398
9537 6383
27280 4844
38545 4626
46400 6074
46400 6162
27280 3588
46400 6241
9537 6371
9537 6378
9537 6402
9537 6443
9537 6943
38545 5044
9537 7309
38545 4912
9537 6834
9537 6388
9537 6440
38545 3607
9537 3749
38545 3676
9537 6407
38545 3639
9537 6384
38545 3671
9537 7108
9537 6398
9537 6364
38545 3642
9537 6402
38545 3632
9537 6366
38545 3584
9537 6401
9537 7054
9537 6445
38545 3743
9537 6390
9537 6442
38545 5263
9537 6439
9537 6393
9537 6490
38545 3636
9537 6354
38545 3697
9537 6443
38545 3599
9537 6401
38545 3627
9537 6424
9537 6911
38545 4920
9537 6465
38545 3669
9537 6428
9537 6889
38545 3629
9537 6403
9537 6542
38545 3598
9537 6419
38545 3615
9537 6411
9537 6390
9537 6468
9537 7177
38545 5471
9537 6509
38545 3618
9537 6433
9537 6837
9537 6394
9537 6506
38545 4264
9537 6502
9537 6374
9537 4480
9537 6380
9537 6560
38545 3618
9537 6452
38545 3659
9537 6373
9537 6857
9537 6475
9537 6623
38545 4472
9537 6410
38545 5372
9537 6408
9537 6402
9537 6781
38545 4285
9537 6365
38545 3603
9537 6388
9537 7015
9537 7267
38545 3699
9537 6559
38545 3971
9537 6454
38545 3615
9537 6409
9537 6363
9537 6585
38545 3623
9537 6518
38545 3606
9537 6453
38545 4867
9537 6486
9537 6543
38545 3646
9537 6608
9537 6480
38545 3608
9537 6395
38545 3702
9537 6543
9537 6400
9537 6428
9537 799
38545 3635
59160 340
9537 6829
38545 3658
9537 7006
9537 6370
9537 6405
38545 3630
9537 6630
38545 4916
9537 6420
9537 6433
9537 6506
38545 4924
9537 6490
38545 3752
9537 6354
9537 6419
9537 6820
9537 6533
9537 6542
38545 3584
9537 6399
38545 4947
9537 6374
9537 6365
9537 6454
9537 6363
38545 1412
9537 6527
38545 3619
9537 6475
9537 6342
9537 6380
9537 7235
38545 4987
9537 6517
38545 3626
9537 6461
38545 3614
9537 6375
9537 6565
9537 6430
38545 3612
9537 6363
38545 3619
9537 6500
9537 6392
9537 6425
9537 6438
38545 4851
9537 6543
9537 6356
38545 3614
9537 6832
9537 6622
9537 6549
38545 5258
9537 6779
38545 5200
9537 6374
9537 6389
9537 6410
9537 6388
38545 4728
9537 6398
38545 3730
9537 7515
9537 6481
9537 7050
9537 6455
38545 3611
9537 6769
38545 5056
9537 6674
9537 6411
38545 5055
9537 4031
9537 6529
38545 6064
9537 6399
9537 6347
9537 6372
38545 4709
9537 6520
9537 6380
38545 3601
9537 6397
9537 6431
9537 6459
9537 6353
9537 6547
38545 3618
9537 6549
38545 4337
9537 6558
9537 6480
9537 6344
38545 5037
9537 6924
38545 3551
9537 7036
38545 5066
9537 6824
9537 6405
9537 6453
38545 5279
9537 6496
38545 3589
9537 6396
9537 6377
9537 6452
9537 6531
38545 3812
9537 6469
9537 6500
9537 6534
9537 6392
38545 3756
9537 6520
38545 3701
9537 6351
38545 3735
9537 6412
38545 4996
9537 6460
38545 3587
9537 6495
9537 6608
38545 3967
9537 6409
38545 4869
9537 7025
9537 6633
9537 6470
9537 6356
38545 3644
9537 6454
38545 4727
9537 6414
9537 6355
9537 6511
9537 6401
38545 7380
9537 6466
9537 6424
9537 6380
9537 6418
9537 6379
38545 4769
9537 6886
38545 3616
9537 6371
9537 6434
38545 4307
9537 6425
9537 6388
38545 6208
9537 6550
38545 3614
9537 6347
9537 6696
9537 6444
38545 3640
9537 7067
38545 4197
9537 6488
9537 6836
9537 6421
9537 6698
38545 5039
9537 6461
38545 5229
9537 6401
9537 6493
38545 3644
9537 6390
38545 3591
9537 6409
9537 6442
9537 6452
38545 3612
9537 6537
38545 3829
9537 6524
38545 3819
9537 6863
9537 6520
9537 7228
38545 4937
9537 6562
38545 3701
9537 6665
38545 3724
9537 6431
9537 7700
9537 6370
38545 3605
38545 3639
9537 6477
9537 5357
9537 6419
9537 6487
38545 3611
9537 6397
38545 4065
9537 6974
9537 6373
9537 6496
9537 6553
38545 4804
9537 6409
38545 3985
9537 6378
9537 6392
9537 6839
9537 6667
38545 3618
9537 6434
9537 6500
9537 6413
9537 6644
9537 6457
38545 4607
9537 6399
9537 6441
38545 4322
9537 6544
9537 6345
38545 3612
9537 6697
9537 6501
9537 6530
9537 6413
9537 6600
38545 4089
9537 6502
38545 3597
9537 6513
9537 6465
9537 6369
9537 6597
38545 3788
9537 6416
9537 6663
9537 6467
38545 3643
9537 6421
9537 6862
38545 3645
9537 7206
38545 4950
9537 6397
9537 6410
9537 6442
38545 4386
9537 6385
38545 5200
9537 6381
9537 6739
9537 6372
9537 6490
9537 6435
9537 6373
27280 5157
38545 3619
9537 6356
9537 6451
38545 3651
9537 6388
9537 6498
9537 6444
38545 6099
9537 6537
9537 6520
9537 6388
9537 6356
9537 6719
38545 5084
9537 6423
9537 6451
9537 6406
9537 6772
38545 5561
9537 6357
9537 6366
9537 7136
9537 7124
9537 6499
38545 6084
9537 6474
38545 3636
9537 6361
9537 6438
9537 6990
9537 6502
9537 6357
38545 3630
9537 6436
38545 5073
9537 6516
9537 6395
9537 6986
38545 4928
9537 6499
38545 3672
38545 6189
9537 6646
38545 5032
9537 6420
38545 4895
9537 6386
9537 6419
9537 4040
38545 3636
9537 6958
38545 5119
9537 6489
9537 6435
9537 6850
9537 6621
38545 5365
9537 6409
38545 5302
9537 6537
9537 6416
38545 5304
9537 6388
9537 6375
9537 6382
38545 4010
9537 6713
38545 5054
9537 6478
9537 6818
38545 5081
9537 6386
9537 6414
38545 5373
59160 4809
44995 3725
13306 5305
9537 6808
9537 6400
38545 4894
9537 6529
9537 6953
9537 6368
38545 5201
9537 6459
9537 6561
38545 6419
9537 7171
38545 4993
9537 6719
9537 6392
9537 6441
9537 6386
38545 5368
9537 6424
9537 6365
9537 6391
9537 6722
38545 5051
9537 6642
38545 5010
9537 6455
9537 6382
9537 6651
9537 6932
38545 5096
9537 6877
38545 5165
9537 6534
38545 6274
9537 6464
9537 6546
9537 6865
38545 5184
9537 6488
9537 6655
38545 5045
9537 6383
9537 7073
9537 6494
38545 5031
9537 6364
9537 6371
9537 6571
38545 6272
9537 6449
9537 6424
38545 5290
9537 6365
9537 6338
9537 6412
9537 6630
38545 3766
9537 6778
38545 5047
9537 6441
9537 6833
9537 6478
9537 6355
9537 6563
38545 6122
9537 7314
9537 6891
38545 5160
9537 6514
9537 6405
9537 6423
38545 6162
9537 6383
38545 3656
9537 7338
9537 6373
9537 6352
9537 6357
9537 6460
38545 6045
9537 6439
38545 3588
9537 6475
9537 6411
9537 6383
38545 4894
9537 6409
9537 6910
38545 5187
9537 6750
38545 5149
9537 6391
9537 6396
9537 6348
9537 5073
9537 7043
38545 5155
9537 6423
38545 4863
9537 6558
9537 6441
9537 6593
38545 6421
9537 6740
38545 5440
9537 6430
9537 7136
9537 6356
9537 6464
9537 6517
38545 6372
9537 6393
9537 6452
38545 6053
9537 6375
38545 5087
9537 6514
9537 6754
9537 6797
38545 4931
9537 6771
38545 4926
9537 6441
38545 6270
9537 6394
9537 6582
38545 6263
9537 6461
9537 6747
38545 5767
9537 6555
38545 5323
9537 6853
9537 6389
9537 6394
38545 5209
9537 6411
38545 6273
9537 6894
9537 6362
9537 6392
9537 7237
38545 5610
9537 6398
38545 6269
9537 6479
38545 3645
9537 6875
38545 6560
9537 6443
9537 6411
9537 6457
9537 6854
38545 6444
9537 6396
9537 6380
38545 5038
9537 6382
9537 6817
38545 4917
9537 6454
9537 6410
38545 6194
9537 6405
9537 6801
9537 6393
38545 3638
9537 6541
9537 6387
9537 6449
38545 6150
9537 7071
9537 6626
9537 6361
9537 6790
38545 6407
9537 6436
9537 6389
38545 6210
9537 6493
9537 6362
9537 6610
9537 6397
9537 6421
9537 6588
38545 5011
9537 6431
9537 6495
9537 7045
38545 5453
9537 6368
9537 6887
38545 5153
9537 6404
9537 6517
54407 4331
38545 3620
13306 3612
9537 6399
9537 7429
38545 5813
9537 7001
9537 6457
9537 6516
9537 6406
38545 5341
13306 7300
9537 6421
9537 6516
9537 6597
38545 6153
9537 6409
38545 3608
9537 5178
9537 6378
9537 6515
38545 6307
9537 6436
9537 6611
38545 4925
9537 6397
9537 6390
9537 6386
9537 6367
9537 6423
38545 6141
9537 6381
9537 6777
9537 6377
9537 6894
38545 4907
9537 6692
9537 6850
38545 6697
9537 6470
38545 3607
9537 6400
9537 6478
9537 6765
38545 5054
9537 6396
38545 4901
9537 6361
9537 6386
9537 6459
9537 6366
9537 6772
38545 5711
9537 6413
9537 6444
38545 6140
9537 6947
38545 5123
9537 6472
9537 6520
9537 6412
9537 6388
38545 5300
9537 6399
9537 6835
38545 5424
9537 6468
9537 6370
9537 6884
9537 7046
38545 6764
9537 6470
9537 6380
38545 6206
9537 6395
9537 6543
9537 6393
9537 6409
38545 6146
9537 6837
9537 6418
38545 6169
9537 6399
9537 7136
9537 6823
9537 6465
38545 3632
9537 6476
9537 6806
9537 6382
38545 6149
9537 6379
38545 4241
9537 6390
9537 6880
38545 4929
9537 6522
9537 6772
38545 6602
9537 6402
9537 6472
9537 7654
38545 5181
9537 6637
9537 6512
38545 5043
9537 6387
38545 3593
9537 6410
9537 6639
9537 6377
9537 6369
9537 6727
46400 4801
38545 3582
9537 6522
38545 5037
9537 6380
9537 6536
9537 6388
9537 6826
38545 5186
9537 6391
38545 5610
9537 6486
9537 6452
38545 5326
9537 6464
9537 7251
38545 5339
9537 6453
9537 6828
38545 4967
9537 7364
9537 6438
9537 6577
9537 6444
38545 6231
9537 6394
9537 7204
38545 6941
9537 6500
9537 6889
38545 4924
9537 6542
9537 6680
9537 6379
9537 6418
38545 4876
9537 6384
9537 6376
9537 6403
9537 6661
38545 5342
9537 6407
9537 6492
38545 5182
9537 6364
9537 6634
38545 4941
9537 6389
9537 6812
38545 5172
9537 6548
38545 5074
9537 7491
9537 6372
9537 6421
9537 7031
38545 5543
9537 6469
9537 6911
38545 4975
9537 6551
9537 6413
38545 6034
9537 6407
9537 6415
9537 6960
38545 5593
9537 6499
9537 6580
9537 7472
38545 5575
9537 6682
9537 6593
9537 6400
9537 6462
9537 6654
9537 7214
38545 5164
9537 6508
9537 6781
38545 5899
9537 6457
9537 6579
9537 6780
9537 8626
38545 8265
9537 6625
9537 6366
9537 6836
38545 5601
54407 4635
9537 6878
38545 5279
9537 6513
9537 6363
9537 6464
9537 6405
9537 6934
38545 6650
54407 9903
13306 3679
13306 4169
9537 6995
38545 5129
9537 6536
9537 6885
38545 5291
9537 6415
9537 6420
9537 6444
38545 4058
13306 4781
9537 6400
38545 6099
9537 6410
9537 6423
9537 9137
38545 8835
9537 6538
9537 6401
38545 3627
9537 6552
38545 6332
9537 6498
9537 6549
38545 6326
9537 6333
9537 6383
9537 6409
38545 6271
9537 7048
38545 5062
9537 6910
9537 6369
9537 6377
9537 6509
38545 3657
9537 6360
9537 6526
38545 6205
9537 6357
9537 6463
9537 6833
38545 4918
9537 6410
38545 6325
9537 6396
9537 6871
9537 8186
38545 6916
9537 6458
9537 6595
38545 5151
9537 6475
9537 6803
9537 6515
9537 6460
9537 6433
9537 6995
38545 5356
9537 6499
38545 3668
9537 6555
9537 7036
38545 5076
9537 6653
9537 6395
9537 7006
38545 5101
9537 7126
38545 5029
9537 6550
9537 7556
38545 5200
9537 6974
9537 6586
38545 5169
9537 6994
9537 6824
9537 6521
9537 7853
38545 5932
9537 6718
9537 6960
38545 5354
9537 6492
9537 6416
9537 6737
9537 6927
38545 5283
9537 6478
9537 6716
38545 6496
9537 6498
9537 6465
9537 6788
9537 6428
38545 4989
9537 6505
9537 7057
38545 5390
9537 6468
9537 6623
9537 6584
9537 6531
38545 4926
9537 6475
9537 6398
9537 6526
38545 4510
9537 6523
9537 6443
9537 7998
38545 6015
9537 6533
9537 6619
38545 5515
9537 6361
9537 6594
9537 6439
9537 6424
38545 6186
9537 6382
9537 6524
9537 6560
38545 3847
9537 6505
38545 6210
9537 6424
9537 6392
9537 6347
9537 6501
9537 7335
38545 5080
9537 6617
38545 4950
9537 6916
9537 6864
38545 6640
9537 6367
9537 6533
9537 6451
9537 6425
38545 5438
9537 7437
9537 6360
9537 6488
9537 6811
9537 6356
9537 6584
9537 6500
9537 6419
38545 6018
9537 6515
9537 6954
38545 4938
9537 6401
9537 6385
38545 4872
9537 6485
9537 6382
9537 6397
9537 6389
9537 6937
38545 5190
9537 6951
38545 3735
9537 6408
9537 6416
38545 5320
9537 6488
9537 6934
38545 5073
9537 6447
38545 3983
9537 7760
9537 6551
9537 6421
9537 6578
38545 4389
9537 6366
9537 6412
9537 6894
38545 4895
9537 6425
38545 5167
9537 6500
9537 6753
9537 6545
38545 5079
9537 6558
9537 6746
38545 5836
9537 6424
38545 6225
9537 6520
9537 6451
9537 6460
38545 5505
9537 6507
9537 6414
9537 6374
9537 6442
38545 3676
9537 6419
38545 3769
9537 7550
9537 6970
38545 5210
9537 6482
9537 6590
9537 6978
38545 6582
9537 6551
9537 6565
38545 3637
9537 6470
54407 950
13306 3827
13306 3811
9537 6389
9537 6411
9537 6861
9537 6411
9537 6511
9537 6571
38545 5165
9537 6526
9537 6903
38545 5113
9537 6398
9537 6449
9537 6388
9537 6839
38545 5413
9537 6408
9537 7220
9537 7326
38545 4973
9537 6401
9537 7012
38545 6774
9537 6417
9537 6400
9537 7108
38545 4937
54407 4024
9537 6498
9537 6464
9537 6353
38545 3761
9537 6404
9537 6385
9537 6578
9537 6441
38545 760
38545 3689
38545 3744
9537 6608
9537 6399
9537 6850
38545 1441
38545 3781
9537 6729
38545 3694
9537 6403
9537 6986
9537 6418
9537 6356
9537 6717
9537 6094
38545 2140
38545 4695
38545 5047
38545 3840
38545 3754
9537 6430
38545 5017
9537 6587
38545 5230
27280 3704
9537 6556
38545 3847
9537 6792
9537 6401
9537 6509
9537 6516
9537 6430
9537 7161
38545 4998
38545 3866
38545 3637
38545 3705
38545 3686
38545 4788
9537 6385
9537 6393
38545 4405
38545 5163
9537 6952
9537 6338
9537 6891
9537 6407
9537 6384
9537 6541
9537 6400
38545 3821
38545 3677
38545 3703
38545 3701
38545 4791
38545 2305
9537 6387
38545 3898
38545 4962
38545 6504
38545 6403
54407 6411
54407 6797
13306 2163
54407 6540
13306 3771
54407 6954
13306 4986
54407 6799
13306 5016
9537 6580
38545 4484
9537 6410
38545 3815
9537 6805
38545 3798
9537 6490
38545 5473
9537 6435
38545 4873
9537 6513
38545 4963
9537 6407
38545 3892
9537 6887
38545 5395
9537 6458
38545 3828
9537 6390
38545 3769
9537 6707
38545 4172
9537 6466
38545 3879
9537 7377
38545 5094
9537 7632
9537 6382
38545 3893
38545 3662
9537 6378
9537 6652
38545 46
9537 6485
9537 6384
38545 279
9537 6460
9537 7003
38545 3213
9537 6378
9537 6828
38545 477
9537 6387
9537 6416
38545 236
9537 6362
9537 6987
38545 1088
9537 6888
9537 6895
38545 1070
54407 6131
13306 3664
54407 7044
13306 5293
54407 6426
13306 4257
9537 6521
38545 4430
9537 6881
38545 4965
9537 6479
9537 6397
9537 6736
38545 79
38545 4726
9537 6383
9537 6399
9537 6488
38545 3707
38545 3695
38545 3681
9537 6548
38545 4114
9537 6890
38545 4365
9537 6572
9537 6388
9537 6817
9537 6377
38545 115
38545 3713
38545 3813
9537 6354
38545 5216
9537 6851
9537 6822
38545 435
9537 6383
38545 3709
9537 6406
9537 6403
38545 1824
9537 6457
9537 7434
38545 3215
9537 5038
9537 6548
38545 19
9537 7017
38545 5149
9537 6806
9537 6422
9537 6379
9537 6567
38545 3792
38545 5129
38545 3624
38545 3678
9537 6527
9537 7107
38545 4981
38545 5193
9537 6406
9537 6430
38545 3685
38545 4151
9537 58233
9537 7187
38545 677
9537 6650
38545 3804
9537 6588
38545 5129
9537 6373
9537 6344
38545 3817
38545 5019
9537 6542
38545 3727
9537 6390
38545 3684
9537 7437
9537 6408
38545 3760
38545 3966
9537 6533
38545 3707
9537 6480
38545 5016
9537 6358
38545 3725
54407 6572
13306 3712
54407 6398
13306 4249
54407 6601
13306 5211
54407 9011
13306 7033
54407 6362
13306 3781
54407 6748
13306 5529
9537 6902
38545 4895
9537 6384
9537 6390
9537 6549
9537 6471
38545 327
38545 685
9537 6989
38545 5411
9537 6822
9537 6618
38545 1618
9537 6428
9537 6394
38545 426
9537 6675
38545 5307
9537 6429
9537 6583
38545 932
9537 6482
9537 6471
38545 767
9537 6519
9537 6617
38545 4476
38545 3923
9537 6371
38545 4875
9537 6455
38545 4663
9537 6377
9537 6961
38545 1420
9537 6774
9537 6578
38545 5223
38545 3662
9537 6411
38545 3799
9537 6406
38545 3689
9537 6615
9537 6465
38545 3795
38545 3755
9537 7064
38545 3661
54407 6816
13306 5815
54407 7583
13306 5817
54407 6249
13306 518
9537 6383
38545 5498
9537 6562
9537 6894
38545 5312
38545 3813
9537 6496
38545 3681
9537 6384
38545 3650
9537 6411
38545 5015
9537 6396
9537 7141
38545 1842
9537 6381
38545 3649
9537 6555
38545 3695
9537 6395
9537 6425
38545 3862
38545 3697
9537 6591
38545 5130
9537 8034
38545 4396
9537 6424
9537 6843
38545 1339
9537 6690
9537 6772
38545 130
9537 6822
9537 7017
38545 5031
38545 3798
9537 7141
38545 5406
9537 5142
38545 5262
9537 6524
38545 3637
9537 6541
38545 5139
9537 6421
38545 4969
9537 7896
38545 5943
9537 6487
9537 14849
38545 12721
54407 10785
9537 6572
9537 6797
38545 5193
9537 8059
9537 6435
38545 4988
9537 6364
38545 3684
9537 7105
38545 5082
9537 6530
9537 6498
9537 6793
38545 6362
9537 6460
9537 6410
38545 4284
9537 6481
38545 3642
9537 6407
38545 5223
9537 6510
9537 6486
38545 4991
9537 6840
9537 6735
38545 4928
9537 6369
9537 7043
38545 5182
9537 6393
9537 7056
38545 4962
9537 6410
38545 3869
9537 7843
38545 4286
9537 6863
38545 5198
38545 6416
9537 3778
38545 6796
9537 302
38545 4919
9537 4704
38545 6280
9537 6652
38545 4362
9537 6479
9537 6607
38545 2305
9537 6444
9537 7344
38545 3227
9537 6496
9537 6783
38545 1717
46400 5118
27280 3852
9537 6380
9537 6537
38545 3944
38545 4135
9537 7974
9537 6714
38545 1424
9537 6475
9537 6520
38545 3846
9537 6524
9537 6883
38545 5077
9537 6503
9537 6997
38545 5083
9537 6515
9537 6622
38545 5012
9537 6962
9537 6368
38545 4836
9537 6531
9537 7113
38545 5203
9537 6516
38545 4101
9537 6388
9537 6517
9537 7209
38545 5179
9537 6549
9537 7049
38545 5321
9537 8413
9537 6433
38545 6056
9537 6750
9537 6552
9537 6650
38545 5055
9537 6465
9537 6869
38545 5206
9537 6553
9537 7050
38545 5905
9537 6481
9537 19474
38545 17085
9537 6408
9537 6711
38545 5315
9537 6546
9537 6385
38545 6171
9537 6487
9537 6986
38545 5132
9537 6537
9537 6546
38545 3767
9537 6548
9537 6455
9537 7575
38545 5908
9537 8136
9537 6525
38545 4328
9537 6649
38545 5281
9537 6420
9537 6786
38545 5113
9537 6553
9537 6477
38545 5007
9537 6415
9537 6584
38545 4054
9537 6381
9537 6443
38545 6256
9537 6540
9537 6983
38545 4846
9537 6543
9537 6524
38545 5411
9537 7119
9537 6732
38545 4922
9537 6420
9537 6523
38545 5047
9537 6556
9537 6425
38545 3944
9537 7652
9537 6913
38545 5321
9537 6512
9537 6899
38545 5320
9537 6678
9537 6690
38545 5404
9537 6984
9537 6425
38545 5024
9537 6503
9537 6932
38545 5015
9537 6642
9537 6847
38545 4914
9537 6963
9537 7073
38545 5091
9537 6529
9537 7105
38545 5067
9537 6563
9537 7655
38545 5557
9537 6397
9537 6511
38545 4586
9537 6412
9537 8316
38545 6253
9537 6401
9537 6989
38545 4921
9537 6371
9537 6408
9537 6421
9537 7027
38545 5600
9537 6410
9537 6420
38545 5251
9537 6380
9537 6796
38545 5118
9537 6355
9537 6420
38545 4874
9537 6703
9537 6561
38545 5085
9537 6535
9537 6546
38545 5307
9537 6392
9537 6713
38545 4920
9537 6419
9537 6423
38545 4876
9537 7535
9537 7006
38545 4987
9537 6503
9537 6468
38545 3657
9537 6942
9537 6817
38545 5005
38545 6036
38545 3752
38545 3834
38545 3924
38545 6078
38545 3736
38545 3909
38545 6079
27280 3708
27280 3946
27280 3830
9537 4603
9537 6426
38545 5027
9537 7176
9537 6375
9537 6351
9537 4962
38545 5434
9537 6390
9537 6487
38545 6052
9537 6401
38545 3597
9537 7197
9537 6378
9537 6410
9537 6774
9537 6382
9537 6392
9537 6364
9537 6378
9537 6814
38545 5179
9537 6417
9537 6412
38545 857
9537 6394
38545 3642
9537 7023
38545 5106
9537 6904
9537 6528
38545 384
9537 6558
38545 3837
9537 6835
9537 6476
38545 2425
38545 5995
9537 3680
38545 5335
38545 3652
9537 6607
38545 3678
9537 6672
9537 6375
38545 3694
38545 3650
9537 6449
9537 6529
38545 4317
38545 3858
9537 1182
38545 3774
38545 4758
9537 6504
9537 6559
38545 4053
38545 5543
9537 6567
38545 4991
9537 3674
38545 3698
38545 4025
44995 3859
44995 6187
9537 6678
38545 3836
9537 6430
9537 2499
38545 842
38545 3689
9537 3833
9537 6486
9537 6447
38545 4841
38545 3773
9537 6444
9537 4818
38545 5026
38545 3766
9537 6572
9537 6574
38545 3670
38545 3642
9537 6604
9537 3925
38545 3644
38545 3774
9537 6683
9537 6401
38545 3715
38545 4095
9537 6421
9537 4765
9537 6475
38545 3808
38545 3778
38545 3702
9537 6883
38545 5254
9537 535
38545 3726
38545 3647
9537 1386
9537 6413
9537 3661
38545 3688
38545 3746
38545 3788
38545 4651
9537 996
38545 3673
38545 3831
9537 7003
9537 6544
38545 4217
38545 3654
9537 4014
59160 3732
59160 4081
59160 6084
44995 3934
9537 6681
9537 3861
38545 3692
38545 4703
9537 6508
9537 6472
38545 4679
38545 5388
9537 222
38545 3660
38545 3931
9537 6514
9537 7045
38545 2582
9537 6546
9537 3740
38545 3787
38545 3686
9537 6534
38545 3704
9537 6439
38545 5368
9537 6642
9537 4791
38545 539
9537 6573
9537 6448
38545 222
9537 6572
9537 3867
9537 6443
38545 4086
38545 3809
38545 3747
9537 7045
38545 5080
9537 7067
9537 3741
38545 3944
38545 4805
9537 572
38545 4098
38545 3781
9537 6642
9537 6643
38545 345
9537 3675
38545 3696
9537 3691
38545 3719
9537 6527
38545 4157
38545 3845
9537 4655
9537 6564
38545 3893
9537 6603
9537 6610
38545 5154
9537 7415
9537 6925
38545 5311
9537 6444
9537 6647
38545 5272
9537 7264
9537 6566
38545 6100
9537 6478
9537 6654
38545 4970
9537 6430
9537 7285
38545 5368
9537 7088
9537 6952
38545 5324
9537 6705
9537 6552
38545 4569
9537 6425
9537 7002
38545 5299
9537 6932
9537 6597
38545 6422
9537 6984
38545 5136
9537 6606
9537 7185
38545 5360
9537 6753
38545 5116
9537 6461
38545 243
38545 3796
38545 8279
38545 3694
9537 6864
9537 6859
38545 6471
38545 4896
38545 3754
38545 4718
9537 6665
9537 3896
38545 3734
38545 3340
38545 3780
38545 3873
38545 6154
9537 6707
9537 6975
38545 5208
9537 6449
9537 8186
38545 6576
9537 6683
9537 6622
38545 5404
9537 6564
9537 5053
38545 3624
9537 6567
9537 6474
38545 6206
9537 7922
9537 6555
38545 4390
9537 6538
9537 6921
38545 5750
9537 6681
9537 6578
38545 5330
9537 6680
38545 4955
9537 6561
38545 4590
9537 6806
9537 6854
38545 4939
9537 6417
9537 7041
38545 5457
9537 6668
9537 7032
38545 5180
9537 6558
9537 6631
38545 4955
9537 6547
38545 3644
9537 6427
9537 6422
38545 4953
9537 7693
9537 7074
38545 5129
9537 6610
9537 6390
38545 5342
9537 3610
9537 561
9537 3703
9537 3660
9537 3842
9537 3955
9537 3822
9537 4653
9537 5015
9537 152
9537 4173
38545 3744
44995 4624
44995 5268
9537 3946
59160 4083
59160 3770
59160 6620
44995 4866
38545 3831
9537 4049
27280 6170
38545 6594
46400 6437
46400 8438
27280 6892
46400 6395
9537 5189
9537 6405
9537 7007
38545 5124
9537 6404
9537 6502
9537 6391
9537 6850
38545 6671
9537 6834
9537 6409
38545 4915
9537 6589
9537 6852
38545 4931
9537 6372
9537 6953
38545 5294
9537 6524
9537 6437
38545 4992
9537 6449
9537 7064
38545 5318
9537 6413
9537 6397
9537 6969
38545 5109
9537 6513
9537 7553
9537 6439
38545 5462
9537 6374
9537 6626
38545 5146
9537 6459
9537 6430
38545 6261
9537 6650
38545 4039
9537 6450
9537 7268
38545 5350
9537 6399
9537 6639
38545 5050
9537 6388
9537 6423
38545 6226
9537 6385
9537 6544
38545 6123
9537 6426
9537 7016
38545 6735
9537 6838
9537 6471
9537 6583
38545 4671
9537 6453
9537 8042
9537 6478
38545 3813
9537 6409
9537 6465
9537 6514
9537 6581
38545 5419
9537 6390
9537 7171
38545 5936
9537 6985
9537 6922
38545 5752
9537 6368
9537 7079
38545 4951
9537 6569
9537 6489
9537 6580
9537 7099
38545 5215
9537 6481
9537 6379
9537 6476
9537 6806
38545 5085
9537 6537
9537 7038
38545 5400
9537 6420
9537 6670
38545 5188
9537 7687
9537 6431
38545 5228
9537 6401
9537 6890
38545 5099
9537 6485
9537 7011
9537 6630
9537 7212
38545 5193
9537 6389
9537 6933
38545 5155
9537 6695
9537 6905
38545 5263
9537 6806
9537 7030
38545 5069
9537 6582
9537 6868
38545 5418
9537 6383
9537 7877
38545 6596
9537 6392
38545 5231
9537 6485
9537 6956
38545 5144
9537 7547
9537 6603
38545 6463
9537 6578
9537 6456
38545 6207
27280 4248
9537 6408
9537 6521
9537 6420
38545 4201
38545 3745
9537 6700
9537 6381
38545 1047
9537 6466
9537 7061
38545 3378
9537 6416
38545 3804
9537 7005
38545 5375
9537 6776
9537 6511
38545 1202
9537 6370
9537 6919
38545 871
9537 7531
9537 5744
38545 5136
38545 6029
9537 6384
9537 6528
38545 1719
9537 7258
38545 4742
9537 6548
38545 5390
9537 6471
9537 6593
38545 197
9537 6357
9537 6676
38545 1197
9537 7099
38545 3672
9537 6688
9537 6363
38545 354
9537 6484
38545 5315
9537 6404
38545 4749
9537 6414
38545 3700
9537 7185
38545 3828
9537 6607
9537 6422
9537 6396
38545 3793
38545 3956
38545 3947
9537 6382
38545 3673
9537 6885
9537 6820
38545 5190
38545 5524
9537 6636
38545 3767
9537 6479
38545 3844
9537 6435
38545 3967
38545 3861
9537 6655
9537 6898
38545 1547
9537 6416
38545 3628
9537 6457
38545 3627
9537 6374
9537 6488
38545 109
9537 6337
9537 6564
38545 687
9537 6361
9537 6816
38545 24
9537 6558
9537 7333
38545 2740
9537 6447
38545 3643
9537 7435
38545 5058
9537 6518
38545 5198
9537 6363
38545 3782
9537 6457
9537 6994
38545 3193
9537 6557
9537 6764
38545 5548
9537 6553
38545 6373
9537 6442
9537 6978
9537 6965
38545 4938
9537 6665
38545 4976
9537 6380
9537 6389
9537 6395
38545 3649
9537 7100
38545 4908
9537 6730
9537 6469
38545 6284
9537 6405
9537 7009
38545 5386
9537 6426
9537 6370
38545 3639
9537 6413
9537 7111
38545 4930
9537 6361
9537 6982
38545 4935
9537 6910
9537 6490
38545 3649
9537 6408
9537 6387
9537 6595
38545 5453
9537 7305
38545 6044
9537 6446
9537 6392
9537 6901
38545 5085
9537 6605
9537 6401
38545 5433
9537 6378
9537 6962
38545 5339
9537 6522
9537 6394
38545 4803
9537 6408
9537 6812
38545 5127
9537 6433
38545 5260
9537 6378
9537 6554
9537 6419
38545 6185
9537 6420
9537 6920
38545 5181
9537 7089
9537 6750
38545 5039
9537 6578
9537 7328
38545 5946
9537 6418
38545 5275
9537 6488
9537 6379
38545 3681
9537 6361
9537 6744
38545 5290
9537 6410
9537 6847
38545 6418
9537 6404
9537 6844
38545 6632
9537 6413
9537 6497
38545 6278
9537 6394
9537 6401
38545 5021
9537 6393
9537 6960
38545 5224
9537 6587
9537 6429
38545 5128
9537 6396
9537 6856
38545 4912
9537 6428
9537 7482
38545 5645
9537 6390
9537 6406
38545 5194
9537 6558
9537 6413
38545 6180
9537 6377
9537 7031
38545 5082
9537 6383
9537 6412
38545 6023
9537 6767
9537 6443
38545 3607
9537 6480
9537 6360
38545 4887
9537 6383
9537 6386
9537 6924
38545 4923
9537 6918
9537 6649
38545 5034
9537 6398
9537 6531
38545 5027
9537 6360
9537 6452
38545 5366
9537 7028
9537 6372
38545 4871
9537 6405
38545 3628
9537 6404
9537 6442
9537 6569
38545 6112
9537 6547
9537 6392
38545 6261
9537 6378
9537 6498
38545 6317
9537 6401
9537 7234
38545 6712
9537 6422
9537 6424
38545 6228
9537 6420
9537 6415
38545 3636
9537 6450
9537 6710
38545 6440
9537 6432
9537 7004
38545 5071
9537 6412
9537 7625
38545 5921
9537 6388
9537 6668
38545 5602
9537 6356
9537 7003
38545 5056
9537 6531
9537 6386
38545 4932
9537 6533
9537 6415
38545 6154
9537 6548
9537 6992
38545 5058
9537 6378
9537 7399
38545 5418
9537 6944
9537 6937
38545 5091
9537 6698
9537 6644
38545 5468
9537 6395
9537 6528
38545 6105
9537 6451
9537 7017
38545 4961
9537 6884
9537 6426
38545 6086
9537 6419
9537 6696
38545 5079
9537 6675
38545 5022
9537 6390
9537 6484
9537 6794
38545 5493
9537 6396
9537 6929
38545 5218
9537 6616
38545 5138
9537 6705
9537 6356
9537 6931
38545 5182
9537 6445
9537 6903
38545 5172
9537 6362
9537 6545
38545 6147
9537 6355
9537 6468
38545 6298
9537 6365
9537 6490
38545 6310
9537 7927
38545 5606
9537 6501
9537 6397
9537 6943
38545 5206
9537 6467
9537 6531
38545 4419
9537 6514
9537 6429
38545 5209
9537 6545
9537 6940
38545 5167
9537 8194
38545 5041
9537 6371
9537 6396
9537 6935
38545 5230
9537 6518
9537 7185
38545 4804
9537 6485
38545 5024
9537 6384
9537 6426
9537 7044
38545 5337
9537 6481
9537 8489
38545 7010
9537 7203
38545 5677
9537 6383
9537 6582
38545 4818
9537 6433
9537 6925
38545 5216
9537 6402
9537 6423
38545 4960
9537 6444
9537 6520
38545 6166
9537 6473
9537 6690
38545 5985
9537 6536
9537 6544
38545 6195
9537 6510
9537 6820
38545 6599
9537 6569
9537 6925
38545 3604
9537 6418
9537 6433
38545 6307
9537 6860
9537 8426
38545 6764
9537 6413
9537 6394
38545 6180
9537 6466
9537 6416
38545 4187
9537 6799
9537 6753
38545 6155
9537 6739
9537 7031
38545 5080
9537 6477
9537 6615
38545 5124
9537 6474
9537 6749
38545 4936
9537 6651
9537 7026
38545 5338
9537 6553
9537 6533
38545 4071
9537 6376
9537 6389
38545 5257
9537 6945
9537 6686
38545 5079
9537 7557
9537 6426
38545 4938
46400 6323
27280 3903
9537 6388
9537 6451
38545 4809
9537 6838
9537 7075
38545 5307
9537 6379
9537 6585
38545 3767
9537 6375
9537 6600
38545 5193
9537 6421
9537 6464
38545 4888
9537 6564
9537 6371
38545 5237
9537 6824
9537 7065
38545 5411
9537 6841
9537 6863
38545 5142
9537 6539
9537 6404
38545 5050
9537 8046
9537 6393
38545 6123
9537 6425
9537 6667
38545 5093
9537 6434
9537 7265
38545 5160
9537 6617
9537 6345
38545 4859
9537 6560
9537 7050
38545 5134
9537 6450
9537 6362
38545 4853
9537 6511
9537 6886
38545 5180
9537 6523
9537 7053
38545 4983
9537 7335
9537 7084
38545 5360
9537 6856
9537 6413
38545 5319
9537 6387
9537 6540
9537 7730
38545 6506
9537 6383
38545 5260
9537 6447
9537 6387
9537 6411
38545 6252
9537 6402
38545 3777
9537 6376
9537 6787
9537 6508
38545 6259
9537 6572
9537 6422
38545 6213
9537 6409
9537 6408
38545 6029
9537 6554
9537 6406
38545 6229
9537 6395
9537 7212
38545 5350
9537 6362
38545 6193
9537 6383
9537 6404
9537 6495
38545 4956
9537 7525
9537 6468
38545 4114
9537 6474
9537 6423
38545 6274
9537 6400
9537 6371
38545 5284
9537 6414
9537 6408
38545 6182
9537 6529
38545 5027
9537 6413
9537 6498
9537 6745
38545 5728
9537 6379
9537 7764
38545 6036
9537 6960
9537 6582
38545 5263
9537 6406
9537 6525
38545 6277
9537 6568
9537 6690
38545 6801
9537 6386
9537 6393
38545 6132
9537 7330
9537 6494
38545 5315
9537 6502
9537 6646
38545 5034
9537 6835
9537 6509
38545 4359
9537 6405
9537 6980
38545 5578
9537 6494
9537 6543
38545 5314
9537 6519
9537 6423
38545 4871
9537 6469
9537 6541
38545 6316
9537 6738
9537 6393
38545 4972
9537 6557
9537 6410
38545 6153
9537 6694
38545 5043
9537 6398
9537 6521
38545 6334
9537 7242
9537 6427
38545 3577
9537 6389
9537 6409
9537 6344
38545 5361
9537 6395
38545 4987
9537 6397
9537 6661
9537 6609
38545 4920
9537 6935
9537 7494
38545 5868
9537 6400
9537 6404
38545 6164
9537 6503
9537 6444
38545 6232
9537 6413
9537 6629
38545 5039
9537 6543
9537 6518
38545 6119
9537 6523
9537 6416
38545 6156
9537 7287
9537 6399
38545 6205
9537 6384
9537 6403
38545 6193
9537 6509
9537 6836
38545 5157
9537 6426
9537 6698
38545 5046
9537 6367
9537 6406
38545 3704
9537 6383
38545 6119
9537 6350
38545 5137
9537 6397
9537 6299
38545 6134
38545 3697
26920 6207
44995 3751
44995 6068
9537 6389
9537 6430
9537 6392
9537 6450
9537 7013
9537 3702
38545 3770
59160 3770
59160 4778
37116 3649
37116 6437
59160 3845
44995 3615
26920 3780
38545 6130
38545 3796
38545 6196
38545 6410
9537 527
9537 3677
38545 6588
9537 4383
38545 6470
9537 1703
9537 71
38545 3594
38545 3647
38545 4740
9537 6383
9537 7111
9537 6431
38545 6301
9537 6427
9537 7251
9537 6446
9537 6372
9537 6383
38545 4858
9537 6421
9537 6385
38545 3585
9537 6392
9537 6539
38545 6269
9537 6369
9537 6465
38545 4962
9537 6510
9537 6437
38545 6261
9537 6399
9537 6443
38545 6041
9537 6414
9537 6460
38545 6236
27280 3686
9537 6472
9537 6413
38545 6131
9537 6474
9537 6547
38545 6388
9537 6436
27280 4739
27280 5569
44995 3659
44995 3732
46400 6666
46400 6394
46400 6392
46400 6369
46400 6406
46400 6835
27280 3652
46400 6509
46400 6368
46400 6440
46400 6818
27280 6637
46400 6811
46400 6411
27280 6027
38545 5178
38545 3866
46400 6463
27280 6254
46400 6803
27280 5193
46400 6838
46400 6444
27280 6266
46400 6405
46400 6932
27280 5066
46400 6844
46400 6573
27280 6400
46400 7099
27280 5483
46400 6434
27280 6245
46400 6396
46400 6437
27280 6139
46400 6478
46400 6403
27280 4849
46400 6793
46400 6393
27280 4839
46400 6526
46400 6861
27280 5210
46400 6965
27280 4933
46400 6615
27280 6431
46400 6386
46400 6409
27280 6038
46400 6448
27280 6122
46400 6424
46400 6771
27280 5183
46400 6744
46400 6419
27280 6098
46400 7134
46400 6702
27280 6463
46400 6412
46400 4894
27280 3772
46400 6347
46400 6417
27280 6128
46400 6444
27280 5114
46400 6523
38545 4834
38545 6854
59160 4931
59160 3650
59160 4740
44995 5093
27280 3786
46400 6765
46400 6737
27280 6401
46400 6357
46400 6389
27280 5042
9537 3724
9537 3649
46400 6413
46400 6365
27280 5197
46400 6395
46400 7554
27280 7305
46400 6352
27280 4880
46400 6569
27280 5610
38545 4951
46400 6412
46400 6426
27280 6101
46400 6851
27280 5215
46400 6484
27280 6665
46400 6416
27280 6208
46400 6446
46400 6411
27280 6165
46400 6553
46400 6972
27280 5466
46400 6372
46400 6361
27280 4824
46400 6426
46400 6749
27280 4919
46400 6745
27280 4947
46400 6363
27280 3722
46400 7009
27280 6803
46400 6410
27280 6068
46400 6704
27280 5087
46400 6388
27280 5138
46400 6484
27280 3617
46400 6805
27280 5215
46400 6961
27280 5088
46400 6429
27280 6201
27280 4371
46400 6435
46400 6732
27280 5076
46400 6530
27280 6161
46400 6479
27280 5005
46400 6843
46400 6376
27280 6160
46400 6540
27280 4936
46400 7460
27280 6175
46400 6473
27280 3616
46400 7021
27280 5618
46400 6928
27280 4941
38545 3796
9537 3599
9537 4629
46400 6419
46400 7026
27280 5396
46400 6562
46400 6442
27280 6040
46400 6374
46400 6974
27280 5087
46400 6412
46400 6388
27280 5187
46400 6503
27280 3812
46400 6396
27280 6231
46400 6392
46400 6436
27280 4783
9537 6749
9537 6440
9537 6184
38545 6076
46400 6974
27280 5199
46400 6970
27280 5528
46400 6381
46400 6417
27280 5147
46400 6884
27280 4920
46400 7006
27280 5084
46400 6529
46400 6950
27280 5278
46400 6469
27280 3595
46400 6483
27280 5248
46400 6606
46400 6479
27280 5120
46400 6400
46400 3637
27280 3628
46400 6704
46400 6429
27280 6076
46400 6393
27280 6240
46400 7683
27280 5901
46400 6359
46400 6382
27280 6093
9537 6763
46400 6411
46400 6401
27280 5402
46400 6445
46400 6424
27280 5320
46400 6385
27280 6139
46400 6813
27280 4947
46400 6372
46400 6459
27280 6117
46400 6419
46400 6753
27280 5061
46400 6566
46400 6406
27280 3641
46400 6481
46400 6927
27280 4910
46400 6893
27280 5008
46400 6743
46400 6910
27280 4897
46400 6464
9537 6385
38545 4833
46400 6395
46400 7095
27280 6683
46400 4682
27280 4953
46400 6415
46400 6381
27280 4862
46400 6869
46400 6820
27280 5193
46400 6410
46400 7200
27280 5356
46400 6395
46400 6397
27280 6121
46400 6393
27280 6237
46400 6818
46400 6388
27280 5349
46400 7523
46400 6389
27280 6099
46400 6411
46400 7373
27280 5363
46400 6435
27280 6290
9537 4261
46400 6383
46400 6812
27280 5305
46400 6797
46400 6445
27280 6026
46400 6418
46400 6550
27280 5310
46400 6386
46400 6747
27280 5208
46400 6502
46400 3782
27280 3635
46400 6396
46400 6393
27280 3624
38545 6259
46400 6390
46400 6410
27280 6610
46400 6369
46400 6407
27280 6197
46400 6498
46400 6804
27280 5214
46400 6374
46400 6866
27280 5194
46400 7176
46400 6676
27280 5098
46400 6427
46400 6512
27280 6293
46400 6559
46400 7041
46400 7262
27280 4981
46400 6382
46400 6475
46400 6389
27280 6057
46400 6450
46400 6426
27280 4871
46400 6400
46400 7685
27280 6184
46400 6365
46400 6984
27280 4916
46400 740
27280 3643
46400 6557
46400 6452
27280 6030
46400 6793
46400 6496
27280 6334
46400 6870
46400 6705
27280 4805
46400 6375
46400 6428
27280 6242
46400 6387
46400 7003
27280 5109
46400 6835
46400 6932
27280 5172
46400 6464
46400 6524
27280 6067
46400 6471
46400 6643
27280 5047
46400 6431
46400 6771
27280 5168
46400 6465
46400 7044
27280 5184
46400 6476
46400 6861
27280 4948
46400 6368
46400 6381
27280 4792
46400 6584
46400 6918
27280 5023
46400 6392
27280 5383
46400 6410
46400 6782
27280 5096
46400 6390
46400 6874
27280 4928
46400 6431
46400 6906
27280 5075
46400 6376
46400 7407
27280 5839
46400 6404
46400 6384
27280 6116
46400 6380
46400 6684
27280 5061
46400 6382
46400 6409
27280 6244
46400 6669
46400 6370
27280 5186
46400 6393
46400 6400
27280 5236
46400 6384
46400 7297
27280 5597
46400 6388
46400 7026
27280 4918
46400 6386
46400 6451
27280 6284
46400 6511
46400 6750
27280 5053
46400 6389
46400 6883
46400 6428
27280 6140
46400 6543
46400 6504
27280 6353
46400 6628
46400 6392
27280 6185
46400 6514
46400 6941
27280 5112
46400 6381
46400 6767
27280 5088
46400 6463
46400 6434
27280 6058
46400 6457
46400 6434
27280 6178
46400 7071
46400 6981
27280 5074
46400 6387
46400 6379
27280 6035
46400 6421
27280 4881
46400 6433
46400 7019
27280 5210
46400 6467
46400 6710
27280 5066
46400 6396
46400 6663
27280 5049
46400 6938
27280 5072
46400 6395
46400 6406
27280 4887
46400 6430
46400 6394
27280 5406
46400 7110
46400 6574
27280 5107
46400 6437
46400 6445
27280 6189
46400 7042
46400 6394
27280 6150
46400 6382
46400 6386
27280 6072
46400 6418
46400 6591
27280 6311
46400 6378
46400 6388
27280 4893
46400 6645
46400 6582
27280 5117
46400 6405
46400 6435
27280 6232
46400 6439
46400 6417
27280 6278
46400 6394
46400 6759
27280 6573
46400 6794
46400 6890
27280 5086
46400 6456
46400 6408
27280 6207
46400 6441
46400 7088
27280 5839
46400 6382
46400 6385
27280 5306
46400 6413
46400 6428
27280 6012
46400 6448
46400 6341
27280 4883
46400 6570
46400 7013
27280 6129
46400 6409
46400 6392
27280 6253
9537 4587
46400 6520
46400 6409
27280 6123
46400 6525
46400 6470
27280 4565
46400 6501
46400 6377
27280 6204
46400 6419
46400 6406
27280 6234
46400 6433
27280 6271
46400 7160
46400 6383
27280 4882
46400 6855
46400 6438
27280 6146
46400 6409
46400 6552
27280 6372
46400 6382
46400 6437
27280 6033
46400 6877
27280 6661
46400 6373
46400 6409
27280 6035
46400 6413
46400 6417
27280 6049
46400 6839
46400 6423
27280 6256
46400 6502
46400 6385
9537 6758
27280 4900
46400 6409
46400 6475
27280 6334
46400 7006
46400 6402
27280 6191
46400 6389
46400 6366
27280 6168
46400 6376
46400 6400
27280 6045
46400 6406
46400 6416
27280 6222
46400 6418
46400 6521
27280 5094
46400 6379
46400 6408
27280 6232
46400 6442
46400 7461
27280 5774
46400 6380
46400 6389
27280 6229
46400 6377
46400 6945
27280 4919
46400 6390
46400 6870
27280 6599
46400 6366
46400 6571
27280 5105
46400 6934
46400 6535
27280 5059
46400 6376
46400 6546
27280 6223
46400 6354
46400 6418
27280 6070
46400 6358
46400 6529
27280 6231
46400 6384
46400 6486
46400 6521
27280 5328
27280 5054
46400 6363
46400 6497
27280 6042
46400 6377
46400 6346
46400 6757
27280 4930
46400 6717
27280 5632
46400 6369
46400 6437
27280 5260
46400 6486
46400 6429
46400 7689
27280 5490
46400 6833
27280 6688
46400 6359
46400 7442
27280 6164
46400 6391
46400 6547
46400 6529
27280 5064
46400 7216
27280 6961
46400 6781
46400 7327
27280 5413
46400 6359
46400 6447
46400 6400
27280 6148
46400 6929
27280 4921
46400 6517
46400 6392
27280 5444
46400 6519
46400 6861
46400 6904
27280 5233
46400 6421
27280 6142
46400 6491
46400 7591
27280 5476
46400 6464
46400 6396
27280 5331
46400 6375
46400 6415
46400 7228
27280 6967
46400 6612
27280 5031
46400 6411
46400 6823
27280 4933
46400 6368
46400 6417
46400 6958
27280 5240
46400 6877
27280 6439
46400 6614
46400 6951
27280 5110
46400 6406
46400 6537
46400 6577
46400 6392
46400 6393
46400 6822
27280 4975
46400 6372
46400 6530
46400 6971
27280 6559
46400 6797
27280 6393
46400 6361
46400 6409
27280 5237
46400 6559
46400 6394
27280 6074
46400 6388
46400 6850
27280 6637
46400 6402
46400 6404
27280 5415
46400 6374
46400 6744
27280 5257
46400 6407
46400 6523
46400 6719
27280 5075
46400 6615
27280 5025
46400 6518
46400 7647
27280 6272
46400 6365
46400 6503
46400 6886
27280 5219
46400 7432
27280 5712
46400 6405
46400 6835
46400 6398
27280 6050
46400 6397
27280 6204
46400 6393
46400 6648
27280 5058
46400 6566
46400 6467
46400 6610
27280 5096
46400 6844
27280 4820
46400 6402
46400 6630
27280 5030
46400 6386
46400 6493
27280 6054
46400 6840
46400 6432
27280 6264
46400 6379
46400 6399
27280 6236
46400 6828
38545 5302
46400 6398
46400 7010
46400 6670
27280 5047
46400 6372
46400 6417
46400 6502
27280 5022
46400 6440
27280 5301
46400 6451
46400 6482
27280 6238
46400 6379
46400 6376
46400 6365
27280 4886
46400 6977
27280 5192
46400 6557
46400 6524
27280 6158
46400 6398
46400 6913
46400 7013
27280 5201
46400 6673
27280 5043
46400 6546
46400 6366
27280 6113
46400 6371
46400 6450
27280 5233
46400 7039
46400 6405
46400 6545
27280 6114
46400 6396
46400 6423
27280 6028
46400 6836
27280 6522
46400 6394
46400 6851
27280 6591
46400 6454
46400 6403
46400 6498
27280 5312
46400 6394
27280 6098
46400 6408
46400 6424
27280 5076
46400 6389
46400 6399
46400 6351
27280 6116
46400 6542
27280 3666
46400 6361
46400 6672
27280 5029
46400 6428
46400 7220
27280 5625
46400 6827
46400 6388
46400 6851
27280 6672
46400 6386
27280 5067
46400 6433
46400 6368
46400 7061
27280 5040
46400 6854
46400 6394
27280 5265
46400 6609
46400 6536
46400 7600
27280 6317
46400 6411
27280 5993
46400 6717
46400 6426
27280 6252
46400 6376
46400 6373
46400 6377
27280 6109
46400 6396
27280 6086
46400 6429
46400 7019
27280 5653
46400 6387
46400 6404
27280 6021
46400 6904
46400 6345
46400 6539
27280 6180
46400 6427
27280 5167
46400 6405
46400 6439
27280 6197
46400 7149
46400 6462
46400 6700
27280 5067
46400 6469
27280 3596
46400 6370
46400 6830
27280 6668
46400 6412
46400 6526
46400 6749
27280 5033
46400 6435
46400 6832
46400 7017
27280 5194
46400 6445
46400 6914
46400 6934
27280 5069
46400 6425
27280 6222
46400 6422
46400 6636
27280 5249
46400 6537
46400 6353
46400 6410
27280 5393
46400 6375
27280 4882
46400 6760
46400 6596
27280 6379
46400 6399
46400 6498
46400 6911
27280 5189
46400 6836
27280 5047
46400 6403
46400 6718
27280 5042
46400 6925
46400 6519
46400 6508
27280 5044
46400 6492
46400 6728
46400 7247
27280 5572
46400 6861
46400 6438
27280 6517
46400 6385
46400 6369
46400 6437
27280 6120
46400 6702
27280 4911
46400 6554
46400 6532
27280 6143
46400 6493
46400 6475
46400 6866
27280 5061
46400 6666
27280 4636
46400 6354
46400 6389
27280 6227
46400 6510
46400 6366
46400 6370
27280 4863
46400 6494
27280 6087
46400 6847
46400 6392
27280 4866
46400 6962
46400 6368
46400 6389
27280 4790
46400 6995
27280 5516
46400 6818
46400 6435
27280 6277
46400 6423
46400 6439
46400 6525
27280 6302
46400 6397
46400 6374
46400 6653
27280 6414
46400 6823
46400 6663
46400 6827
27280 4920
46400 6492
27280 6095
46400 6479
46400 7064
27280 4955
46400 7164
46400 6431
46400 6360
27280 6100
46400 6382
27280 4888
46400 6985
46400 6920
27280 5073
46400 6953
46400 6721
27280 5016
46400 6367
46400 6870
46400 6844
27280 4930
46400 6395
46400 6421
27280 6239
46400 6428
27280 6261
46400 6410
46400 6884
46400 6835
27280 5220
46400 6439
27280 5148
46400 6497
46400 6413
27280 4871
46400 6399
46400 6391
46400 6431
27280 6221
46400 6727
46400 6788
27280 5166
46400 6532
27280 6368
46400 8434
46400 6680
46400 6476
27280 4985
46400 6564
27280 6234
46400 6662
46400 6401
27280 4098
46400 6647
46400 6423
27280 5279
46400 6531
46400 6384
27280 5334
46400 6372
46400 7047
27280 5354
46400 6547
46400 6420
27280 6254
46400 7871
46400 6688
46400 6458
27280 5099
46400 6423
27280 6146
46400 6421
46400 6585
46400 6402
27280 4295
46400 8166
46400 6644
27280 4964
46400 6419
46400 6533
46400 6867
27280 5248
46400 6563
46400 6486
46400 6377
27280 3594
46400 6600
27280 5523
46400 6404
46400 6499
27280 5375
46400 6450
46400 6482
46400 6425
27280 6189
46400 6407
27280 5113
46400 6442
46400 6399
27280 5035
46400 6369
46400 6426
46400 6429
27280 6189
46400 6430
27280 6165
46400 6558
46400 8136
27280 6466
46400 6419
46400 6418
46400 6404
27280 5181
46400 6553
27280 5297
46400 6377
46400 6659
27280 5471
46400 6409
46400 6462
46400 7067
27280 5169
46400 6708
46400 6476
46400 7718
27280 5962
46400 6950
46400 6382
46400 6411
27280 6190
46400 7147
27280 4932
46400 6666
46400 6407
46400 6505
27280 5341
46400 6649
46400 6425
46400 6453
27280 6254
46400 7863
46400 6471
46400 6411
27280 6647
46400 6884
27280 5076
46400 6388
46400 6398
46400 6933
27280 5176
46400 6423
46400 6895
27280 5657
46400 6485
27280 4131
46400 6338
46400 6496
27280 6168
46400 6440
46400 6682
46400 6480
27280 3580
46400 6530
46400 6391
46400 6379
27280 4865
46400 6606
46400 6422
46400 6403
27280 5123
46400 6864
27280 5215
46400 7767
46400 6393
27280 6424
46400 6546
46400 6378
46400 6847
27280 3998
46400 6712
46400 6586
46400 6389
27280 6234
46400 6396
46400 6911
46400 6806
27280 5216
46400 6385
46400 6449
46400 6439
27280 5275
46400 6416
27280 5178
46400 6815
46400 6348
27280 6181
46400 6715
46400 6526
46400 6378
27280 4979
46400 6546
46400 6636
27280 6477
46400 8793
27280 6430
46400 6416
46400 6927
27280 4964
46400 6411
46400 6703
46400 6746
27280 5089
46400 6415
46400 6406
46400 6649
27280 6441
46400 6503
46400 7073
46400 6596
27280 6307
46400 6409
27280 5402
46400 6538
46400 6403
27280 6131
46400 6706
46400 6938
27280 5030
46400 6437
46400 6523
46400 6434
27280 5039
46400 6651
27280 5094
46400 6474
46400 7787
27280 7453
46400 6478
46400 6491
46400 6679
27280 5227
46400 6486
46400 6385
46400 6467
27280 5218
46400 6399
46400 6640
46400 6379
46400 6711
27280 5505
46400 6872
46400 6535
27280 6193
46400 6367
46400 6577
27280 6446
46400 6438
46400 6434
27280 6275
46400 6574
46400 7690
27280 5472
46400 6424
46400 6570
46400 6909
27280 4968
46400 6906
27280 5312
46400 7727
46400 6854
27280 6398
46400 6626
46400 6379
46400 6566
27280 6422
46400 6840
27280 5361
46400 6523
46400 6519
27280 6271
46400 6429
46400 6538
46400 6659
27280 5070
46400 6584
46400 6475
27280 5337
46400 6597
27280 5450
46400 6867
46400 6700
46400 6474
27280 5005
46400 6536
27280 4414
46400 6531
46400 6469
27280 5268
46400 6421
46400 6564
46400 7976
27280 6116
46400 6524
27280 6368
46400 6415
46400 6503
27280 5165
46400 6424
46400 6511
46400 6931
27280 5166
46400 6589
27280 6427
46400 6404
46400 6969
27280 5227
46400 6386
46400 6711
27280 5148
46400 6394
46400 8046
27280 6772
46400 6350
46400 6477
46400 6643
46400 6663
27280 6502
46400 6401
46400 6550
27280 6343
46400 6715
46400 6559
27280 6224
46400 8083
46400 6873
27280 5226
46400 6558
46400 6594
27280 5308
46400 6538
46400 6416
27280 4044
46400 6358
46400 6646
27280 5059
46400 6531
46400 6493
27280 3886
46400 6564
46400 6370
46400 6405
46400 6526
27280 5270
46400 6710
46400 6369
46400 6406
46400 6743
27280 4941
46400 7078
46400 6410
46400 6352
46400 7170
27280 5329
46400 6378
46400 8562
46400 6842
46400 6963
27280 5189
46400 6448
46400 7052
46400 6399
46400 7040
27280 5271
46400 6396
46400 6369
46400 6407
46400 6493
27280 5207
46400 6396
46400 6412
46400 7341
46400 6678
27280 5043
46400 6526
46400 6389
46400 6399
46400 6391
27280 6197
46400 6508
46400 6376
27280 4084
46400 6396
27280 5000
46400 6454
46400 6621
46400 7822
46400 6399
27280 5160
46400 6535
46400 6514
46400 6504
46400 6503
27280 5034
46400 6537
46400 6392
27280 5014
46400 6393
46400 6534
27280 3932
46400 6452
46400 6390
27280 5216
46400 6463
46400 6379
46400 6990
27280 5334
46400 6647
46400 6418
46400 6375
46400 6806
27280 5150
46400 6844
46400 7053
27280 4969
46400 6391
46400 6574
27280 4317
46400 7882
46400 6408
27280 5031
46400 6475
46400 6871
27280 4939
46400 6388
46400 6856
27280 5005
46400 6383
46400 7123
27280 5654
46400 6694
46400 6486
46400 6869
46400 6510
27280 3605
46400 6358
46400 6665
27280 3764
46400 6554
46400 6512
27280 4993
46400 6720
46400 7047
27280 5034
46400 6622
46400 7086
27280 5091
46400 6448
46400 6824
27280 5171
46400 7883
46400 6430
46400 6377
46400 6946
27280 5097
46400 6442
46400 6395
46400 6389
46400 6709
27280 5679
46400 6444
46400 6392
46400 6398
46400 6950
27280 5185
46400 6413
46400 6447
27280 3620
46400 6475
46400 6880
27280 5210
46400 6416
46400 6547
46400 6451
46400 6983
27280 5355
46400 6456
46400 6461
46400 6388
46400 6409
27280 3760
46400 6608
46400 7580
46400 6418
46400 7032
27280 4932
46400 6402
46400 6666
27280 4960
46400 6829
46400 6567
27280 5458
46400 6570
46400 6707
27280 5210
46400 6435
46400 6940
27280 5236
46400 6364
46400 6390
46400 6429
46400 6500
27280 6134
46400 6411
46400 6434
27280 4908
46400 6443
46400 6856
27280 6659
46400 6396
46400 6639
46400 6511
27280 3736
46400 6446
27280 5162
46400 7855
46400 7048
27280 5239
46400 6539
46400 6568
27280 4979
46400 6562
46400 6626
27280 5037
46400 6802
46400 6852
27280 5370
46400 6451
46400 6384
46400 6431
46400 6580
27280 6413
46400 6466
46400 6443
46400 6564
46400 6379
27280 6144
46400 6392
46400 6366
46400 6388
46400 6419
27280 6120
46400 6707
46400 6459
27280 6226
46400 6500
46400 7610
27280 6126
46400 6632
46400 6552
46400 6419
46400 6909
27280 5280
46400 6484
46400 6398
46400 6395
46400 6725
27280 6359
46400 6508
46400 6492
46400 6634
46400 6944
27280 4890
46400 6644
46400 6415
46400 7332
46400 6471
27280 6307
46400 6389
46400 6435
46400 6494
46400 6553
27280 5094
46400 6428
46400 6391
46400 6351
46400 6421
27280 6274
46400 7700
46400 6389
46400 6425
46400 6941
27280 5096
46400 6361
46400 6508
46400 6387
46400 6416
27280 6046
46400 6510
46400 6384
46400 6500
46400 6563
27280 6217
46400 6455
46400 6514
46400 6410
46400 6372
27280 4860
46400 6536
46400 6466
46400 6629
27280 4948
46400 7033
27280 1419
46400 6726
46400 7098
27280 2745
46400 7428
27280 6019
46400 6504
46400 6442
46400 6825
27280 2667
27280 3694
46400 6544
27280 4887
46400 6363
27280 3775
46400 6391
46400 7046
27280 1380
46400 6669
27280 4215
46400 6877
46400 6387
46400 6417
27280 1650
27280 2280
46400 6424
27280 3687
46400 6377
46400 6348
46400 6667
27280 4626
27280 4514
27280 3968
46400 7104
27280 5764
46400 6486
46400 6463
46400 6590
27280 1054
27280 3809
46400 6672
27280 5259
46400 6368
46400 7134
27280 1156
46400 6857
27280 5858
46400 6551
27280 3822
46400 6394
27280 4995
46400 6861
46400 6488
27280 726
46400 6970
46400 6402
27280 3835
46400 6789
46400 6371
46400 6452
27280 4886
27280 4194
27280 6012
46400 6425
46400 6409
46400 6388
46400 6537
27280 2444
27280 3656
27280 4110
46400 6395
27280 4268
46400 6410
46400 6350
46400 6872
27280 3700
27280 3773
27280 3747
46400 6367
27280 4300
46400 6891
27280 5097
27280 5287
46400 6437
27280 3686
46400 6405
46400 6493
46400 6357
27280 3828
27280 3953
27280 3714
46400 7053
46400 6397
27280 4269
27280 3697
46400 6406
27280 3698
46400 6745
27280 5866
46400 6530
46400 6421
27280 4944
27280 4726
46400 6363
27280 3660
46400 6388
27280 3688
46400 6419
46400 6377
27280 3908
27280 3701
46400 6713
27280 4137
46400 6411
27280 3972
46400 6522
27280 3707
46400 6572
27280 3777
27280 3682
46400 6380
27280 4200
46400 6963
27280 3814
46400 6512
46400 6830
27280 5153
27280 4636
46400 6413
46400 6595
27280 35
46400 6405
46400 6380
27280 4125
27280 3718
27280 5230
46400 6402
27280 3661
46400 7005
27280 5012
46400 6590
46400 6369
46400 7738
27280 241
27280 4662
46400 6427
46400 6445
46400 6452
27280 2583
46400 6834
27280 5505
46400 6542
46400 6381
27280 3964
27280 3664
46400 6401
27280 3662
46400 6716
46400 6517
27280 3854
27280 3716
46400 7173
27280 5325
46400 6531
27280 3697
46400 6813
46400 6415
27280 3748
27280 4859
57589 4985
46400 6456
27280 3773
46400 6745
27280 4710
46400 6416
27280 3798
46400 6561
27280 3703
46400 6401
27280 4990
46400 6506
27280 4249
46400 7061
27280 5121
46400 6397
27280 3915
46400 6391
27280 3831
46400 6585
27280 5728
46400 6393
46400 6898
27280 1802
46400 6358
27280 3856
55193 4974
46400 6359
27280 3801
46400 6419
27280 5256
46400 6396
46400 7287
27280 4956
46400 6383
46400 6870
27280 5079
46400 6373
46400 6412
27280 6245
46400 6382
46400 6561
27280 3640
46400 7364
46400 7052
27280 5155
18368 3807
46400 6351
27280 3605
46400 6377
46400 6994
27280 5287
46400 6401
46400 6439
27280 4215
46400 6409
46400 6388
27280 5109
46400 6411
46400 6521
27280 6312
46400 6399
46400 6639
27280 5027
46400 6449
46400 6511
27280 6204
46400 6389
46400 6397
27280 5360
46400 6420
46400 6924
27280 5170
46400 6403
46400 6921
27280 5885
46400 6365
46400 7242
27280 5530
46400 6369
46400 6900
27280 5100
46400 6390
46400 6644
27280 3615
46400 6797
46400 6417
27280 4868
46400 6594
46400 7482
27280 5791
46400 6380
46400 6742
27280 4915
46400 6408
46400 6398
27280 6027
46400 6381
46400 6921
27280 5109
38545 6117
46400 6466
46400 6795
27280 5722
46400 6516
46400 7323
27280 4989
46400 7012
46400 6991
27280 5068
46400 6362
46400 6597
27280 5097
46400 6538
46400 6907
27280 5090
46400 6566
46400 6396
27280 3686
46400 6351
46400 6392
27280 3701
46400 6683
46400 7222
27280 5474
46400 6380
46400 6964
27280 5095
46400 6437
46400 6519
27280 3571
46400 6439
46400 6425
27280 4057
46400 6418
46400 6355
27280 3649
46400 6588
46400 6451
27280 6289
46400 7290
46400 6407
27280 6023
46400 6401
46400 6907
27280 5180
46400 6370
46400 6396
27280 6022
46400 6694
46400 7253
27280 5386
46400 6421
46400 6815
27280 5208
46400 6355
46400 6403
27280 5383
9537 5052
9537 6612
9537 6635
38545 4918
46400 6502
46400 6417
27280 3633
46400 6365
46400 6392
27280 3620
46400 6375
46400 6699
27280 4632
46400 7079
46400 6502
27280 3634
46400 6402
46400 6382
27280 3776
46400 6363
46400 6428
27280 5059
46400 6381
46400 6423
27280 3630
46400 6387
46400 6499
27280 3650
46400 6510
46400 6388
27280 3573
46400 6477
46400 6885
27280 4926
46400 6389
46400 7045
27280 5098
46400 6456
46400 6605
27280 6152
46400 6366
46400 6603
27280 6355
46400 6378
46400 6425
27280 6051
46400 7095
46400 6998
27280 4985
46400 6432
46400 7332
27280 5272
46400 6838
46400 6946
27280 4984
46400 6391
46400 7043
27280 5127
46400 6528
46400 6412
27280 6031
46400 6737
46400 6389
27280 5370
27198 3756
46400 6404
46400 6400
27280 4545
46400 6416
27280 5299
46400 6539
46400 6791
27280 5107
46400 6386
46400 6407
27280 5225
46400 7360
46400 7010
27280 5073
46400 4070
46400 6704
27280 5844
46400 6536
46400 6510
27280 3665
46400 6392
46400 6407
27280 4120
46400 6436
46400 6851
27280 4912
46400 6382
46400 6442
27280 6247
46400 6448
46400 6747
27280 6264
46400 6441
46400 6401
27280 6226
46400 6384
46400 6463
27280 6041
46400 6385
46400 6696
46400 6469
27280 3618
46400 6427
46400 6987
46400 6465
27280 3627
46400 6468
46400 6466
46400 6869
27280 4938
46400 6509
27280 5161
46400 6380
46400 6379
27280 4591
46400 6461
46400 6388
46400 6529
27280 3795
46400 6714
27280 3611
46400 7172
46400 6708
27280 5005
46400 6666
46400 6390
46400 6635
27280 5025
46400 6873
46400 6363
46400 6934
27280 5215
46400 6394
46400 6445
46400 6774
27280 5059
46400 6918
27280 3783
46400 6389
46400 6381
27280 3764
46400 6494
46400 6572
46400 6870
27280 5196
46400 6421
27280 6121
46400 6491
46400 6625
27280 5217
46400 6395
46400 6427
46400 6402
27280 4868
46400 6480
27280 6226
46400 6377
46400 6855
27280 6467
46400 6536
46400 6603
27280 4921
46400 6431
46400 6432
46400 6522
46400 6498
27280 6328
46400 6574
46400 7818
27280 5733
46400 6411
46400 6938
27280 5077
46400 6391
19379 3821
46400 6410
27280 4900
46400 6814
46400 6592
27280 5229
46400 6419
46400 7255
27280 5291
46400 6404
46400 6543
27280 6427
46400 6385
46400 6402
27280 3623
46400 6418
46400 6392
46400 6434
27280 6275
46400 6573
46400 6435
46400 6757
27280 6363
46400 6399
46400 6373
46400 6566
27280 6153
46400 6895
27280 4954
46400 6607
46400 6514
46400 6356
46400 6382
27280 4855
46400 6827
46400 6405
46400 6592
27280 5019
46400 6454
46400 6441
46400 6418
27280 6046
46400 6646
46400 6395
46400 6405
27280 6272
46400 6393
27280 6015
46400 6507
46400 6399
46400 6454
27280 6293
46400 6462
27280 5239
46400 6356
46400 6682
27280 4984
46400 6411
46400 6894
46400 6436
27280 6245
46400 6445
46400 6866
46400 6671
27280 5012
46400 6390
46400 6377
46400 7415
27280 5823
46400 6394
27280 6178
46400 6541
46400 6423
27280 5436
46400 6480
46400 6721
27280 6629
46400 6428
46400 6326
46400 6419
27280 6242
46400 6590
46400 7028
27280 5363
46400 6390
46400 6839
27280 6138
46400 6396
46400 6437
46400 7648
27280 3661
46400 6403
46400 6383
46400 6397
27280 6153
46400 6419
46400 6503
46400 6983
27280 5254
46400 6437
46400 6373
46400 6532
27280 6298
46400 6624
46400 6507
46400 6505
27280 6263
46400 6453
46400 6521
46400 6450
27280 6262
46400 6425
46400 6569
46400 6561
27280 6370
46400 6529
46400 6381
46400 6592
27280 5298
46400 6809
46400 6507
46400 7539
27280 5591
46400 6423
46400 6575
46400 6419
27280 6193
46400 6520
46400 6369
46400 6802
27280 5222
46400 7051
27280 5650
46400 6377
46400 6819
27280 5184
46400 6400
46400 6530
46400 6451
27280 6096
46400 6379
46400 6410
46400 7615
27280 6308
46400 6452
46400 6791
46400 6552
27280 6223
46400 6408
46400 6411
46400 6376
27280 3665
46400 6414
46400 7077
46400 6958
27280 5228
46400 6398
46400 6435
46400 6488
46400 6446
46400 6388
46400 6399
27280 6241
46400 6717
46400 6841
46400 6413
27280 3885
46400 6646
46400 6545
46400 6562
27280 4618
27280 3745
27280 3651
46400 6406
46400 6412
27280 853
38545 3709
38545 4675
46400 6400
27280 3694
46400 6372
46400 6527
27280 261
46400 7075
27280 3809
46400 6428
46400 6386
46400 6481
27280 3806
27280 3689
27280 3631
38545 4717
38545 6385
38545 6333
46400 6359
27280 3675
38545 7198
46400 7151
27280 5128
46400 6515
27280 4418
9537 6225
9537 6229
38545 6408
46400 6393
46400 6490
27280 4131
27280 3702
46400 6388
27280 3666
46400 6453
27280 3689
9537 3784
9537 3656
46400 6446
27280 6292
46400 6889
27280 4265
46400 6340
27280 3757
46400 6812
46400 6423
27280 292
46400 6405
46400 6355
27280 3723
27280 4731
46400 6689
27280 3688
46400 6386
46400 6637
27280 4076
27280 3769
46400 6788
27280 4095
46400 6569
46400 6450
46400 6561
27280 1185
27280 3733
46400 6383
46400 6470
27280 752
9537 6163
38545 4346
46400 6403
27280 3675
46400 6692
46400 6378
46400 6476
27280 3716
27280 3801
27280 3670
46400 6841
27280 4048
46400 6391
46400 6486
27280 2013
46400 7197
27280 5104
46400 6842
46400 7043
27280 505
46400 6522
27280 5356
46400 6436
27280 4044
46400 6432
27280 4870
46400 6373
46400 6406
27280 5177
27280 3628
46400 6429
27280 4594
46400 6552
46400 6856
27280 3683
46400 6974
27280 5112
46400 6370
27280 3642
46400 6430
46400 6865
27280 1531
46400 6423
46400 6396
27280 2111
46400 6375
27280 3809
46400 6397
27280 5499
46400 6544
27280 3628
46400 6406
27280 5071
46400 6424
27280 3942
46400 6557
27280 3654
46400 6476
27280 5420
46400 6459
27280 5369
46400 6920
46400 6547
27280 6241
46400 6677
46400 6487
27280 6214
46400 6384
46400 6806
46400 6718
46400 6970
27280 5176
46400 6545
46400 6385
46400 6401
46400 6546
27280 6099
46400 6411
46400 6847
27280 6510
46400 6427
46400 6513
46400 6919
27280 5151
46400 6443
27280 6296
46400 6405
46400 6526
27280 6108
46400 6553
46400 6506
27280 6106
46400 7308
46400 6536
27280 5341
46400 6789
46400 6392
27280 6211
46400 6400
27280 6203
46400 6367
46400 6768
27280 6570
46400 6366
46400 6999
27280 5103
46400 6559
46400 6387
27280 4950
46400 6400
46400 6615
27280 5041
46400 6734
46400 6417
27280 6159
46400 6390
46400 6383
27280 6176
46400 6852
46400 6479
46400 6538
27280 6131
46400 6564
46400 6974
27280 6867
46400 6425
46400 6557
27280 5223
46400 6499
46400 6389
27280 6230
46400 6403
27280 3605
46400 6367
46400 6417
27280 6226
46400 6414
46400 6432
46400 6643
27280 4956
46400 6464
46400 6424
27280 4975
46400 6889
27280 5060
46400 6413
46400 6837
46400 6818
27280 5472
46400 6635
27280 5058
46400 6864
46400 6349
46400 6936
27280 4934
46400 7905
27280 5536
46400 6518
46400 7043
27280 5274
46400 6383
46400 6446
27280 6218
46400 6450
46400 6473
27280 6283
46400 6407
46400 6408
27280 3852
27280 3721
46400 6381
46400 7137
27280 1651
46400 6792
27280 4979
46400 6416
27280 5021
46400 6478
46400 6954
27280 1324
46400 6522
46400 6453
27280 4155
27280 3714
46400 6448
46400 7267
27280 1118
46400 6361
46400 6363
27280 4082
27280 3663
46400 6384
46400 6383
27280 3723
27280 3860
46400 6398
27280 3812
46400 6891
27280 5363
46400 6366
46400 7642
27280 745
46400 6379
46400 6485
27280 3676
27280 3844
46400 6341
46400 6950
27280 4975
27280 3917
46400 6671
46400 6394
27280 389
46400 6455
27280 4167
46400 6440
27280 3967
46400 6479
27280 3649
46400 6383
27280 4081
46400 6387
27280 3870
46400 6493
27280 3663
46400 6588
27280 4998
46400 6419
27280 3641
46400 6380
27280 3661
46400 7190
27280 5408
46400 6471
46400 6404
27280 159
46400 6377
27280 3655
46400 6393
27280 3666
46400 6928
27280 5193
46400 6395
27280 4217
46400 6887
27280 4995
46400 7238
27280 4208
46400 6442
27280 3663
46400 7010
27280 4990
46400 6415
46400 6572
27280 2838
46400 6417
46400 6401
27280 1766
46400 6467
27280 3642
46400 6424
27280 5130
46400 6980
27280 5124
46400 6486
27280 3646
46400 6479
27280 5123
46400 6387
46400 6412
27280 4758
46400 6793
46400 6524
27280 5069
46400 6419
46400 6377
46400 6923
27280 6781
46400 6942
27280 4980
46400 6396
46400 6389
27280 6158
46400 6843
46400 7223
27280 4941
46400 6363
46400 6387
46400 6680
27280 5072
46400 6413
46400 6390
27280 6180
46400 6540
46400 6765
27280 4926
46400 6769
46400 6389
27280 6202
46400 6395
27280 6248
46400 6457
46400 6935
27280 5191
46400 6432
46400 6406
46400 6407
27280 6142
46400 7245
27280 5429
46400 6400
46400 6391
46400 6828
27280 5176
46400 6846
27280 6592
46400 6764
46400 6399
46400 6525
27280 6159
46400 6407
27280 4970
46400 6361
46400 6334
46400 6393
27280 6240
27280 6180
46400 6380
46400 6495
27280 6298
46400 6474
46400 6577
27280 4899
46400 6415
46400 6809
27280 5127
46400 6419
46400 6392
27280 6119
46400 7409
46400 6432
27280 6054
46400 6402
46400 6375
27280 3613
46400 6434
46400 6718
27280 5053
46400 6379
46400 6409
27280 6121
46400 6544
46400 6516
27280 6347
46400 6687
46400 6411
27280 6200
46400 6391
46400 7208
27280 5186
46400 6566
46400 6488
27280 6069
46400 6437
46400 6385
27280 6207
46400 6530
46400 6763
27280 5162
46400 6527
46400 6393
27280 5368
46400 6904
46400 6519
27280 6296
46400 6442
46400 6418
27280 6206
46400 6405
46400 6558
27280 6397
46400 6366
46400 6613
27280 5641
46400 6838
46400 6446
27280 3645
46400 6389
46400 6974
27280 5555
46400 6425
46400 7499
27280 5138
46400 6872
46400 6820
27280 5180
46400 6438
46400 6421
27280 6249
46400 6397
46400 6447
27280 6031
46400 6491
46400 7069
27280 6791
46400 6464
46400 6981
27280 5056
46400 6529
46400 7026
27280 5068
46400 6460
46400 6424
27280 6148
46400 6446
46400 6891
27280 5087
46400 6389
46400 6557
27280 4933
46400 6422
46400 6373
27280 6242
46400 6420
46400 6405
27280 6191
46400 6395
46400 6540
27280 6180
46400 6421
46400 7008
27280 5174
46400 6406
46400 7613
27280 5493
46400 6981
46400 6463
27280 6283
46400 6380
46400 6481
27280 6262
46400 6358
46400 7361
27280 5654
46400 6387
46400 6692
27280 5019
46400 6399
46400 6402
27280 6201
46400 6553
46400 7408
27280 5728
46400 6460
46400 6434
27280 6036
46400 6384
46400 6391
27280 6099
46400 6565
46400 6925
27280 4916
46400 6400
46400 6387
27280 6235
46400 6395
46400 6973
27280 5118
46400 6904
46400 6379
27280 6068
46400 6825
46400 6417
27280 6051
46400 6470
46400 6396
27280 6272
46400 6684
46400 6386
27280 6079
46400 6560
46400 6395
27280 5427
46400 6450
46400 6498
27280 5045
46400 6443
46400 6377
27280 5104
46400 6430
46400 6633
27280 5065
46400 6517
46400 6429
27280 5386
46400 6495
46400 6556
27280 6350
46400 6528
46400 6441
27280 6237
46400 6904
46400 6514
27280 6295
46400 6526
46400 6972
27280 4955
46400 6829
46400 6408
27280 6214
46400 6383
46400 6405
27280 5157
46400 6900
46400 6387
27280 6117
46400 6412
46400 6991
27280 4974
46400 6397
46400 6374
27280 5372
46400 6377
46400 6414
27280 6040
46400 6372
46400 7205
27280 5502
46400 6406
46400 6680
27280 5043
46400 6393
46400 6863
27280 6674
46400 6384
46400 6381
27280 5291
46400 6636
46400 6435
27280 6171
46400 6541
46400 6471
27280 6089
46400 6353
46400 6409
27280 6188
46400 6384
46400 6478
27280 6302
46400 6405
46400 6389
27280 6211
46400 6625
46400 6384
27280 5085
46400 6504
46400 6430
27280 3715
46400 6764
27280 5096
46400 6386
46400 6473
27280 3915
46400 6938
46400 6415
27280 6022
46400 6501
27280 6240
46400 6375
46400 6528
27280 5426
46400 6368
46400 6410
27280 3668
46400 6856
46400 6386
27280 6195
46400 6373
46400 6415
27280 6117
46400 6655
46400 6517
27280 6138
46400 6542
46400 6545
27280 6362
46400 6389
46400 6551
27280 3629
46400 6503
46400 6399
27280 6144
46400 6518
46400 6588
27280 5081
46400 6971
46400 7224
27280 5478
46400 6429
46400 6748
27280 6376
46400 6480
46400 6490
27280 6306
46400 6430
46400 7000
27280 5415
46400 6469
46400 6583
27280 6257
46400 6481
27280 6235
46400 6486
46400 6440
27280 6061
46400 6383
46400 6465
27280 6294
46400 6518
46400 6828
27280 5169
46400 6405
46400 6527
27280 6596
46400 6438
46400 6894
27280 6710
46400 6420
46400 6891
27280 5204
46400 6375
46400 6651
27280 5058
46400 6691
46400 6425
27280 5418
46400 6505
46400 6421
27280 6201
46400 6458
46400 6411
27280 5113
46400 6472
46400 7821
27280 5965
46400 6437
46400 7015
27280 5341
46400 6393
46400 7029
27280 5125
46400 6501
46400 6404
27280 6256
46400 6421
46400 6650
27280 4956
46400 7172
46400 6406
27280 6030
46400 6562
46400 6599
27280 4899
46400 6429
46400 6575
27280 6411
46400 6405
46400 6418
27280 6123
46400 6351
46400 6497
27280 6331
46400 6583
46400 6542
27280 6248
46400 6411
46400 6562
27280 6371
46400 6361
46400 6814
27280 5218
46400 6429
46400 6386
27280 5024
46400 6374
46400 6403
27280 6157
46400 6378
46400 6540
27280 5006
46400 6852
46400 6581
27280 6342
46400 6832
46400 6371
27280 6131
27280 3750
27280 3663
46400 6384
46400 6506
27280 6202
46400 6404
46400 7114
27280 5654
46400 7081
46400 6391
27280 5146
46400 6389
27280 5110
46400 7010
27280 5224
46400 6424
46400 6403
27280 6106
46400 6544
46400 6464
27280 6029
46400 6398
46400 6566
27280 6400
46400 6413
46400 7105
27280 6956
46400 6936
27280 5212
46400 6401
46400 6433
27280 5094
46400 6498
46400 6874
27280 5198
46400 6484
46400 6387
27280 6256
46400 6377
46400 6566
27280 6324
46400 6356
46400 6653
27280 5029
46400 6461
46400 6623
27280 6325
46400 6402
46400 6431
27280 6271
46400 6801
46400 6392
27280 6107
46400 6390
46400 6532
27280 5133
46400 7428
46400 6648
27280 5073
46400 6378
46400 6512
27280 6318
46400 6839
46400 6446
27280 6065
46400 6416
27280 4901
46400 6797
27280 3634
46400 6467
46400 6350
46400 6537
27280 6417
46400 6365
46400 6928
27280 5180
46400 6405
46400 6438
27280 6201
46400 6463
46400 6391
27280 6259
46400 6415
46400 6573
27280 6449
46400 6404
46400 6379
27280 6256
46400 6859
46400 6406
27280 5108
46400 6715
27280 5051
46400 6389
46400 6439
46400 6554
27280 6139
46400 6501
46400 6483
27280 6141
46400 7005
27280 5550
46400 6477
46400 6377
27280 5288
46400 6389
46400 6403
27280 6042
46400 6371
46400 6575
27280 5186
46400 6387
46400 6446
27280 6330
46400 6392
46400 6406
27280 6092
46400 6531
46400 6427
27280 6214
46400 6910
46400 6558
27280 6335
46400 6414
46400 6411
27280 6254
46400 6448
46400 6802
27280 5260
46400 6347
46400 6640
27280 5047
46400 6406
46400 6894
27280 4903
46400 6876
46400 6930
27280 5185
46400 6420
46400 6404
27280 6265
46400 6814
46400 6492
27280 3634
46400 6635
46400 6420
27280 6233
46400 6392
46400 6485
27280 6049
46400 6423
46400 7053
27280 5445
46400 6892
46400 6438
27280 5141
46400 6411
46400 6509
27280 6378
46400 6364
46400 6408
27280 4860
46400 6341
46400 6564
27280 6382
46400 6657
46400 6779
27280 5063
46400 6406
46400 6920
27280 4964
46400 6405
46400 6554
27280 5092
46400 6485
46400 6488
27280 6282
46400 6396
46400 6371
27280 3621
46400 6515
46400 6932
27280 5098
46400 6423
46400 6460
27280 6023
46400 6885
46400 6507
27280 6367
46400 6396
46400 6819
27280 5050
46400 6447
46400 6407
27280 6029
46400 6404
46400 6587
27280 5073
46400 6390
46400 6742
27280 6561
46400 6468
46400 6931
46400 15274
27280 9273
46400 12913
46400 7532
27280 1060
46400 6381
46400 7202
27280 100
46400 6340
46400 6558
27280 1406
46400 6414
46400 6981
27280 2088
46400 6506
46400 6585
27280 1411
46400 6518
27280 4966
46400 7133
27280 5157
46400 6638
27280 5320
46400 6400
27280 5380
46400 6408
46400 6418
27280 3929
27280 3839
46400 6409
46400 6399
27280 247
46400 7048
27280 5330
46400 6609
27280 4471
46400 6361
27280 3761
46400 7006
27280 4773
46400 7844
27280 4917
46400 6420
27280 4966
46400 6360
46400 6456
27280 376
46400 7040
46400 7013
27280 4952
27280 3697
46400 6519
27280 4444
46400 7302
27280 5307
46400 6444
46400 6970
27280 5097
27280 3636
46400 6669
46400 7209
27280 5280
27280 3818
46400 6702
46400 6390
27280 991
46400 6499
46400 7051
27280 499
46400 6570
27280 3793
46400 6453
27280 3702
46400 6398
27280 3677
46400 6535
27280 3687
46400 6442
27280 5080
46400 6952
27280 3816
46400 6480
27280 3724
46400 6592
27280 3714
46400 6854
27280 3656
46400 6432
27280 5035
46400 6810
46400 6556
27280 3844
27280 3809
46400 6417
46400 6589
27280 3822
27280 3777
46400 6482
46400 6492
27280 4538
27280 5293
46400 6527
46400 7217
27280 2249
46400 6509
46400 6375
27280 1959
46400 6831
46400 7366
27280 1637
46400 6360
46400 6421
27280 145
46400 6353
46400 6707
27280 6571
46400 6565
46400 6808
27280 6684
46400 6444
46400 6458
27280 6202
46400 6860
27280 5396
46400 6384
46400 6396
46400 7276
27280 5042
46400 8073
46400 6754
27280 4906
46400 6367
46400 6931
27280 5085
46400 6400
46400 6474
27280 5199
46400 6412
46400 6440
27280 6211
46400 6569
46400 6661
27280 5047
46400 6429
46400 6557
27280 6310
46400 6565
46400 6547
27280 6366
46400 6785
27280 5529
46400 6490
46400 6345
46400 6535
27280 5407
46400 6400
46400 6393
27280 6125
46400 6371
27280 3700
46400 7405
46400 6482
46400 6836
27280 4950
46400 6356
46400 6394
27280 6021
46400 6948
46400 6370
27280 5420
46400 6430
46400 6873
27280 6669
46400 6792
27280 5564
46400 6757
46400 6588
46400 6546
27280 5125
46400 6414
46400 6586
46400 6428
27280 6274
46400 6448
46400 6466
27280 6010
46400 6424
46400 6390
27280 6255
46400 6710
46400 6672
27280 5372
46400 7468
46400 7011
27280 5046
46400 6882
46400 6700
27280 5082
46400 6385
46400 6603
27280 5138
46400 6367
46400 6537
27280 6290
46400 6447
46400 6443
27280 5081
46400 6396
46400 6827
27280 4918
48028 5073
46400 6554
46400 6553
27280 6251
46400 6534
46400 6359
27280 5247
46400 6692
46400 7060
27280 5562
46400 6401
46400 6392
27280 3638
46400 6480
46400 7341
27280 6116
46400 7761
46400 7275
27280 5011
46400 6566
46400 6553
27280 6386
46400 6534
46400 6465
27280 6147
46400 6539
46400 6552
27280 5356
46400 6386
46400 6720
27280 5137
46400 6428
46400 7058
27280 6804
46400 6650
46400 7019
27280 6696
46400 6414
46400 6843
27280 5046
46400 6372
46400 6516
27280 6355
46400 6683
46400 6930
27280 5006
46400 7623
46400 6896
27280 5088
46400 6604
46400 6768
27280 5098
64180 3678
37764 3618
46400 6401
46400 7117
27280 5359
46400 6542
46400 6898
27280 4921
46400 6560
46400 6459
27280 6277
46400 6402
46400 6407
27280 6149
46400 6395
46400 7017
27280 4948
46400 6492
46400 6502
27280 6335
46400 6521
46400 6422
27280 6217
46400 6822
46400 6516
27280 6333
46400 7409
46400 6401
27280 6131
46400 6445
46400 6502
27280 6059
46400 6703
46400 6915
27280 5063
46400 6467
46400 6428
27280 6049
46400 6527
46400 7099
27280 5476
46400 6849
46400 6703
27280 6538
46400 6385
46400 6386
27280 6232
46400 6527
46400 6857
27280 6596
46400 6380
46400 6385
27280 4231
27280 4858
46400 6444
27280 4075
46400 6393
27280 3741
46400 7366
46400 7052
27280 1364
23189 3624
46400 6398
46400 6827
27280 1360
46400 6661
46400 6446
27280 5170
27280 4904
46400 6379
46400 6416
27280 3664
27280 3625
46400 6377
46400 6586
27280 3685
27280 3794
46400 6482
46400 6569
27280 3950
27280 3691
46400 6538
46400 6944
27280 415
46400 6429
27280 4080
46400 6646
27280 4697
46400 6472
27280 3647
46400 6864
27280 3833
46400 6421
27280 5172
46400 6854
27280 3820
46400 6379
46400 7136
27280 3944
27280 5101
46400 6354
27280 3672
46400 6420
27280 4670
46400 6494
27280 3681
46400 6501
27280 3698
46400 6445
27280 4801
46400 6411
27280 3855
46400 6387
27280 3749
46400 6351
46400 6396
27280 4336
27280 3732
46400 6409
46400 7002
27280 292
46400 6384
46400 6433
27280 2468
46400 6843
27280 4169
46400 6409
27280 4926
46400 6586
46400 6871
27280 2878
46400 6415
27280 3694
46400 6347
27280 3822
46400 6901
27280 5189
46400 7192
27280 6686
46400 6528
46400 6384
27280 6074
46400 6390
46400 6566
27280 6143
46400 6605
46400 7046
27280 6791
46400 8013
46400 6586
27280 5124
46400 6706
46400 6511
27280 6392
46400 7803
46400 7034
27280 5055
46400 7097
46400 6509
27280 5333
46400 6372
46400 6399
27280 6090
46400 6603
46400 6393
27280 6171
46400 6550
46400 6403
27280 6238
46400 6384
46400 6561
27280 6243
46400 6427
46400 6381
27280 4882
46400 6502
46400 6407
27280 4778
46400 6414
46400 6836
27280 6396
46400 8450
46400 7212
27280 5927
46400 6547
46400 7037
27280 4934
46400 6394
46400 6439
27280 6026
46400 6442
46400 6448
27280 5031
46400 6384
46400 6721
27280 5063
46400 6350
46400 6759
27280 6565
46400 6505
46400 6508
27280 5571
46400 6403
46400 6525
46400 6467
27280 6019
46400 6494
46400 6747
27280 5182
46400 6967
46400 6547
46400 7694
46400 6525
27280 5270
46400 6417
46400 6395
27280 6128
46400 6393
46400 7022
27280 5601
46400 7161
27280 5664
46400 6958
46400 6629
46400 6591
27280 6447
46400 7209
27280 5575
46400 6897
46400 7166
46400 6617
27280 6383
46400 6428
46400 6410
27280 5250
46400 6633
46400 6888
27280 5231
46400 6389
46400 6842
27280 6406
46400 6485
46400 6531
27280 5241
46400 7812
46400 7138
27280 5270
46400 6938
27280 5463
46400 6599
46400 6415
27280 6277
46400 6485
46400 6661
27280 5396
46400 6818
46400 6750
27280 6565
46400 6409
46400 6438
27280 6197
46400 6490
46400 6567
27280 6397
46400 6823
46400 6577
27280 3986
46400 6542
46400 6399
46400 6795
27280 5158
46400 6405
46400 7030
27280 4913
46400 6736
46400 7271
27280 6991
46400 6392
46400 7043
27280 5165
46400 6654
46400 6812
27280 5739
46400 6414
27280 6031
46400 6554
46400 6386
46400 6389
27280 6259
46400 6919
46400 7467
27280 6150
46400 6517
46400 6877
27280 6717
46400 6349
46400 6843
27280 4963
46400 6397
46400 6354
27280 3844
46400 6410
46400 6925
27280 5326
46400 6443
46400 6414
27280 5090
46400 7601
46400 6931
27280 5189
46400 6437
46400 6391
27280 6206
46400 6523
46400 6468
27280 4896
46400 6384
46400 6519
27280 5043
46400 6523
46400 6394
27280 5084
46400 6380
46400 6390
27280 6010
46400 6364
46400 6526
27280 6333
46400 6587
27280 3743
46400 6603
27280 3739
46400 6385
46400 6416
27280 6213
46400 6447
46400 6497
27280 5414
46400 6429
46400 7310
27280 7167
46400 6360
46400 6411
27280 6256
46400 6996
27280 5110
46400 6444
27280 3674
46400 6692
46400 7634
27280 5617
46400 6362
46400 6421
27280 5371
46400 7271
27280 5159
46400 6994
27280 5214
46400 6568
46400 6778
27280 5745
46400 6687
46400 6929
27280 5107
46400 6521
27280 4979
46400 6583
27280 5463
46400 6447
46400 6555
27280 6416
46400 7763
46400 6649
27280 4977
46400 6358
46400 6511
27280 6093
46400 6420
46400 7143
27280 5059
46400 6661
46400 6426
27280 5060
46400 6370
46400 6365
27280 3601
46400 6849
46400 7047
27280 5263
46400 6394
46400 6450
27280 6091
46400 6444
46400 7252
27280 5438
46400 6380
46400 6382
27280 4994
46400 6551
46400 6745
27280 5837
46400 6412
46400 6437
27280 6141
46400 7475
46400 6798
27280 6390
46400 6390
46400 6345
27280 5458
46400 6534
46400 6361
27280 5109
46400 6902
46400 6765
27280 5183
46400 6355
46400 6917
27280 5119
46400 6394
46400 6605
27280 5027
46400 6506
46400 6505
27280 6237
46400 6385
46400 6451
27280 6105
46400 6386
46400 6865
27280 6568
46400 6427
27280 3729
46400 6453
46400 7048
27280 6702
46400 6361
46400 6543
27280 6233
46400 6376
46400 6399
27280 4891
46400 6541
46400 6670
27280 5068
46400 6544
46400 6392
27280 4857
46400 6665
46400 6402
27280 6017
46400 6414
46400 6430
27280 6214
46400 6356
46400 6467
27280 6206
46400 6387
46400 6419
27280 6068
46400 6836
46400 6484
27280 3753
46400 6636
46400 6440
27280 4929
46400 7915
46400 6486
27280 5381
46400 6380
46400 6972
27280 5112
46400 6402
46400 6788
27280 6496
46400 6422
27280 6036
46400 6368
46400 6481
27280 6173
46400 6733
46400 6404
27280 5051
46400 7379
46400 6460
27280 6083
46400 6411
46400 6599
27280 5231
46400 6397
46400 6747
27280 5148
46400 6480
46400 6533
27280 5565
46400 6374
46400 6715
27280 6538
46400 7540
46400 6394
27280 6220
46400 6522
46400 6411
27280 6236
46400 6781
46400 6428
27280 6096
46400 6423
46400 6504
27280 6228
46400 6492
46400 6447
27280 3648
46400 6483
46400 6627
27280 5372
46400 6477
46400 6513
27280 6353
46400 6413
46400 6523
27280 6211
46400 6493
46400 6689
27280 5062
46400 6420
46400 6536
27280 5107
46400 6526
46400 7570
27280 6014
46400 6689
46400 6581
27280 5361
46400 6487
46400 6814
27280 6381
46400 6354
46400 6445
27280 6255
46400 6406
46400 6913
27280 5182
46400 7432
46400 6414
27280 5032
46400 6734
46400 7101
27280 5135
46400 6400
46400 6525
27280 6381
46400 6426
46400 6592
27280 5007
46400 6444
46400 6427
27280 5131
46400 6381
46400 6425
27280 6196
46400 7523
46400 6856
27280 5431
46400 6374
46400 6806
27280 5176
46400 6519
46400 6964
27280 5089
46400 6475
46400 6777
27280 5192
46400 6450
46400 7090
27280 5636
46400 6493
46400 6369
27280 6164
46400 6380
46400 6425
27280 6304
46400 6400
46400 6454
27280 5274
46400 6407
46400 6769
27280 4905
46400 6525
46400 6944
27280 5084
46400 6381
46400 7079
27280 5432
46400 7873
46400 6401
27280 5087
46400 6566
46400 6393
27280 6235
46400 6500
46400 6418
27280 6263
46400 6907
46400 6387
27280 5126
46400 6648
46400 6888
27280 5417
46400 6477
46400 6681
27280 5336
46400 6424
46400 6422
27280 5185
46400 6419
46400 6963
27280 4943
46400 6536
46400 7077
27280 5296
46400 6684
46400 6386
27280 6159
46400 6373
46400 6588
27280 6180
46400 7686
46400 6837
27280 5165
46400 6447
46400 6538
27280 5004
46400 6354
46400 6414
27280 6036
46400 6401
46400 6426
27280 6196
46400 6801
27280 6243
46400 6475
46400 6962
27280 5191
46400 6368
46400 6482
27280 6247
46400 6395
46400 6923
27280 5075
46400 6384
46400 7029
27280 5173
46400 6372
46400 6541
27280 6417
46400 6582
46400 7828
27280 6815
46400 6427
46400 6404
27280 6255
46400 6980
46400 6515
27280 4801
46400 6405
46400 6418
27280 6274
46400 6469
46400 6416
27280 5109
46400 6636
46400 6393
27280 6216
46400 6424
46400 6688
27280 5048
46400 6440
46400 6421
27280 6242
46400 6425
46400 6965
27280 5085
46400 6398
46400 6411
27280 6231
46400 6416
46400 6426
46400 7045
27280 632
46400 6533
46400 6492
27280 1062
46400 6550
46400 6445
27280 5208
27280 3752
46400 6815
46400 6627
27280 3683
27280 3679
46400 6428
27280 3653
46400 6592
27280 3694
46400 6641
46400 6558
27280 3674
27280 3828
46400 6496
27280 3712
46400 6570
46400 6552
27280 335
46400 6584
27280 3862
46400 6421
46400 6543
46400 7351
27280 508
27280 964
46400 6495
46400 6796
27280 487
46400 6388
46400 6957
27280 1696
46400 6485
27280 4396
46400 6439
46400 6372
46400 6522
27280 4336
46400 6456
46400 6426
27280 5182
46400 6398
46400 6399
27280 4869
46400 6369
46400 6406
27280 4839
46400 6349
46400 6853
27280 6674
46400 6388
46400 6394
27280 6202
46400 7118
46400 7255
27280 5511
46400 6438
46400 6797
27280 6345
46400 6405
46400 6771
27280 5171
46400 6395
46400 6402
27280 6198
46400 6448
46400 6437
27280 6122
46400 6411
46400 6835
27280 5231
46400 6567
27280 5033
46400 6802
46400 6369
46400 6605
27280 6362
46400 6383
46400 6823
27280 5191
46400 6442
46400 6958
27280 5195
46400 6387
46400 7362
27280 7161
46400 6377
46400 6451
27280 6237
46400 6555
46400 6669
27280 5080
46400 6370
46400 6499
27280 5258
46400 6798
46400 6388
27280 6187
46400 6412
27280 5346
46400 6472
46400 6533
46400 6721
27280 6554
46400 6543
27280 3764
46400 6395
46400 6429
27280 6243
46400 6387
46400 6824
27280 5183
46400 6400
46400 6795
27280 5072
46400 6418
46400 7325
27280 7058
46400 6473
46400 6395
27280 5372
46400 6534
46400 6851
27280 6790
46400 6384
46400 7086
27280 5129
46400 6876
46400 6403
27280 6243
46400 6387
46400 6398
27280 4937
46400 7138
46400 6506
46400 6412
27280 6226
46400 6529
27280 6170
46400 6389
46400 6440
27280 6274
46400 6495
46400 6820
27280 5186
46400 6504
46400 6394
46400 6462
27280 6231
46400 7885
27280 5708
46400 6581
46400 6549
46400 6424
27280 5283
46400 7342
27280 4933
46400 6403
46400 6619
27280 5033
46400 6594
46400 6348
46400 6544
27280 5068
46400 6402
46400 6404
27280 6205
46400 6379
46400 6394
27280 6216
46400 6395
27280 5289
46400 6374
46400 6412
27280 6045
46400 6405
46400 6863
27280 4954
46400 6808
46400 6427
27280 5191
46400 7082
46400 6485
27280 4751
46400 6410
46400 6572
27280 5035
46400 6416
46400 6415
27280 5255
46400 6378
46400 6354
27280 4908
46400 6371
46400 6477
46400 6402
27280 6164
46400 6555
46400 6565
27280 6134
46400 6432
46400 6718
27280 5527
46400 6378
46400 6395
27280 6203
46400 6525
46400 6603
27280 6393
46400 6388
46400 6504
27280 6300
46400 6810
46400 6515
27280 6327
46400 6717
46400 6544
27280 5394
46400 6440
27280 5029
46400 6873
46400 6439
46400 6781
27280 5104
46400 6379
46400 6831
27280 5135
46400 6407
46400 6795
27280 5192
46400 6417
46400 6382
27280 6246
46400 6424
27280 5106
46400 6414
46400 6479
27280 6307
46400 6451
46400 6426
27280 6063
46400 6838
46400 6419
27280 6279
46400 7113
46400 6390
27280 5108
46400 6394
46400 6425
27280 5228
46400 6390
46400 6417
27280 6141
46400 6470
46400 6401
27280 6151
46400 6535
46400 6528
27280 5074
46400 6443
46400 6620
27280 5524
46400 6379
46400 6957
27280 5127
46400 6383
46400 6407
27280 6197
46400 6395
46400 7012
27280 5111
46400 6400
46400 6401
27280 6072
46400 6947
46400 7060
27280 6728
46400 6433
46400 6388
27280 6200
46400 6877
27280 4966
46400 6485
46400 6377
46400 6821
27280 6345
46400 6387
46400 6901
27280 4908
46400 6467
46400 7270
27280 5616
46400 6369
46400 6414
27280 6223
46400 6718
27280 4615
46400 6480
46400 6560
46400 6524
27280 5049
46400 6352
46400 6426
46400 6943
27280 5117
46400 6455
46400 6542
27280 6263
46400 7109
46400 6726
27280 6607
46400 6422
46400 6432
27280 6268
27280 3717
46400 6477
46400 6525
27280 5037
46400 6434
27280 6224
46400 6453
27280 6309
46400 6402
27280 5081
46400 6767
27280 5160
46400 6416
46400 6796
27280 5192
46400 6597
46400 6413
27280 6218
46400 6437
46400 6461
27280 5338
46400 6493
46400 6836
27280 5212
46400 6940
46400 6406
27280 6246
46400 6436
46400 7372
27280 5472
46400 6426
27280 4903
46400 6388
27280 4971
46400 6404
46400 7498
27280 3606
46400 6395
46400 6482
27280 6107
46400 6365
46400 6399
27280 6175
46400 6479
46400 6403
27280 6269
46400 6406
46400 6376
27280 5339
46400 6758
46400 7042
27280 5228
46400 6365
46400 6641
27280 5013
46400 6426
46400 7047
27280 6852
46400 6369
46400 6421
27280 6142
46400 6411
46400 6906
27280 5199
46400 6403
46400 6409
27280 6179
46400 6747
46400 6383
27280 6228
46400 6352
46400 7450
27280 6179
46400 6442
46400 6421
27280 6193
46400 6526
46400 6390
27280 6187
46400 6495
46400 6391
27280 6269
46400 6821
46400 7186
27280 5198
46400 6388
46400 6376
27280 4985
46400 6913
46400 6463
27280 6093
46400 6409
27280 6173
46400 6401
46400 6773
27280 6552
46400 6356
46400 6453
27280 6322
46400 6368
46400 6565
27280 6401
46400 6384
46400 6422
27280 6247
46400 6490
46400 6465
27280 6299
46400 6576
46400 6415
27280 5124
46400 6820
46400 6749
27280 5153
46400 6405
46400 6505
27280 6341
46400 6813
46400 6451
27280 6191
46400 6925
46400 6442
27280 6126
46400 6432
46400 6564
27280 6373
46400 6412
46400 6381
27280 6204
46400 6356
46400 6944
27280 5054
46400 6511
46400 6482
27280 6070
46400 6385
46400 6479
27280 3639
46400 6475
46400 6401
27280 4827
46400 6762
46400 6408
27280 6118
46400 6400
46400 6527
27280 6332
46400 6425
46400 6782
27280 4946
46400 6441
46400 7071
27280 5606
46400 6458
46400 6778
27280 6587
46400 6414
46400 6568
27280 5104
46400 6372
46400 6381
27280 5008
46400 6425
46400 6501
27280 6181
46400 6597
46400 6426
27280 6234
46400 6522
46400 7399
27280 6141
46400 6951
46400 6520
27280 5049
46400 6454
46400 6447
27280 5097
46400 6470
46400 6566
27280 6384
46400 6495
46400 6497
27280 6362
46400 7072
46400 6398
27280 5313
46400 6471
46400 6601
27280 4923
46400 6379
46400 6944
27280 6582
46400 6493
46400 6611
27280 5023
46400 6474
46400 6536
27280 5041
46400 6901
46400 6480
27280 3622
46400 6614
46400 6769
27280 4974
46400 6359
46400 6985
27280 5596
46400 6452
46400 6372
46400 6418
46400 7134
27280 6965
46400 6512
46400 6367
27280 3878
46400 6809
46400 6388
27280 4850
46400 6539
46400 6503
27280 5030
46400 6450
46400 6370
27280 3640
46400 6369
46400 7043
27280 5119
46400 6403
46400 7246
27280 5554
46400 6444
46400 6362
27280 6187
46400 6542
46400 6564
27280 6318
46400 6395
46400 6663
27280 5045
46400 6379
46400 6392
27280 6249
46400 6439
46400 6420
27280 6063
46400 7021
46400 6682
27280 5053
46400 7253
46400 6835
27280 6532
46400 6528
46400 6378
27280 4887
46400 6565
46400 6448
27280 4863
46400 6408
46400 6523
27280 6330
46400 6406
46400 6542
27280 5047
46400 6390
46400 6434
27280 6150
46400 6403
46400 6798
27280 5148
46400 6747
46400 6972
27280 5111
46400 6371
46400 6440
27280 5122
46400 6384
46400 6422
27280 5176
46400 6368
46400 6428
27280 6102
46400 6903
46400 7412
27280 6154
46400 6634
46400 6881
27280 5161
46400 6480
46400 7494
27280 5783
46400 6499
46400 6417
27280 6197
46400 6420
46400 6649
27280 5253
46400 6496
46400 6926
27280 5085
46400 6598
46400 6799
27280 4947
46400 6499
46400 6419
27280 6224
46400 6517
46400 6399
27280 6213
46400 6382
46400 6681
27280 5050
46400 6534
46400 7343
27280 5389
46400 6468
46400 6405
27280 4856
46400 6505
46400 6464
27280 6511
46400 6349
46400 6429
27280 6174
46400 6475
46400 6790
27280 5179
46400 6452
46400 6693
27280 5986
46400 6568
46400 6401
27280 6146
46400 6377
46400 6652
27280 5326
46400 6512
46400 6826
27280 4904
46400 6437
46400 6397
27280 6208
46400 6356
46400 6427
27280 6245
46400 7388
46400 6397
27280 6145
46400 6487
46400 6482
27280 5410
46400 6496
46400 6390
27280 5297
46400 6450
46400 6969
27280 5190
46400 6367
46400 6569
27280 6358
46400 6422
46400 6390
27280 6206
46400 6406
46400 6738
27280 6548
46400 6405
46400 6383
27280 3614
46400 6674
46400 6363
27280 6082
46400 6413
46400 6431
27280 5493
46400 6339
46400 7004
27280 5106
46400 10845
46400 6521
27280 5334
46400 6403
46400 6355
27280 6171
46400 6383
46400 6691
27280 5051
46400 6433
46400 6366
27280 6218
46400 6424
46400 6444
27280 6061
46400 6377
46400 6746
27280 6537
46400 6560
46400 6393
27280 6101
46400 6402
46400 6361
27280 5031
46400 6404
46400 6443
27280 6250
46400 6421
46400 6775
27280 5699
46400 6377
46400 8144
27280 6671
46400 7018
46400 6674
27280 5065
46400 6686
46400 6416
27280 6243
46400 6501
46400 6402
27280 6468
46400 6381
46400 6508
27280 6203
46400 6456
46400 6377
27280 6217
46400 6445
46400 6836
27280 6619
46400 6459
46400 6515
27280 6248
46400 6362
46400 6843
27280 6598
46400 6409
46400 6385
27280 4798
46400 6364
46400 6466
27280 6301
46400 6562
46400 6665
27280 4983
46400 7038
46400 6912
27280 5194
46400 6518
46400 6809
27280 6549
46400 6838
46400 6827
27280 6670
46400 6686
46400 6391
27280 4903
46400 6415
46400 6774
27280 5061
46400 6384
46400 6830
27280 6644
46400 6477
46400 6892
27280 5068
46400 6825
46400 6454
27280 6339
46400 6824
46400 7061
27280 5026
46400 6476
46400 6762
27280 5295
46400 6808
46400 6882
27280 6656
46400 6979
46400 6422
27280 6234
46400 6381
46400 6697
27280 5313
46400 6841
46400 6399
27280 6137
46400 7796
46400 6401
27280 4976
46400 6579
46400 6467
27280 5106
46400 6451
46400 6471
27280 6179
46400 6493
46400 6386
27280 4022
46400 6381
46400 6439
27280 6229
46400 6391
46400 6712
27280 5094
46400 6454
46400 6582
27280 5268
46400 6452
46400 7831
27280 6347
46400 6407
46400 6362
27280 6190
46400 6353
46400 6421
27280 6182
46400 6553
46400 7084
27280 5653
46400 6423
46400 6360
27280 6150
46400 6414
46400 6524
27280 6348
46400 6395
46400 6893
27280 4943
46400 7001
46400 6537
27280 5407
46400 6421
27280 6238
46400 6852
46400 6665
27280 4986
46400 6364
46400 6569
27280 5110
46400 7115
46400 6417
27280 5127
46400 6501
46400 6584
27280 6299
46400 7122
46400 6414
27280 6189
46400 6501
46400 6630
27280 5047
46400 6447
27280 5347
46400 6535
46400 6688
27280 6438
46400 6650
46400 6426
27280 6179
46400 6532
46400 6467
27280 6237
46400 6581
46400 6916
27280 5148
46400 6452
46400 6395
27280 4860
46400 6369
46400 6599
27280 4945
46400 7387
46400 6611
27280 5035
46400 6452
46400 6795
27280 6600
46400 6400
46400 6539
27280 5294
46400 6482
46400 6407
27280 3621
46400 6391
46400 6949
27280 5278
46400 6415
46400 7035
27280 4992
46400 6519
46400 6408
27280 4956
46400 6535
46400 6664
27280 6469
46400 6469
46400 6473
27280 6329
46400 6383
46400 6777
27280 6341
46400 6546
46400 7089
27280 5509
46400 6877
46400 6935
27280 5064
46400 6365
46400 6668
27280 5065
46400 6696
46400 7039
27280 5404
46400 6391
46400 6397
27280 6216
46400 6367
46400 6445
27280 6003
46400 6408
46400 6515
27280 5051
46400 6433
46400 6569
27280 6259
46400 6411
46400 6390
27280 6161
46400 6847
46400 6385
27280 5180
46400 6376
46400 6473
27280 6210
46400 7723
46400 6432
27280 6257
46400 6531
46400 6421
27280 6241
46400 6530
46400 6553
27280 6375
46400 6361
46400 6666
27280 5031
46400 6443
46400 6584
27280 6428
46400 6425
46400 6481
27280 6339
46400 6376
46400 6404
27280 6164
46400 6452
46400 6433
27280 5379
46400 6400
46400 6838
27280 5166
46400 6353
46400 6981
27280 5286
46400 7393
46400 6718
27280 6516
46400 7889
46400 6379
27280 6107
46400 6816
46400 6877
27280 4952
46400 6578
46400 6399
27280 5440
46400 6414
46400 7043
27280 5136
46400 6426
46400 6968
27280 5364
46400 6416
46400 6652
27280 6568
46400 6364
46400 7011
27280 5244
46400 6481
46400 6629
27280 6489
46400 6514
46400 7355
27280 4979
46400 6690
46400 6374
27280 4837
46400 6460
46400 7907
27280 6197
46400 6437
46400 6617
27280 5027
46400 6564
46400 6889
27280 4929
46400 6542
46400 6443
27280 6023
46400 6631
46400 6545
27280 6168
46400 6362
46400 6448
27280 6171
46400 6821
46400 6401
27280 6038
46400 6386
46400 6862
27280 5197
46400 6428
46400 6404
27280 6147
46400 6496
46400 6402
27280 6201
46400 6680
46400 6947
27280 5245
46400 7435
46400 6868
27280 4935
46400 6458
46400 7018
27280 5300
46400 6409
46400 6436
27280 6259
46400 6846
46400 7099
27280 5612
46400 6372
46400 6438
27280 5271
46400 6392
46400 6411
27280 4873
46400 6393
46400 6721
27280 5017
46400 6374
46400 6453
27280 3643
46400 6390
46400 6469
27280 6214
46400 6426
46400 6665
27280 6379
46400 6413
46400 6581
27280 5207
46400 6962
46400 6575
27280 6413
46400 6386
46400 6792
27280 5213
46400 6601
46400 6368
27280 6208
46400 6816
46400 6788
27280 5083
46400 6408
46400 6390
27280 6189
46400 6452
46400 6558
27280 5163
46400 6391
46400 6864
27280 6661
46400 6406
46400 6463
27280 6295
46400 6382
46400 6544
46400 6502
27280 3963
27280 3836
46400 6422
46400 6481
27280 115
46400 6435
46400 6823
27280 2323
46400 7241
27280 2657
46400 6587
46400 6410
27280 3707
27280 3682
46400 6842
46400 7450
27280 2900
46400 6557
46400 6416
27280 5085
38545 6030
27280 3677
38545 6546
46400 6485
27280 4011
46400 6363
27280 3652
46400 6435
27280 3674
46400 6535
27280 4016
46400 6942
27280 3818
46400 6564
46400 6453
27280 4012
27280 4701
46400 6433
46400 6462
27280 3668
46400 6517
46400 7113
27280 5457
27280 3684
46400 6697
46400 6553
27280 4207
27280 3662
46400 6386
46400 6988
27280 69
46400 6397
46400 6633
27280 4970
27280 3844
46400 6395
27280 5338
46400 6393
46400 6405
27280 3934
27280 4695
46400 6874
46400 6897
27280 3671
27280 3685
46400 6905
46400 6433
27280 3631
27280 4156
46400 6583
27280 3683
46400 6416
46400 6424
27280 3895
27280 3657
46400 6553
27280 3708
46400 6539
27280 3704
46400 6565
27280 3681
46400 6497
27280 5040
46400 6890
27280 3662
46400 6536
46400 7174
27280 513
46400 6386
27280 3894
9537 3626
9537 4719
46400 6891
46400 6401
27280 3672
27280 3749
46400 6515
27280 3796
46400 6603
27280 3859
46400 6519
46400 6834
27280 579
46400 6439
27280 3661
46400 6422
27280 3967
46400 6484
46400 6419
27280 3708
27280 3657
46400 6518
46400 6812
27280 374
46400 6387
46400 6856
27280 1116
46400 6385
46400 6567
27280 1333
46400 7469
27280 3865
46400 6703
27280 3777
46400 6625
46400 6512
27280 722
46400 6414
46400 6692
27280 2150
46400 6382
46400 6419
46400 6405
27280 5299
46400 6948
27280 5107
46400 6414
46400 6467
27280 5120
46400 6540
46400 6566
27280 5079
46400 6556
46400 6390
27280 6139
46400 6515
46400 6816
27280 5194
46400 6387
46400 6613
27280 5413
46400 6941
46400 6822
27280 5216
46400 6516
46400 6855
46400 6396
46400 6949
27280 5073
46400 6390
46400 6428
27280 6232
46400 6446
46400 6514
27280 6374
46400 6435
46400 6633
27280 5865
46400 6444
46400 6398
27280 4782
46400 6404
46400 6913
27280 5213
46400 6499
46400 6609
27280 4937
46400 6491
46400 6434
27280 6192
46400 6552
46400 7282
27280 6921
46400 6393
46400 6383
46400 6403
27280 6176
46400 6426
46400 6416
27280 5052
46400 6354
46400 7101
27280 5384
46400 7259
27280 4927
46400 6554
27280 5040
46400 6391
46400 6473
46400 6399
27280 5391
46400 6364
27280 3722
46400 6429
46400 6401
46400 6397
27280 5306
38545 3656
46400 6409
27280 3766
46400 7116
46400 6438
27280 4087
46400 6860
46400 6589
27280 6309
46400 6486
46400 7036
27280 5107
46400 6478
46400 6594
27280 6394
46400 6419
46400 6429
27280 3597
46400 6414
46400 6439
27280 3605
9537 3699
46400 6550
46400 6499
27280 6332
46400 6563
46400 7061
27280 5095
46400 6463
46400 6896
27280 5189
46400 6380
46400 6971
27280 5209
46400 6376
46400 6541
27280 6128
46400 7135
46400 6524
27280 5067
46400 6370
46400 6391
27280 6237
46400 7076
46400 6851
27280 4927
46400 6413
46400 6914
27280 5098
46400 6504
46400 6441
27280 6151
46400 6627
46400 6996
27280 5203
46400 6539
46400 6453
27280 6047
46400 6517
46400 6394
27280 6194
46400 6830
46400 6640
27280 6440
46400 6392
46400 6391
27280 6168
46400 6415
46400 6919
27280 6467
46400 6809
46400 6902
27280 6679
46400 6401
46400 6408
27280 4896
46400 6714
46400 6850
27280 5150
46400 6381
46400 6916
27280 5195
46400 6525
46400 6587
27280 3620
46400 6489
46400 6798
27280 5038
46400 6403
46400 6856
27280 4892
46400 6502
46400 6500
27280 6170
46400 6552
46400 6363
27280 3736
46400 6674
46400 6481
27280 3668
46400 6541
46400 7602
27280 5944
46400 7193
46400 6381
27280 5235
46400 6552
46400 6494
27280 6197
46400 6386
46400 6424
27280 4992
46400 6375
46400 6780
27280 5094
46400 6439
46400 6440
27280 4840
46400 6397
46400 6964
27280 5172
46400 6385
46400 6517
27280 5379
46400 6843
46400 7265
27280 6968
46400 6453
46400 7025
27280 5267
46400 6377
46400 6558
27280 6184
46400 7181
46400 6515
27280 6302
46400 6873
46400 6997
27280 4969
46400 6367
46400 6650
27280 5035
38545 3611
46400 6383
46400 6378
27280 6082
46400 6397
46400 6538
27280 6115
46400 6480
27280 4036
46400 6728
46400 6348
27280 5050
46400 6386
46400 6431
27280 5375
46400 6402
46400 6533
27280 5281
46400 6381
46400 7656
27280 5689
46400 6456
46400 6849
27280 6673
46400 6359
46400 6929
27280 5069
46400 6564
46400 6823
27280 5195
46400 6532
46400 6351
27280 4810
46400 6753
46400 6634
27280 5058
46400 6833
46400 6621
27280 5367
46400 6400
46400 6544
27280 6169
46400 6377
46400 6806
27280 5116
46400 6478
46400 6510
27280 4604
46400 6846
46400 7021
27280 5018
46400 6434
46400 6686
27280 4989
46400 6984
46400 6549
27280 5077
46400 6377
46400 6944
27280 5477
46400 6397
46400 6941
27280 4945
46400 6412
46400 6866
27280 4908
46400 6411
46400 6408
27280 3694
46400 6375
46400 6944
27280 5191
46400 6389
46400 6549
27280 6132
46400 6519
46400 6437
27280 4962
46400 6414
46400 6410
27280 3877
46400 6841
46400 6405
27280 6053
46400 6369
46400 6413
27280 4887
46400 7134
46400 7427
27280 6156
46400 6457
46400 6517
27280 3638
46400 6909
46400 6432
27280 5455
46400 7141
46400 6411
46400 6398
27280 4433
46400 6902
27280 5728
46400 6391
46400 6950
27280 5191
46400 6552
46400 6427
27280 4327
46400 6982
46400 6813
27280 5578
46400 6401
46400 6416
27280 5296
46400 6521
46400 7070
27280 4933
46400 6457
46400 7260
27280 5488
46400 6460
46400 6802
27280 6652
46400 6663
46400 6581
27280 5135
46400 6351
46400 7086
27280 4947
46400 6360
46400 6497
27280 3619
46400 6749
46400 6381
27280 5350
46400 6401
27280 6134
46400 6848
46400 6414
27280 5427
46400 6437
46400 7074
27280 5172
46400 6362
46400 6884
27280 4920
46400 6384
27280 4815
46400 6931
46400 6714
27280 5073
46400 6456
46400 6793
27280 4933
46400 7287
46400 6598
27280 5054
46400 6509
46400 6792
27280 5079
46400 6355
46400 6423
27280 5248
46400 6587
46400 6464
27280 3605
46400 6402
46400 6490
27280 4854
46400 6366
46400 6862
27280 6572
46400 6378
46400 6726
27280 4927
46400 6517
46400 7003
27280 4964
46400 6505
46400 6512
27280 5488
46400 6934
46400 7211
27280 4949
46400 6479
46400 6427
27280 6247
46400 6522
46400 6376
27280 5265
46400 6497
46400 6451
27280 5288
46400 6422
46400 6753
27280 5649
46400 6432
46400 6373
27280 4858
46400 6361
46400 6411
27280 6120
46400 6399
46400 6421
27280 6050
46400 6385
46400 6469
27280 5331
46400 6378
46400 7267
27280 4932
46400 6535
46400 7070
27280 5600
46400 7332
46400 6648
27280 3585
46400 6400
27280 6084
46400 6467
46400 6411
27280 5318
46400 6399
46400 6785
27280 5194
46400 6425
46400 6957
27280 5063
46400 6843
46400 6397
27280 6224
46400 6369
27280 5211
46400 6388
46400 6851
27280 6533
46400 6488
46400 6366
27280 5098
46400 6400
46400 6848
27280 4979
46400 6958
46400 6497
27280 6066
46400 6525
46400 6659
27280 5066
46400 6367
46400 6430
27280 6181
46400 6784
46400 6368
27280 6198
46400 6447
46400 6412
27280 6249
46400 6401
46400 6830
27280 4910
46400 6504
46400 6799
27280 5038
46400 6416
46400 6836
27280 4045
46400 6400
46400 6848
27280 5208
46400 6387
46400 6779
27280 5553
46400 6817
46400 6605
27280 6319
46400 7179
46400 6397
27280 5053
46400 6501
46400 6963
27280 5178
46400 6444
46400 6402
27280 6074
46400 6373
46400 6868
27280 5065
46400 6744
46400 6548
27280 6401
46400 6399
46400 6567
27280 6214
46400 6502
46400 6453
27280 6294
46400 6424
46400 6610
27280 5048
46400 6415
46400 6534
27280 6294
46400 6384
46400 6815
27280 4919
46400 6433
46400 6984
27280 5960
46400 6408
46400 6875
27280 5481
46400 6796
46400 6406
27280 6240
46400 6366
46400 6489
27280 3621
46400 6405
46400 6393
27280 6065
46400 6380
46400 6442
27280 6054
46400 6789
46400 6478
27280 6030
46400 6770
46400 6386
27280 6085
46400 6420
46400 6670
27280 5077
46400 6566
46400 6945
27280 3610
46400 6405
46400 6685
27280 5883
46400 6923
46400 6406
27280 6038
46400 6481
46400 6830
27280 4967
46400 6412
46400 6408
27280 6141
46400 6545
46400 7636
27280 5795
46400 6369
46400 6915
27280 5204
46400 6400
46400 6426
27280 3652
46400 6373
46400 6413
27280 6191
46400 6412
46400 6358
27280 3647
46400 6415
46400 6458
27280 3717
46400 6862
46400 6370
27280 3622
46400 6424
46400 7000
27280 4970
46400 6897
46400 6419
27280 6230
46400 6408
46400 6832
27280 6510
46400 6409
46400 6468
27280 6245
46400 6442
46400 6507
27280 5326
46400 6420
46400 6379
27280 6238
46400 6603
46400 6421
27280 5081
46400 6351
46400 6407
27280 5297
46400 6391
46400 6682
27280 5022
46400 7171
46400 6388
27280 6082
46400 6518
46400 6397
27280 5411
46400 6385
46400 6531
27280 6154
46400 7009
46400 6413
27280 6224
46400 6404
46400 6778
27280 6625
46400 6679
46400 6547
27280 6143
46400 6382
46400 6542
27280 5360
46400 6403
46400 6389
27280 4844
46400 6416
46400 6415
27280 5460
46400 6543
46400 6397
27280 6039
46400 6377
46400 6851
27280 4926
46400 6535
46400 6766
27280 4059
46400 6408
46400 6963
27280 5185
46400 6417
46400 7600
27280 5405
46400 6387
46400 6515
27280 4993
46400 6420
46400 6458
27280 6183
46400 6823
46400 6640
27280 5054
46400 6402
46400 6499
27280 6056
46400 6466
46400 6942
27280 6625
46400 6416
46400 6949
27280 4914
46400 6386
46400 6927
27280 5211
46400 6800
46400 7169
27280 5431
46400 6550
46400 6403
27280 5022
46400 6375
46400 6859
27280 5471
46400 6896
46400 6736
27280 6465
46400 6754
46400 6377
27280 5225
46400 6389
46400 6672
27280 6280
46400 6350
46400 6474
27280 3657
46400 6370
46400 6453
27280 4962
46400 6368
46400 6438
27280 3640
46400 6526
46400 6386
27280 6235
46400 6350
46400 6417
27280 6200
46400 6413
46400 6556
27280 6284
46400 6782
46400 6421
27280 6134
46400 6403
46400 6907
27280 5188
46400 7205
46400 6838
27280 5031
46400 6524
46400 6401
27280 5409
46400 6439
46400 6437
27280 4909
46400 6370
46400 6840
27280 4926
46400 6397
46400 6434
27280 6225
46400 6390
46400 6491
27280 4921
46400 6330
46400 6582
27280 6316
46400 6541
46400 6518
27280 5045
46400 6427
46400 6783
27280 5205
46400 6386
46400 7585
27280 6214
46400 6479
46400 6416
27280 3640
46400 7087
46400 6987
27280 5695
46400 6412
46400 7233
27280 6701
46400 6371
46400 6538
27280 6104
46400 6469
46400 6431
27280 5451
46400 6373
46400 6393
27280 6161
46400 6421
46400 6895
27280 5085
46400 6499
46400 6949
27280 5204
46400 6795
46400 6402
27280 3580
46400 6411
46400 6865
27280 4942
46400 6389
46400 6445
27280 5132
46400 6557
46400 7724
27280 6919
46400 6369
46400 6796
27280 5058
46400 6755
46400 6553
27280 6321
46400 6509
46400 6609
27280 6291
46400 6494
46400 6423
27280 6201
46400 6837
46400 6668
27280 5011
46400 6412
46400 6486
27280 4957
46400 6823
46400 6922
27280 5089
46400 6461
46400 6897
27280 4913
46400 6394
46400 6564
27280 6096
46400 6424
46400 7055
27280 5055
46400 6916
46400 6408
27280 6261
46400 6396
46400 6508
27280 4106
46400 6342
46400 7812
27280 6083
46400 6427
46400 6852
27280 5152
46400 6394
27280 6216
46400 6454
46400 6404
27280 5018
46400 6416
46400 6392
27280 6219
46400 6405
46400 6782
27280 6590
46400 6867
46400 7072
27280 1659
46400 6817
46400 6437
27280 1540
46400 7113
46400 7141
27280 3616
46400 6395
46400 6940
27280 2812
46400 6808
46400 6399
27280 469
46400 6562
27280 4982
46400 6427
27280 3807
46400 6476
46400 6650
27280 3899
27280 3745
46400 6520
27280 3725
46400 6550
27280 3631
46400 6366
46400 6807
46400 6506
27280 108
46400 6364
27280 3785
46400 7363
27280 5126
46400 6408
27280 3633
46400 6849
27280 4931
46400 6618
27280 4443
46400 6506
27280 3677
46400 6417
27280 3694
46400 6564
27280 3778
46400 6499
27280 3779
46400 6366
27280 5008
46400 6432
46400 6377
27280 3685
27280 3861
46400 6923
27280 4925
27280 3680
46400 6922
27280 3691
46400 6381
27280 3699
46400 6464
27280 3706
46400 7249
27280 4674
46400 7015
27280 5253
46400 6438
27280 3693
46400 6482
46400 6898
27280 3340
46400 6413
27280 6591
46400 6554
27280 5022
46400 6386
46400 6399
27280 2417
46400 6573
46400 6431
27280 3615
46400 6433
27280 6028
46400 6393
46400 6379
46400 6863
46400 6374
27280 3780
46400 6373
46400 6596
27280 6417
46400 6681
46400 8089
27280 6213
46400 6395
46400 6371
27280 5059
46400 6431
46400 6496
27280 4838
27280 3686
46400 6557
46400 6434
27280 6039
46400 6441
46400 6428
27280 6146
46400 6805
46400 6394
27280 4963
46400 6377
46400 6379
27280 6128
46400 6793
27280 4958
46400 6407
46400 6536
27280 6138
46400 6414
46400 6381
27280 5179
46400 6413
46400 6395
27280 5147
46400 7086
27280 5484
46400 6377
27280 6223
46400 6470
46400 6513
27280 4069
46400 6462
46400 6368
27280 3772
46400 6358
46400 6366
27280 5161
46400 6411
46400 6387
27280 6112
46400 6376
46400 6409
27280 5382
46400 6381
46400 6668
27280 5054
46400 6673
27280 4283
46400 6494
46400 6406
27280 6196
46400 6497
46400 6379
27280 5768
46400 6436
46400 6431
27280 6258
46400 7172
46400 6369
46400 6512
27280 5279
46400 6679
46400 6546
27280 6308
46400 6425
46400 6404
27280 5009
46400 7182
27280 4953
46400 6364
46400 6439
27280 6341
46400 6413
46400 7049
27280 5039
46400 6400
46400 6483
27280 6331
46400 6386
46400 6419
27280 5290
46400 6647
46400 6776
27280 5460
46400 6406
46400 6549
27280 4932
46400 6492
46400 6897
27280 6662
46400 6366
46400 6584
27280 5023
46400 6437
46400 6521
27280 6366
46400 6902
46400 6579
27280 5099
46400 6425
46400 6750
27280 5171
46400 6442
46400 6507
27280 5043
46400 6884
46400 6393
27280 6191
46400 6403
46400 6776
27280 5070
46400 6411
46400 7014
27280 5207
46400 6374
46400 6450
27280 6327
46400 6559
46400 6988
27280 4964
46400 7674
46400 6388
27280 6117
46400 6402
46400 6642
27280 4087
46400 6488
46400 7411
27280 5563
46400 6405
46400 6847
27280 5200
46400 6397
46400 6507
27280 6294
46400 6399
46400 6581
27280 6120
46400 6737
46400 6514
27280 6028
46400 6404
46400 6840
27280 5219
46400 6381
46400 6706
27280 4928
46400 6393
46400 6775
27280 5157
46400 6415
46400 6827
27280 4987
46400 6879
46400 6414
27280 6217
46400 6393
46400 6709
27280 5088
46400 6517
46400 6420
27280 6186
46400 6464
46400 6899
27280 5189
46400 6354
46400 7137
27280 4923
46400 6463
46400 7197
27280 5531
46400 6374
46400 7085
27280 4954
46400 6399
46400 6398
27280 4859
46400 6375
46400 6389
27280 6081
46400 6351
46400 6388
27280 6223
46400 6385
46400 7270
27280 5332
46400 6959
46400 7417
27280 5817
46400 6503
46400 6832
27280 5212
46400 6415
46400 6691
27280 5021
46400 6423
46400 6752
27280 5058
46400 6444
46400 6549
27280 5068
46400 6439
46400 6933
27280 5179
46400 6457
46400 6581
27280 6112
46400 6367
46400 6500
27280 3616
46400 6453
46400 6403
46400 6411
46400 7123
27280 6873
46400 6816
46400 6905
27280 5201
46400 7132
46400 6844
27280 6583
46400 6375
46400 7057
27280 5098
46400 6415
27280 4241
46400 7061
27280 5410
46400 6386
27280 4176
46400 6411
27280 3813
46400 6798
27280 4082
46400 7136
27280 5388
46400 6428
27280 3797
46400 6362
27280 3691
46400 6411
46400 7015
27280 5262
27280 3805
46400 6370
46400 6750
27280 3808
27280 5560
46400 7392
46400 6392
27280 1247
46400 6614
27280 4082
46400 6354
27280 3858
46400 6364
27280 5182
46400 6371
27280 4016
46400 6539
27280 3965
46400 6378
27280 3702
46400 6479
27280 4989
46400 6379
27280 4675
46400 6890
27280 5285
46400 6398
27280 3816
46400 6850
27280 5173
46400 7236
27280 5123
46400 6427
27280 5286
46400 6448
27280 4212
46400 6396
27280 4122
46400 8073
27280 6963
46400 6625
27280 3771
46400 6831
27280 3737
46400 6502
27280 3703
46400 6395
46400 7004
27280 11
46400 6370
46400 6411
27280 906
46400 6448
46400 6446
27280 2080
46400 6540
46400 6378
27280 67
46400 6568
27280 3681
46400 7688
27280 5268
46400 6725
27280 4624
46400 6534
27280 3817
46400 7792
46400 6447
27280 6237
46400 6485
46400 6518
27280 5197
46400 6422
46400 6982
27280 5089
46400 6418
46400 6879
27280 4896
46400 6423
46400 6397
27280 4864
46400 6404
46400 6387
27280 4879
46400 6414
46400 6520
27280 6362
46400 6394
46400 6627
27280 6492
46400 6388
46400 6941
27280 5923
46400 6538
46400 6608
27280 6421
46400 6508
46400 6425
27280 4789
46400 7866
46400 6966
27280 4922
46400 6726
46400 6571
27280 5155
46400 6568
46400 6520
27280 6081
46400 6554
46400 7124
27280 407
46400 6474
46400 7008
27280 1398
46400 6434
27280 3729
46400 6389
46400 6409
27280 3893
27280 3655
46400 6515
27280 3885
46400 6667
27280 4668
46400 6417
27280 3720
46400 6516
27280 5461
46400 8291
46400 6528
46400 7182
27280 5455
46400 6361
46400 6568
27280 5723
46400 6494
27280 5201
46400 6451
46400 6388
27280 6213
46400 6933
46400 6570
27280 5089
46400 6417
46400 6394
27280 5258
46400 6395
46400 6446
27280 5165
46400 6532
46400 6500
27280 6309
46400 6522
46400 6804
27280 5175
46400 6415
46400 6973
27280 5146
46400 6591
46400 7001
27280 4960
46400 7628
46400 7080
27280 5256
46400 6371
46400 6545
27280 3730
46400 6548
46400 6391
27280 5118
46400 6597
46400 6788
27280 4383
46400 6479
46400 6596
27280 6250
46400 6442
46400 6891
27280 5485
46400 6896
46400 6516
27280 6375
46400 6404
46400 6379
27280 6200
46400 6416
46400 6383
27280 6197
46400 6519
46400 6422
27280 6142
46400 6660
46400 6694
27280 5113
46400 8370
46400 6428
27280 4933
46400 6592
46400 6928
27280 5069
46400 6380
46400 6458
27280 6131
46400 6868
46400 7090
46400 6467
46400 7005
27280 5229
46400 6654
46400 7024
27280 5286
46400 6477
46400 6814
27280 4888
46400 6690
46400 6597
27280 3784
46400 6395
46400 7183
27280 5246
46400 6354
46400 6394
27280 6252
46400 6485
46400 6472
27280 6183
46400 7336
46400 6448
27280 6158
46400 6696
46400 6525
27280 6303
46400 6485
46400 6407
27280 6218
46400 6416
46400 6833
27280 4900
46400 6389
46400 6805
27280 5211
46400 6371
46400 6446
27280 5106
46400 6427
46400 7212
27280 5634
46400 6561
46400 6420
27280 5302
46400 6578
46400 6570
27280 5422
46400 8149
46400 6661
27280 4149
46400 6405
46400 8351
27280 6132
46400 6424
46400 6403
27280 5025
46400 6528
46400 6471
27280 5195
46400 6391
46400 6411
27280 5426
46400 6392
46400 6813
27280 5184
46400 6547
46400 6383
27280 5209
46400 6441
46400 6873
27280 6597
46400 6497
46400 6805
27280 5164
46400 6538
46400 6459
27280 5211
46400 6356
46400 6425
27280 6010
46400 6391
46400 6925
27280 5094
46400 8055
46400 6626
27280 6432
46400 6378
46400 6538
27280 5141
46400 6833
46400 6383
27280 6220
46400 6430
46400 6452
27280 6185
46400 6376
46400 6795
27280 5178
46400 6425
46400 6427
27280 6106
46400 6845
46400 6778
27280 5190
46400 6404
46400 6378
27280 6213
46400 7398
46400 6530
27280 6106
46400 6456
46400 6419
27280 6215
46400 6435
46400 7010
27280 5230
46400 7659
46400 6396
27280 6078
46400 6729
46400 6797
27280 4945
46400 6421
46400 6381
27280 5345
46400 6519
46400 6556
27280 6389
46400 6500
46400 6472
27280 5363
46400 6401
46400 6444
27280 3956
46400 6429
46400 6380
27280 6187
46400 6487
46400 6427
27280 6078
46400 6387
46400 6428
27280 5107
46400 6553
46400 6529
27280 6244
46400 6355
46400 6474
27280 6323
46400 7395
46400 6429
27280 6270
46400 6496
46400 6405
27280 4864
46400 6869
46400 6944
27280 5111
46400 6559
46400 6919
27280 4901
46400 6557
46400 6421
27280 5139
46400 6491
46400 6437
27280 5026
46400 6706
46400 6472
27280 5120
46400 6522
46400 6382
27280 4835
46400 6505
46400 6389
27280 6152
46400 6537
46400 6424
27280 6127
46400 6550
46400 7601
27280 7183
46400 6395
46400 7632
27280 6211
46400 6499
46400 6983
27280 5235
46400 6420
46400 6370
27280 3627
46400 6590
46400 6408
27280 6195
46400 6490
46400 6759
27280 5327
46400 6382
46400 6455
27280 5053
46400 6426
46400 6924
27280 5098
46400 6436
46400 6408
27280 5171
46400 6785
46400 6585
27280 5144
46400 6515
46400 6490
27280 5387
46400 7523
46400 6804
27280 5036
46400 6421
46400 6577
27280 4326
46400 6386
46400 6960
27280 5381
46400 6414
46400 6920
27280 5161
46400 6413
46400 6408
27280 3764
46400 6391
46400 6455
27280 6166
46400 6530
46400 6628
27280 5197
46400 6374
46400 6800
27280 5025
46400 6424
46400 6997
27280 5115
46400 6407
46400 6429
27280 6214
46400 6389
46400 7688
27280 5673
46400 7667
46400 6412
27280 6130
46400 6403
46400 7009
27280 5301
46400 6438
46400 6374
27280 5076
46400 7214
27280 5641
46400 6521
46400 7207
27280 5400
46400 6517
46400 6399
27280 6059
46400 6377
46400 6871
27280 5458
46400 6455
46400 6575
27280 6170
46400 6439
46400 6981
27280 5221
46400 6417
46400 6854
27280 6393
46400 6494
46400 6569
27280 4097
46400 7363
46400 6519
27280 4968
46400 6457
46400 7123
27280 5095
46400 6419
46400 6616
27280 4929
46400 6503
46400 6429
27280 5350
46400 6757
46400 6443
27280 5171
46400 6535
46400 6472
27280 3638
46400 6398
46400 6437
27280 6241
46400 6377
46400 6407
27280 4862
46400 6405
46400 7069
27280 5586
46400 6396
46400 6419
27280 5264
46400 6420
46400 7896
27280 6061
46400 6957
46400 6866
27280 4926
46400 6508
46400 7207
27280 5030
46400 6417
46400 6549
27280 5047
46400 6432
46400 6903
27280 5095
46400 6383
46400 6958
27280 4961
46400 6391
46400 6908
27280 4906
46400 6418
46400 6824
27280 5211
46400 6431
46400 6536
27280 3659
46400 6767
46400 6410
27280 6246
46400 6490
27280 6271
46400 6954
46400 6674
27280 5039
46400 6478
46400 6457
27280 5069
46400 6386
46400 6481
27280 6239
46400 6444
46400 6381
27280 5084
46400 6408
46400 6491
27280 6320
46400 6411
46400 6529
27280 6193
46400 6414
46400 6394
27280 3617
46400 6462
46400 7380
27280 5476
46400 7085
46400 6505
27280 3631
46400 6463
46400 6792
27280 6398
46400 6401
46400 6429
27280 5381
46400 7366
46400 6417
27280 5235
46400 6419
46400 6749
27280 5162
46400 6392
46400 6404
27280 5363
46400 6457
46400 6489
27280 6064
46400 6387
46400 6470
27280 6261
44995 3716
44995 6060
46400 6358
46400 6526
27280 6226
46400 6399
46400 6391
27280 5124
46400 6360
46400 6400
27280 3603
46400 6397
46400 6390
27280 4859
46400 6437
46400 6932
27280 4926
46400 7403
46400 6883
27280 4944
46400 6546
46400 6489
27280 4963
46400 6359
46400 6394
27280 4874
46400 6395
46400 6551
27280 6360
59160 3618
59160 3694
46400 6481
46400 6483
59160 3786
27280 3688
44995 3729
36283 3847
29114 3861
46400 6466
46400 6579
27280 6374
46400 6576
46400 7107
27280 4897
46400 6461
46400 6822
27280 6459
46400 6412
46400 6985
27280 5244
46400 7576
46400 6900
27280 5068
46400 6385
46400 7032
27280 5096
27280 6064
46400 6531
46400 6432
27280 6241
46400 6503
46400 6685
27280 5039
46400 6607
27280 3818
46400 7020
27280 5102
46400 6443
27280 6296
46400 6820
27280 5187
46400 6829
46400 6432
27280 6244
46400 6465
27280 6280
46400 6468
27280 3600
46400 6561
27280 3664
46400 6391
27280 5270
46400 7000
46400 6430
27280 5047
46400 6409
46400 7134
27280 5388
46400 6538
46400 6370
27280 6164
46400 6382
46400 6749
27280 4938
46400 6540
27280 6094
46400 6751
46400 6607
27280 3592
46400 6364
46400 6654
27280 5376
46400 6408
46400 6771
27280 4947
46400 6473
46400 6618
27280 5016
46400 6390
46400 7465
27280 5505
46400 6386
46400 6544
27280 6129
46400 7123
46400 6761
27280 5579
46400 6374
46400 6964
27280 5187
46400 6415
46400 6966
27280 5207
46400 6416
46400 7116
27280 4936
46400 6865
46400 7112
27280 5533
46400 6389
46400 6870
27280 4903
46400 6397
46400 6856
27280 6439
46400 6471
46400 6390
27280 5412
46400 6498
46400 6766
27280 5175
46400 6488
46400 6690
27280 5032
46400 6576
46400 7160
27280 5341
46400 6382
46400 7204
27280 5481
46400 6408
46400 6629
27280 5002
46400 6669
46400 6423
27280 5478
46400 6359
46400 6416
27280 2943
46400 6405
27280 4928
46400 6707
27280 3684
46400 6499
27280 5044
46400 6493
27280 5058
46400 6389
46400 7754
27280 1261
46400 6380
27280 3694
46400 6432
27280 3645
46400 7433
27280 779
46400 6350
46400 6500
27280 917
46400 6538
46400 6429
27280 3860
27280 3786
46400 6756
46400 6401
27280 3233
46400 6374
46400 6499
27280 1821
50486 3657
36283 3645
36283 7509
46400 6464
27280 6092
21815 3820
29114 3623
29114 7165
46400 6658
27280 5037
46400 6547
46400 6445
27280 6280
46400 6875
46400 6841
27280 4925
46400 6384
46400 6728
27280 6474
46400 6476
46400 6497
27280 5378
46400 6513
46400 6720
27280 5208
46400 6544
46400 6416
27280 5056
46400 6396
46400 6417
27280 5041
46400 6519
46400 6388
27280 5380
46400 6491
46400 6530
27280 5072
46400 6427
46400 6536
27280 6316
46400 6411
46400 6409
27280 4882
46400 6473
46400 6562
27280 6318
46400 6875
46400 6410
27280 6212
46400 6355
46400 6448
27280 6178
46400 6537
46400 6978
27280 5083
46400 6412
46400 6432
27280 3640
46400 6436
46400 6972
27280 5068
46400 6447
46400 6435
27280 6278
46400 6382
46400 6408
27280 5026
46400 6412
46400 6715
27280 5059
46400 6392
46400 6697
27280 5029
46400 6518
46400 6662
27280 5035
46400 6562
46400 7413
27280 7228
46400 6410
46400 6493
27280 6305
46400 6381
46400 6424
27280 4831
46400 6444
46400 6374
27280 6170
46400 6396
46400 6966
27280 4962
46400 6479
46400 6408
27280 3785
46400 6371
46400 6405
27280 6161
46400 6414
46400 6882
27280 5093
46400 6516
46400 7966
27280 6618
46400 6570
46400 7145
27280 5095
46400 6416
46400 6438
27280 6255
46400 7757
46400 7071
27280 4898
46400 6748
46400 6848
27280 4929
46400 6511
46400 6875
27280 5063
46400 6438
46400 6491
27280 6295
50486 4145
46400 6444
46400 6547
27280 6121
50486 13456
50486 6421
50486 6547
50486 6834
36283 5057
21815 3646
21815 7631
21815 6378
21815 6386
29114 4854
21815 6237
29114 3610
46400 6396
46400 6418
27280 6095
46400 6568
46400 7117
27280 6763
46400 6697
46400 6986
27280 5103
46400 6367
46400 6849
27280 5178
46400 6832
46400 7240
27280 4969
46400 6422
46400 6991
27280 4952
46400 6825
46400 6593
27280 5116
46400 6398
46400 6388
27280 5381
46400 6362
46400 7096
27280 5313
46400 6406
46400 6627
27280 5030
46400 6394
46400 6520
27280 6303
46400 6386
46400 6405
27280 5108
46400 7643
46400 6413
27280 6206
46400 6522
27280 5025
46400 6378
46400 6427
27280 6204
46400 6437
46400 6429
27280 6252
46400 6524
46400 6423
27280 6086
46400 6367
46400 6986
27280 5479
46400 6387
46400 6906
27280 4947
46400 6525
46400 6400
27280 6220
46400 6495
46400 7132
27280 5074
46400 6477
46400 6424
27280 6193
46400 6373
46400 7616
27280 4939
46400 7631
46400 6400
27280 6044
46400 6511
46400 6562
27280 3623
46400 6381
46400 6393
27280 6032
46400 6384
46400 6434
27280 6182
46400 6455
46400 6619
27280 6311
46400 6447
46400 6435
27280 6230
46400 6699
46400 6436
27280 6214
46400 6406
46400 7579
27280 5976
46400 6546
46400 6882
27280 6556
46400 6589
46400 6886
27280 6414
62990 3624
62990 3714
57589 4218
46400 6517
46400 6376
27280 5999
46400 6410
27280 6111
46400 6621
46400 7010
27280 5087
46400 6378
46400 6700
27280 6250
46400 6392
46400 6418
27280 5200
46400 6386
46400 6527
27280 5307
46400 6552
46400 6532
27280 5266
46400 6704
46400 6389
27280 6196
46400 10292
46400 6655
27280 5308
46400 6891
46400 6399
27280 6110
46400 6384
46400 7064
27280 6803
46400 6411
46400 6428
27280 6099
46400 6356
46400 6577
27280 6304
46400 6403
46400 7293
27280 5317
46400 6390
46400 6404
27280 4367
46400 6702
46400 6957
27280 5041
46400 6504
46400 7311
27280 5459
46400 6430
46400 6461
27280 3632
46400 6395
46400 6439
27280 5026
46400 6467
46400 6406
27280 5150
46400 6526
46400 6988
27280 5268
46400 7290
46400 6668
27280 5037
46400 6542
46400 6540
27280 5079
46400 6389
46400 6550
27280 6257
46400 6370
46400 6526
27280 6341
46400 6441
46400 6973
27280 5258
46400 6511
46400 6891
27280 5192
46400 6414
46400 6538
27280 5252
46400 6481
46400 6629
27280 5454
46400 6831
46400 6488
27280 6276
46400 6423
46400 6428
27280 5179
46400 6507
46400 6551
27280 6295
46400 7238
46400 6407
27280 3601
46400 6416
46400 6394
27280 4806
46400 6368
46400 6596
27280 3801
46400 6393
46400 6429
27280 6161
46400 6527
46400 6545
27280 6316
46400 6548
46400 6423
27280 6125
46400 6395
46400 6812
27280 5202
46400 6607
46400 6749
27280 5045
46400 6374
46400 6537
27280 5091
46400 6533
46400 6818
27280 5054
46400 7289
46400 7850
27280 6092
46400 6459
46400 6403
27280 4959
46400 6408
46400 6937
27280 5187
46400 6422
46400 6626
27280 5174
46400 6380
46400 6489
27280 6301
46400 6813
27280 6406
46400 6722
46400 6878
27280 5111
46400 6422
46400 6453
27280 4288
46400 6409
46400 6414
27280 5149
46400 6365
46400 7055
27280 5578
46400 6361
46400 6691
27280 5057
46400 6969
46400 6811
27280 5221
46400 6371
46400 6962
27280 4942
46400 6393
46400 6394
27280 6019
46400 6469
46400 6929
27280 5073
46400 6582
46400 6370
27280 5100
46400 6372
46400 6716
27280 5048
46400 6368
46400 6737
27280 5065
46400 6545
46400 6447
27280 5211
46400 6405
46400 6529
27280 6061
46400 7092
46400 6516
27280 5044
46400 6408
46400 6451
27280 6284
46400 7219
46400 6862
27280 5184
46400 6540
46400 6376
27280 6162
46400 6383
46400 6406
27280 4932
46400 6418
46400 6858
27280 4915
46400 6688
46400 6880
27280 5071
46400 6457
46400 6675
27280 5588
46400 6428
46400 6488
27280 6299
46400 6344
46400 6773
27280 5072
46400 6477
46400 6415
27280 4864
46400 6739
46400 6340
27280 3660
46400 6850
46400 7278
27280 5578
46400 6482
46400 6387
27280 6045
46400 6744
46400 6498
27280 5051
46400 6394
46400 6901
27280 5241
46400 6666
46400 6449
27280 6163
46400 6413
46400 6565
27280 6354
46400 6395
46400 6480
27280 5031
46400 6563
46400 6578
27280 6393
46400 6837
46400 7062
27280 4934
46400 6540
46400 6969
27280 5068
46400 6397
46400 6376
27280 3801
46400 7052
46400 6441
27280 6244
46400 6394
46400 6389
27280 3714
46400 6501
46400 6409
27280 6168
46400 6415
46400 6938
27280 5161
46400 6367
46400 6551
27280 6078
46400 6802
46400 6434
27280 6115
46400 6578
46400 6459
27280 6059
46400 6503
46400 6804
27280 5188
46400 6582
46400 6547
27280 6113
46400 6374
46400 6425
27280 6114
46400 6621
46400 6408
27280 5232
46400 6953
46400 6523
62990 5064
27280 3644
46400 6546
46400 6386
27280 5036
46400 6396
46400 6822
27280 6625
46400 6407
46400 6751
27280 4913
46400 6380
46400 6515
27280 6043
46400 6372
46400 7377
27280 5630
46400 6540
46400 6665
27280 6470
46400 6471
46400 6407
27280 6064
46400 6404
46400 6529
27280 6300
46400 6422
46400 6837
27280 6690
46400 6915
46400 6527
27280 5058
46400 6496
46400 6685
27280 6412
46400 6380
46400 6507
27280 5036
46400 6444
46400 6400
27280 6236
46400 6418
46400 6930
27280 5178
46400 6374
46400 7038
27280 4954
46400 6537
46400 6786
27280 5116
46400 6386
46400 6478
27280 6287
46400 6408
46400 6717
27280 5673
46400 6508
46400 6505
27280 6300
46400 6401
46400 6859
27280 4995
46400 7083
46400 7049
27280 5254
46400 6406
46400 6423
27280 6213
46400 6642
46400 6823
27280 5214
46400 6396
27280 4910
46400 6479
46400 6439
27280 4200
46400 6371
46400 6377
27280 6150
46400 6367
46400 6800
27280 5493
46400 6559
46400 6411
27280 6209
46400 6521
46400 6513
27280 5130
46400 6409
46400 6402
27280 4862
46400 7052
46400 6412
27280 4792
46400 7119
46400 6633
27280 5044
46400 6487
46400 6444
27280 6225
46400 6537
46400 6844
27280 4886
46400 6513
46400 6636
27280 4950
46400 6394
46400 6995
27280 5233
46400 6564
46400 6432
27280 6299
46400 6450
46400 6516
27280 5426
46400 6399
46400 6530
27280 5057
46400 6370
46400 6408
27280 3653
46400 6388
46400 6810
27280 5201
46400 6546
46400 7125
27280 5652
46400 6373
46400 6689
27280 5046
46400 6395
46400 7087
27280 5052
46400 6473
46400 6409
27280 6223
46400 6432
46400 6388
27280 6205
46400 6378
46400 6692
27280 6425
46400 6396
46400 6387
27280 6067
46400 6418
46400 6399
27280 4812
46400 6483
46400 6499
27280 6161
46400 7497
46400 6856
27280 4910
46400 6509
46400 6380
27280 5040
46400 7106
46400 6789
27280 4965
46400 6385
46400 6461
27280 6034
46400 6520
46400 6963
27280 4934
46400 6399
46400 6617
27280 4939
46400 6349
46400 6410
27280 5364
46400 6407
46400 6800
27280 5106
46400 6804
46400 6417
27280 4895
46400 6376
46400 6438
27280 6016
46400 6410
46400 7006
27280 4966
46400 6372
46400 6608
27280 4911
46400 6419
46400 6449
27280 5178
46400 6881
46400 6412
27280 3619
46400 6408
46400 6394
27280 6213
46400 6572
46400 6950
27280 5170
46400 6376
46400 6387
27280 4985
27280 4100
46400 6393
46400 7070
27280 5145
46400 6397
46400 6679
27280 5064
46400 6387
46400 6517
27280 5580
46400 6395
46400 6409
27280 6024
46400 6415
46400 6422
27280 4968
46400 6839
46400 6701
27280 6649
46400 7032
46400 6909
27280 5076
46400 6415
46400 7020
27280 5265
46400 6799
46400 6542
27280 5398
46400 6387
46400 6498
27280 6261
46400 6409
46400 6402
27280 6021
46400 6388
46400 6406
27280 6136
27280 6263
46400 6385
27280 5052
46400 6386
46400 6421
27280 3719
46400 6410
46400 6553
27280 5079
46400 6380
46400 6448
27280 5250
46400 6375
46400 7232
27280 5629
46400 6462
46400 6990
27280 5150
46400 6506
46400 6884
27280 4920
46400 6758
46400 6558
27280 6106
46400 6566
46400 6376
27280 5378
46400 6394
46400 6531
27280 6309
46400 6409
46400 7961
27280 6468
46400 6390
46400 6447
27280 6013
46400 6386
46400 6511
27280 5065
46400 6421
46400 6795
27280 6376
46400 6561
46400 6897
27280 5006
46400 7126
46400 6404
27280 6150
46400 6408
46400 6945
27280 5213
46400 6556
46400 6441
27280 5404
46400 6360
46400 6995
27280 5223
46400 6432
46400 7059
27280 5479
46400 6543
46400 6748
27280 5072
46400 6387
46400 6799
27280 6511
46400 6798
46400 6412
46400 6443
27280 5358
46400 6357
46400 6690
27280 5053
46400 6654
27280 3747
46400 6640
46400 6430
46400 6962
27280 6625
46400 6867
27280 5404
46400 6450
46400 6401
46400 6840
27280 5049
46400 6406
46400 6967
27280 5184
46400 6410
46400 6648
27280 6029
46400 6464
46400 6421
27280 6073
46400 6452
46400 6418
27280 3631
46400 6393
46400 6513
27280 5035
46400 6457
27280 3626
46400 6495
46400 6427
46400 6828
27280 6643
46400 6403
27280 4678
46400 6501
46400 6963
27280 6774
46400 6353
46400 6846
46400 6427
27280 4830
46400 6408
27280 5161
46400 6454
46400 6864
27280 4923
46400 6426
46400 6853
27280 5550
46400 6357
46400 6425
27280 6060
46400 6423
46400 6421
27280 4816
46400 6503
46400 6637
27280 5060
46400 6416
46400 6494
27280 5344
46400 6839
46400 6919
27280 4913
46400 6438
46400 6415
27280 3655
46400 7146
46400 6515
27280 5036
46400 6432
46400 6955
27280 4925
46400 6550
46400 6953
27280 5386
46400 6498
46400 6375
27280 4879
46400 6527
46400 6389
27280 6168
46400 6447
46400 6378
27280 6201
46400 6535
46400 6448
27280 6184
46400 6356
46400 6748
27280 6508
46400 6387
46400 7633
27280 5985
46400 6384
46400 6402
27280 5306
46400 6404
46400 7014
27280 5253
46400 7051
46400 7015
27280 5552
46400 6410
46400 6518
27280 4951
46400 6412
46400 6395
27280 5331
46400 6534
46400 6524
27280 6214
46400 6399
27280 3615
46400 6500
46400 6516
27280 6225
46400 6387
46400 6523
27280 6080
46400 6416
46400 6510
27280 6335
46400 6637
46400 6468
27280 3621
46400 6783
46400 6532
27280 5275
46400 6466
46400 6854
27280 5128
46400 7036
46400 6425
27280 6089
46400 6398
46400 6379
27280 4935
46400 6381
46400 6722
27280 5077
46400 6431
46400 7072
27280 5082
46400 6406
46400 6571
27280 6373
46400 6389
46400 6641
27280 5482
46400 6425
46400 7604
27280 6031
46400 6787
27280 5340
46400 6468
27280 3823
46400 6454
27280 4920
46400 6373
27280 3812
46400 6428
46400 6562
27280 5049
27280 4224
46400 6392
27280 3886
25926 3643
27280 4302
40053 3781
46400 6370
46400 6403
27280 167
46400 6835
27280 3847
46400 6354
46400 6380
27280 1075
46400 6832
27280 4085
36283 3682
29114 3795
29114 3731
36283 3639
36283 6168
46400 6871
27280 5904
46400 6374
46400 6362
46400 7059
27280 5050
27280 3821
27280 3715
46400 6984
27280 3706
46400 6347
46400 6505
46400 6409
27280 2904
27280 4174
46400 6379
46400 6828
27280 6693
46400 6849
27280 5006
46400 6497
27280 6329
46400 6558
27280 3920
46400 6936
27280 5083
46400 6763
27280 5077
46400 6443
27280 6158
46400 6531
27280 6076
46400 6927
27280 5272
46400 7033
27280 5434
46400 6405
27280 6099
46400 6439
46400 6993
27280 6568
46400 6385
46400 6383
27280 6029
46400 6449
46400 6431
27280 3605
46400 6522
46400 6781
27280 5052
46400 6416
46400 6370
27280 4918
46400 6647
46400 6921
27280 4920
46400 6429
46400 6527
27280 6092
46400 6407
46400 6390
27280 3668
46400 6359
46400 6442
27280 6059
46400 6509
46400 6584
27280 6145
46400 6396
46400 7210
27280 5145
46400 6841
46400 6399
27280 6172
46400 6512
46400 6448
27280 5094
46400 6367
46400 6859
27280 5199
46400 6386
46400 6872
27280 5197
46400 6549
46400 6912
27280 5090
46400 6448
46400 6407
27280 4889
46400 6374
46400 6886
27280 5205
46400 6410
46400 6404
27280 6149
46400 6411
46400 6427
27280 6259
46400 6413
46400 7255
27280 3628
46400 6809
46400 6972
27280 5104
46400 7115
46400 6406
27280 5039
46400 6385
46400 6376
27280 5399
46400 6352
46400 6529
27280 5299
46400 6401
46400 6943
27280 5097
46400 6420
46400 6426
27280 5014
50486 5156
50486 6732
36283 4904
36283 3640
50486 3683
46400 6452
46400 6539
27280 6337
21815 5306
29114 3658
21815 6536
29114 3639
46400 6482
46400 6385
27280 6192
46400 6421
46400 6525
27280 5072
46400 7199
46400 6472
27280 6285
46400 6371
46400 6462
27280 5336
46400 6827
46400 6577
27280 6330
46400 6402
46400 6833
27280 6607
46400 6388
46400 6546
27280 5238
46400 6419
46400 6796
27280 5063
46400 6533
46400 6403
27280 6278
46400 6365
46400 7423
27280 4975
46400 6384
46400 6483
27280 5362
46400 6541
46400 6838
27280 5230
46400 6592
46400 6428
27280 6156
46400 6940
46400 6414
27280 6046
46400 6515
46400 6919
27280 5218
46400 6847
46400 6370
27280 4929
46400 6372
46400 6403
27280 6153
46400 6390
46400 6418
27280 6180
46400 6412
46400 6904
27280 5083
46400 6544
46400 6464
27280 4886
50486 3625
46400 6543
46400 6640
27280 5038
36283 3607
46400 6400
46400 6555
27280 6216
46400 6426
46400 6704
27280 5108
46400 6936
46400 6866
27280 5321
46400 6364
46400 6392
27280 6200
46400 6425
46400 6621
27280 5035
46400 6361
46400 6441
27280 6176
46400 6388
46400 6898
27280 4984
46400 6406
46400 7369
27280 5612
46400 6387
46400 6379
27280 4833
46400 6724
46400 6516
27280 5032
46400 6363
46400 7168
27280 5422
46400 6428
46400 7024
27280 5559
46400 6395
46400 6850
27280 6445
46400 6863
46400 6397
27280 6212
46400 6421
46400 6817
27280 5203
46400 6531
46400 6405
27280 4862
46400 6360
46400 6769
27280 5040
46400 6723
46400 6804
27280 5208
46400 6380
46400 6485
27280 6271
46400 6538
46400 7083
27280 5052
46400 6434
46400 6859
27280 6452
46400 6418
46400 6802
27280 5162
46400 6386
46400 6818
27280 5219
46400 6409
46400 7186
27280 5494
46400 6417
46400 6370
27280 6246
37724 4146
46400 6445
46400 6803
27280 5168
46400 6411
46400 6665
27280 5022
46400 7253
46400 7068
27280 5016
46400 6460
46400 6747
27280 5183
46400 6417
46400 7028
27280 4896
46400 6406
46400 6401
27280 6024
46400 6494
46400 6388
27280 6180
46400 6416
46400 6776
27280 5082
46400 6440
46400 6424
27280 5331
46400 6918
46400 6443
27280 6224
46400 6379
46400 7044
27280 5174
46400 6405
46400 6399
27280 6276
46400 6469
46400 6833
27280 6656
46400 6382
46400 6782
27280 5187
46400 6426
46400 6772
27280 5015
46400 6791
46400 6374
27280 3643
44970 3587
46400 6365
46400 6407
27280 5769
50486 4671
46400 6395
46400 6920
27280 5073
46400 6401
46400 6999
27280 4983
46400 6929
27280 5071
46400 6394
46400 6411
27280 4890
46400 6454
46400 6826
27280 5065
46400 6493
27280 6284
46400 6383
46400 6538
27280 6384
46400 6474
46400 6600
27280 4922
46400 6490
46400 6777
27280 5095
46400 6426
46400 6749
27280 5766
46400 7194
46400 6512
27280 3583
46400 6928
46400 6414
27280 4967
46400 6392
46400 6815
27280 5061
46400 6997
46400 6416
27280 6183
46400 6431
46400 6954
27280 5186
46400 6437
46400 6694
27280 5076
46400 6465
46400 7284
27280 5556
46400 6441
46400 6434
27280 6289
46400 6384
46400 6455
27280 6280
46400 6388
46400 6849
27280 5215
46400 6378
46400 6410
27280 5119
46400 6519
46400 6993
27280 5081
46400 6451
46400 6944
27280 4957
46400 6830
46400 6865
27280 5192
46400 6918
46400 6395
27280 4847
46400 6447
46400 6365
27280 5058
46400 6453
46400 6375
27280 6162
46400 6412
27280 5202
46400 6447
46400 6729
27280 5153
46400 6374
46400 6406
27280 4840
46400 6853
46400 6422
27280 6127
46400 6386
46400 6994
27280 5210
46400 6551
46400 6441
27280 6046
46400 6419
46400 6503
27280 6057
27280 3812
46400 6408
27280 4238
46400 6432
27280 3621
46400 6516
46400 6377
27280 6144
46400 6426
46400 6441
27280 5363
46400 6519
46400 6399
27280 6139
46400 6421
46400 6366
27280 3636
46400 6502
46400 6462
27280 6155
46400 6779
46400 6392
27280 6047
46400 6378
27280 4851
46400 6993
27280 5414
46400 6396
46400 6425
27280 5074
46400 6418
46400 6649
27280 6338
46400 6445
27280 6077
46400 7301
27280 5539
46400 7075
27280 4909
46400 6460
27280 5054
46400 6808
46400 6421
27280 6185
46400 6400
46400 6504
27280 5283
46400 6521
46400 6833
27280 6656
46400 6362
46400 6697
27280 6476
46400 6534
46400 7040
27280 5056
46400 6414
46400 6415
27280 4899
46400 6356
46400 6981
27280 5233
46400 6373
46400 6994
27280 5217
46400 6410
46400 6930
27280 4973
46400 6371
46400 6408
27280 6250
46400 6475
46400 6550
27280 6334
46400 6405
46400 6520
27280 5062
46400 6566
46400 7013
27280 5090
46400 6362
46400 6447
27280 5050
46400 6366
46400 6784
27280 5110
46400 6423
46400 6746
27280 5290
46400 6546
46400 6382
27280 6112
46400 6473
46400 6944
27280 5167
46400 6359
46400 6794
27280 5794
46400 6869
46400 6545
27280 6108
46400 6379
46400 6493
27280 6333
50486 6401
50486 6385
50486 6380
50486 6403
36283 5606
50486 6409
50486 6362
50486 6401
50486 6407
50486 6281
36283 6057
46400 6373
46400 6409
27280 6194
46400 6362
46400 6672
27280 5082
46400 6541
46400 6829
27280 5219
46400 6528
46400 6801
27280 5754
46400 6437
46400 6427
27280 3622
46400 7352
46400 6470
27280 6205
46400 7166
46400 6511
27280 5022
46400 6549
46400 6463
27280 6181
46400 6396
46400 6732
27280 5093
46400 6428
46400 7103
27280 4949
46400 6454
46400 6401
27280 4840
46400 6930
46400 6839
27280 5170
46400 6401
46400 6395
27280 6051
46400 6417
46400 6807
27280 4950
46400 6491
46400 6450
27280 6023
46400 6359
46400 6530
27280 5064
46400 6915
46400 7236
27280 6798
46400 6442
46400 6467
27280 5117
46400 6394
46400 6880
27280 5171
46400 6436
46400 6656
27280 6175
46400 6396
46400 6631
27280 5036
46400 6527
46400 6443
27280 6267
46400 6489
46400 6954
27280 5194
46400 7119
46400 6407
27280 6161
46400 6418
46400 6513
27280 5044
46400 6509
46400 6837
27280 5197
46400 6674
46400 6581
27280 5124
46400 7099
46400 6638
27280 6246
46400 6879
46400 6483
27280 6201
46400 6401
46400 6498
27280 6328
46400 6476
46400 7200
27280 6922
46400 6489
46400 7017
27280 5158
46400 6389
46400 6887
27280 5220
46400 6426
46400 6984
27280 4917
46400 6764
46400 6374
27280 4901
46400 6377
46400 6400
27280 6077
46400 6380
46400 6610
27280 5209
46400 6421
46400 6978
27280 5198
46400 6980
46400 6941
27280 5066
36283 4746
46400 6396
46400 6899
27280 4884
36283 3681
46400 6398
46400 6560
27280 3647
36283 3781
36283 6024
36283 3810
36283 4425
36283 3695
46400 6370
46400 7017
27280 5061
36283 3696
46400 6419
46400 6760
27280 5051
46400 6413
46400 6394
27280 6084
36283 3692
36283 6030
36283 3718
46400 6399
46400 6867
27280 5262
36283 5606
36283 3817
36283 4104
36283 4657
46400 6788
46400 6555
27280 6082
36283 3612
36283 4878
36283 5093
36283 4123
36283 3705
36283 6004
36283 3793
36283 3710
36283 3700
46400 6379
27280 4969
46400 6550
46400 6712
27280 5052
46400 6380
46400 6402
46400 6424
27280 6269
46400 6360
46400 6958
27280 5189
46400 6532
46400 6644
27280 5038
46400 6473
46400 6868
27280 6437
46400 6858
27280 4959
46400 6389
46400 6737
27280 4997
46400 6470
46400 6615
27280 6378
46400 7155
46400 6445
27280 179
27280 4669
46400 7457
27280 6174
46400 7157
27280 4162
46400 6383
46400 6782
27280 5194
46400 6468
46400 6788
27280 5154
46400 6458
46400 7058
27280 5301
46400 6362
46400 6766
27280 5314
46400 6925
46400 6370
27280 5152
46400 6377
46400 6545
27280 6099
46400 6401
46400 6614
27280 5910
46400 6522
46400 6491
27280 4951
46400 6358
46400 6815
27280 5184
46400 6416
46400 6397
27280 6098
46400 6386
46400 6608
27280 5127
46400 6518
46400 6401
27280 6082
46400 6337
46400 6414
27280 5138
46400 6588
46400 6831
27280 5201
46400 6710
46400 7051
27280 5462
46400 7529
46400 6472
27280 3599
46400 6486
46400 7124
27280 6737
46400 6409
46400 6661
27280 6459
46400 6636
46400 6958
27280 5230
46400 6411
46400 3517
27280 5839
46400 7359
46400 6779
27280 6524
46400 24449
46400 6526
27280 6367
46400 6989
46400 7438
27280 5527
46400 6743
46400 6998
27280 5515
46400 6845
46400 6875
27280 5971
46400 11957
46400 8803
27280 7172
46400 6729
46400 6531
27280 5333
46400 6551
46400 6734
27280 6478
46400 6367
46400 6425
27280 6143
46400 6606
46400 6993
27280 5103
46400 6448
46400 10335
27280 8977
46400 6385
46400 10622
27280 9044
46400 6565
46400 7201
27280 5737
46400 6417
46400 7195
27280 5117
46400 6426
46400 6636
27280 6398
46400 6720
46400 6621
27280 5277
46400 7687
46400 7416
27280 5957
46400 6538
46400 7260
27280 6904
46400 6688
46400 7019
27280 5308
46400 6439
46400 6893
27280 5298
46400 6410
46400 7399
27280 5822
46400 6640
46400 8428
27280 6731
46400 6519
46400 6539
27280 5226
46400 6625
46400 9889
27280 7586
46400 6588
46400 7121
27280 5253
46400 6865
46400 6423
27280 4996
46400 6759
46400 7184
27280 5119
46400 8729
46400 6859
27280 5367
46400 6566
46400 6457
27280 6240
46400 6557
46400 6524
27280 3628
46400 6361
46400 7217
27280 5400
46400 6599
46400 6617
27280 5259
46400 6582
46400 6511
27280 5287
46400 11409
46400 7006
27280 5174
46400 6693
46400 9854
27280 7499
46400 6572
46400 6458
27280 5113
46400 6365
46400 7091
27280 5362
46400 6516
46400 6563
27280 6169
46400 8406
46400 6825
27280 5227
46400 6691
46400 6473
27280 6301
46400 6497
46400 6516
27280 5234
46400 6450
46400 8192
27280 6439
46400 10146
46400 6409
27280 6247
46400 6398
46400 6416
27280 5043
46400 6562
46400 7139
27280 5417
46400 6414
46400 6994
27280 5062
46400 6747
46400 6550
27280 5383
46400 6631
46400 7019
27280 5376
46400 6584
46400 8623
27280 8407
46400 6490
46400 11915
27280 10302
46400 6534
46400 6691
27280 4985
46400 6428
46400 6617
46400 6673
46400 6431
46400 6463
46400 6772
27280 5142
46400 6386
46400 6570
27280 6371
46400 6401
46400 6441
27280 3803
46400 6658
46400 6423
27280 5174
46400 6392
46400 6673
27280 5300
46400 6727
46400 6557
27280 5686
46400 6480
46400 6603
27280 4323
46400 8783
46400 6996
27280 5335
46400 6386
46400 6867
27280 5060
46400 6597
46400 7833
27280 6314
46400 6603
46400 6451
27280 4872
46400 7082
27280 4236
46400 7085
46400 6801
27280 5100
46400 6597
46400 6446
27280 5202
46400 6553
46400 7136
27280 5363
46400 6613
46400 6517
27280 3783
46400 6800
46400 7235
27280 5534
46400 6547
46400 8939
27280 7566
46400 6511
46400 11499
27280 9424
46400 6589
46400 6541
27280 6394
50486 3758
50486 6429
36283 5417
50486 6421
50486 6573
50486 6739
50486 6551
36283 5246
36283 5068
50486 6944
36283 5317
50486 7090
36283 5339
50486 6700
36283 5233
50486 6439
46400 6526
36283 10323
46400 6915
27280 5263
50486 6654
50486 6559
50486 6430
36283 3962
50486 8033
36283 5590
46400 6926
46400 7763
50486 7033
27280 5205
36283 3654
50486 6638
50486 6408
50486 6424
36283 5061
50486 1016
36283 5030
50486 3730
50486 3932
46400 6748
46400 6724
27280 5518
46400 6600
46400 7162
27280 5450
46400 6495
46400 6542
27280 5564
46400 6430
46400 6530
27280 5350
50486 3758
46400 6664
46400 7052
27280 5296
50486 2508
50486 416
46400 6531
46400 6809
27280 5210
50486 3896
46400 6611
46400 6769
27280 5158
46400 6389
46400 6964
27280 6603
46400 6558
46400 6874
27280 5522
46400 6722
46400 6419
27280 5211
46400 6411
46400 7214
27280 5173
46400 6410
46400 6727
27280 4296
46400 7005
46400 7337
27280 5444
46400 6395
46400 7381
27280 5187
46400 7131
46400 8111
27280 7954
46400 6391
46400 11475
27280 9691
46400 6483
46400 7237
27280 5616
46400 6608
46400 6580
27280 5097
46400 6408
46400 6902
27280 6717
46400 6643
46400 8442
27280 6604
46400 6639
46400 12209
27280 10618
46400 6416
46400 6422
27280 6112
46400 6696
46400 6576
27280 6375
46400 6389
46400 6514
27280 5324
46400 6373
46400 7224
27280 5389
46400 8297
46400 6653
27280 6503
46400 6586
46400 6450
27280 4017
46400 6572
46400 7140
27280 5665
46400 6749
46400 12649
27280 10208
46400 6506
46400 6927
27280 5245
46400 6380
46400 6509
27280 5277
46400 6453
46400 6992
27280 6537
46400 6606
46400 9202
27280 7156
46400 6388
46400 6552
27280 4197
46400 6490
46400 6527
27280 6082
46400 6514
46400 12072
27280 10433
46400 8795
46400 6643
27280 6451
46400 6486
46400 6391
27280 6226
46400 6530
46400 6545
27280 6212
46400 6455
46400 7648
27280 6293
46400 6373
46400 6877
27280 5227
46400 6411
46400 7075
27280 4986
46400 6364
46400 6995
27280 5231
46400 6433
46400 7209
27280 6628
46400 6443
46400 6947
27280 5595
46400 9939
46400 7710
27280 6317
46400 6391
46400 7243
27280 5765
46400 8495
46400 6635
27280 5035
46400 6973
46400 6401
27280 6099
46400 6581
46400 6640
27280 5496
46400 6452
46400 6421
27280 5195
46400 6508
46400 7000
27280 5080
46400 6651
46400 6593
27280 6444
46400 8471
46400 6435
27280 5174
46400 6646
46400 6583
27280 5535
46400 6393
46400 7026
27280 5411
46400 6383
46400 6989
27280 5045
46400 6466
46400 8199
27280 8044
46400 6384
46400 7100
27280 5970
46400 6448
46400 8016
27280 6577
46400 6568
46400 6966
27280 5700
46400 6532
46400 6884
27280 6586
46400 6552
46400 6365
27280 3656
46400 6380
46400 6403
27280 5189
46400 6408
46400 6512
27280 6303
46400 6348
46400 6401
27280 6189
46400 6646
46400 6644
27280 4941
46400 6856
27280 5184
46400 7759
46400 6724
27280 6564
46400 6251
27280 3631
50486 6494
50486 6784
36283 5537
50486 6365
50486 6520
50486 6477
50486 6461
50486 6381
50486 6420
36283 6129
50486 6886
50486 6767
36283 6311
50486 6542
50486 6875
50486 6526
36283 6320
50486 6548
50486 6780
36283 5182
50486 6393
50486 6655
36283 5068
50486 6357
50486 6834
36283 4919
50486 6478
50486 8139
36283 6772
50486 7417
36283 5941
50486 6562
50486 6440
50486 6938
36283 6638
50486 6428
36283 4948
50486 6368
50486 6553
50486 6465
36283 6292
50486 6974
36283 5034
50486 6407
50486 6523
50486 6467
36283 6094
50486 6672
36283 6268
50486 6591
50486 6510
50486 7249
36283 7040
50486 6555
36283 6458
50486 6447
50486 6602
50486 6641
50486 11754
50486 8595
50486 6542
36283 3977
50486 6563
50486 11862
36283 10482
50486 7097
50486 6415
50486 6649
50486 6468
36283 6089
50486 6783
50486 6980
36283 5030
50486 6385
50486 6646
50486 6376
50486 6419
50486 6416
36283 6057
50486 6443
50486 6638
50486 7336
50486 7073
36283 6175
50486 6507
50486 6555
50486 6566
50486 6547
36283 6395
50486 6349
36283 4810
50486 7634
50486 6405
50486 6529
36283 5207
50486 6556
50486 11132
50486 6359
50486 6571
36283 5287
50486 6460
50486 6484
50486 6457
50486 6843
36283 6665
50486 12633
50486 6562
50486 6363
50486 7161
36283 5064
50486 6952
50486 6427
36283 5039
50486 6568
50486 6387
50486 6898
36283 4931
50486 6632
36283 4961
50486 6999
50486 6431
36283 9516
50486 6459
50486 9641
36283 8157
50486 6471
50486 6633
36283 5292
50486 6566
50486 6531
36283 5169
50486 6578
50486 6388
36283 5172
50486 6507
50486 10718
50486 6510
50486 7125
36283 5504
50486 6465
50486 6555
36283 6287
50486 6686
50486 6720
36283 5083
50486 6808
50486 6852
36283 4980
50486 6752
50486 6552
36283 6403
50486 6413
50486 6432
36283 6096
50486 8334
50486 6536
50486 6818
50486 6745
36283 5302
50486 6426
50486 6507
50486 6489
50486 6553
36283 6312
50486 11605
50486 6487
50486 6561
50486 6410
36283 6264
50486 6420
50486 7036
50486 6382
50486 6146
36283 3582
50486 6569
50486 6678
50486 6413
50486 6525
50486 6589
50486 7157
36283 5247
50486 6458
50486 6588
36283 4299
50486 6431
50486 8075
36283 6621
50486 6483
50486 6442
36283 6237
50486 6490
50486 6546
36283 5089
50486 6541
50486 6649
36283 6244
50486 6578
50486 6735
50486 7184
36283 5270
50486 6447
50486 6733
50486 6930
50486 6600
36283 6372
50486 7245
50486 6676
50486 6384
50486 6569
36283 5384
50486 7049
36283 5128
50486 6460
50486 6631
36283 6365
50486 6550
50486 6678
36283 6469
50486 8527
50486 6939
36283 5176
50486 6427
50486 7078
36283 6804
50486 6454
50486 6648
36283 4967
50486 6687
50486 6436
36283 6301
50486 6676
50486 6391
50486 6539
36283 6347
50486 6706
50486 7143
36283 5683
50486 10880
50486 6816
36283 5402
50486 7693
36283 6290
50486 6578
50486 6444
50486 6422
36283 16881
50486 6959
50486 6617
36283 4033
50486 8663
50486 6800
36283 5211
50486 6453
36283 4212
50486 6439
50486 6562
50486 6443
36283 5238
50486 12088
36283 9894
50486 7010
50486 6415
50486 7057
36283 5237
50486 6406
36283 5145
50486 6826
50486 6843
50486 7275
36283 5405
50486 6505
50486 6852
36283 6458
50486 6470
50486 6645
36283 5204
50486 6539
36283 5411
50486 6450
50486 6413
50486 6894
36283 5084
50486 8143
36283 7334
50486 6635
50486 6509
36283 4990
50486 9299
50486 6531
36283 6377
50486 6486
50486 6392
50486 6697
36283 5132
50486 6996
36283 5257
50486 6439
50486 6446
50486 6775
36283 6599
50486 6945
36283 3797
50486 6892
50486 6567
50486 6542
36283 5327
50486 6449
36283 4330
50486 6712
50486 6584
50486 7038
36283 5355
50486 7304
36283 5369
50486 8497
50486 6504
50486 6602
36283 6395
50486 11087
36283 9810
50486 6793
50486 6645
50486 7170
36283 5324
50486 6524
36283 5234
50486 6489
50486 6465
50486 7083
36283 5443
50486 6567
50486 6968
50486 6642
50486 6590
36283 5312
50486 6620
36283 6440
50486 6587
50486 6801
50486 6767
36283 5824
50486 6712
50486 6948
36283 6830
50486 6927
50486 7081
36283 5357
50486 8769
36283 7756
50486 7306
50486 6568
36283 4199
50486 6629
50486 6578
50486 7146
36283 5851
50486 6632
50486 6642
36283 5444
50486 9127
36283 7832
50486 6713
50486 6924
50486 6444
36283 5554
50486 6440
36283 5304
50486 6420
50486 6486
50486 10944
36283 8474
50486 7237
36283 5484
50486 6623
50486 6534
50486 6482
50486 6424
50486 6649
50486 6604
50486 9156
50486 6924
36283 5620
50486 6546
50486 7068
50486 6571
50486 6619
50486 8707
36283 7393
50486 6680
36283 4576
50486 6593
50486 6514
50486 6618
36283 6361
50486 6522
36283 6126
50486 6429
50486 7263
36283 5605
50486 6417
50486 6526
36283 3792
50486 6416
50486 6745
50486 6957
36283 5452
50486 6598
36283 5341
50486 6487
50486 6535
50486 6818
36283 5671
50486 8970
36283 8677
50486 6968
50486 6439
50486 7128
36283 5154
50486 6811
36283 6010
50486 6526
50486 6988
50486 6621
36283 6318
50486 6517
36283 5252
50486 6502
50486 6365
50486 7301
36283 5366
50486 6675
36283 5383
50486 6599
50486 6647
50486 7149
36283 5538
50486 7047
36283 5319
50486 6806
50486 6683
50486 6598
50486 7155
36283 5254
50486 9168
50486 6633
50486 7092
36283 5465
50486 13379
36283 9894
50486 6502
50486 6379
50486 6604
36283 6347
50486 6781
36283 5316
50486 6520
50486 6438
36283 5012
50486 6627
50486 6423
36283 5608
50486 6845
50486 7055
50486 6527
36283 6358
50486 6556
36283 5405
50486 6456
50486 6652
50486 6579
50486 7286
36283 5393
50486 6409
50486 6713
50486 6678
36283 5606
50486 9109
36283 7658
50486 7616
50486 6527
36283 5289
50486 6560
50486 6607
36283 4266
50486 6702
50486 6536
50486 6588
50486 6731
50486 6653
36283 5036
50486 6961
36283 5223
50486 6404
50486 6581
50486 6903
36283 5299
50486 6534
50486 6503
36283 4514
50486 7103
36283 5450
50486 6530
50486 6535
36283 6356
50486 6376
50486 6531
50486 6508
50486 8774
50486 7007
36283 6842
50486 6516
50486 6853
50486 6559
50486 6504
50486 6643
36283 5376
50486 6486
50486 6367
50486 6534
36283 6371
50486 6454
50486 6413
36283 3671
50486 6574
50486 6391
50486 6397
50486 6421
50486 6443
50486 6503
50486 6407
50486 6508
36283 5155
50486 6440
50486 6448
50486 6525
50486 6816
50486 6621
50486 6476
50486 8026
50486 8896
36283 8666
50486 6482
50486 6401
50486 6526
50486 6514
50486 6675
50486 6681
50486 6496
50486 6392
36283 4987
50486 6641
50486 6863
50486 6862
50486 6618
50486 6492
50486 6411
50486 6529
50486 6710
50486 6403
36283 6085
50486 6373
50486 6537
50486 6527
50486 6510
50486 6386
50486 6505
50486 6522
50486 6584
36283 6370
50486 6865
50486 6453
50486 8821
50486 6384
50486 6360
50486 6585
50486 6531
50486 6874
36283 5982
50486 6500
50486 6689
50486 9289
50486 6594
50486 6483
50486 6541
50486 6928
50486 7127
36283 4934
50486 6565
50486 6556
50486 6581
50486 6519
50486 6962
36283 5085
50486 6443
50486 6405
50486 6616
50486 6578
36283 5222
50486 7106
50486 6454
50486 6496
50486 7000
36283 5355
50486 8097
50486 6608
50486 6472
36283 5156
50486 6409
50486 6999
50486 6445
50486 6532
50486 6590
36283 6327
50486 6362
50486 7444
50486 3761
36283 3861
50486 6605
36283 5222
50486 6528
50486 6565
50486 6542
36283 3960
50486 6988
50486 6687
50486 7018
36283 5375
50486 6849
50486 6791
36283 5501
50486 6495
50486 6944
50486 6526
50486 6795
36283 5102
50486 7449
50486 6486
36283 6301
50486 6402
50486 6528
50486 6603
50486 6515
50486 6462
50486 6486
50486 6531
50486 6979
36283 5107
50486 6539
50486 6538
50486 6378
50486 6397
50486 6519
50486 6806
50486 6379
50486 6938
36283 5144
50486 6906
50486 6483
50486 6385
50486 6447
50486 6410
50486 6468
50486 6369
36283 6212
50486 6854
50486 6446
50486 10786
50486 6365
50486 6443
50486 6848
50486 6377
50486 7119
36283 4997
50486 7352
50486 6518
50486 6432
50486 6767
50486 6707
50486 6396
50486 6549
50486 6401
50486 6852
36283 5078
50486 6842
50486 6392
50486 6442
50486 6447
50486 6420
50486 6433
50486 6456
50486 6570
36283 6108
50486 6379
50486 6370
50486 6491
50486 6681
50486 6441
50486 6425
50486 6992
50486 6442
36283 6160
50486 6518
50486 6378
50486 6509
50486 6497
50486 6814
50486 6434
50486 6397
50486 6784
36283 5181
50486 6399
50486 6370
50486 6507
50486 6577
50486 6456
50486 6398
50486 6373
50486 6393
36283 6145
50486 6416
50486 6380
50486 6371
50486 6879
50486 6543
50486 6413
50486 6384
50486 6445
50486 6381
36283 3634
50486 6483
50486 7774
50486 6475
50486 6477
50486 7165
50486 6744
50486 6379
50486 6742
36283 5028
50486 6876
50486 6816
50486 6354
50486 6394
50486 6571
50486 6442
50486 6389
50486 6447
36283 5159
50486 6449
50486 6407
50486 6425
50486 6617
50486 6394
50486 6461
50486 6379
50486 6540
36283 6380
50486 6428
50486 6358
50486 6362
50486 6663
50486 6541
50486 6571
50486 7251
50486 6640
36283 5257
50486 6325
50486 6437
50486 6426
50486 6377
50486 6375
50486 6379
50486 6410
50486 6364
50486 6579
36283 6427
50486 6429
50486 6555
50486 6460
50486 6505
50486 6398
50486 6417
50486 6573
36283 6421
50486 6430
50486 6702
50486 6438
50486 6432
50486 6549
50486 6429
50486 6819
50486 6399
36283 6015
50486 7816
50486 8331
50486 6695
36283 5092
17544 3759
9777 3746
36283 6080
36283 3665
36283 3873
36283 3683
36283 6228
36283 3646
36283 3761
36283 3680
36283 4713
36283 5082
36283 3622
36283 3658
36283 3648
36283 3813
36283 3808
36283 3719
36283 3701
44995 4735
44995 5064
44995 3788
44995 3847
50486 2059
50486 6164
36283 3681
50486 7637
36283 5808
50486 6386
50486 6848
50486 6599
50486 6389
50486 6355
50486 6414
50486 6451
36283 6223
50486 6429
50486 6390
50486 6399
50486 5190
36283 3802
50486 6836
50486 6501
50486 6435
36283 6234
50486 6924
36283 5118
50486 6475
50486 6825
36283 5195
50486 6490
36283 6305
50486 6787
50486 6479
50486 6383
50486 6408
50486 6417
50486 6409
50486 6926
50486 6772
36283 5171
50486 6558
50486 6351
50486 6434
50486 6369
50486 6441
36283 6281
50486 6373
50486 7031
36283 5451
50486 3906
50486 6363
36283 6136
50486 6410
36283 6256
50486 6850
50486 6462
50486 6380
50486 6398
36283 6252
50486 6719
36283 5103
50486 6423
50486 6388
36283 6183
50486 6474
50486 6469
50486 3799
50486 6430
50486 6461
50486 6926
50486 6452
50486 6406
50486 7169
36283 5473
50486 6399
50486 6799
36283 5179
50486 6238
36283 3703
50486 6212
50486 6281
36283 3593
59160 3598
59160 4080
59160 6187
44995 3716
38006 4276
59160 3605
59160 3651
5977 3938
38006 3626
38006 7628
50486 5241
44995 3929
5977 3602
5977 11343
5977 6373
5977 6805
38006 4994
38006 3649
38006 3748
38006 6805
50486 6486
50486 6408
50486 6413
50486 6423
36283 6229
50486 7377
36283 5737
50486 6400
36283 6193
50486 6403
50486 6183
36283 5134
50486 3806
5977 6138
5977 3667
38006 3686
5977 3642
38006 3615
5977 4684
5977 6314
5977 5262
38006 3606
5977 1830
38006 3579
50486 3584
50486 6370
50486 7079
36283 5193
50486 6310
36283 3743
50486 7036
50486 6578
50486 6549
50486 6501
36283 4906
5977 3676
59160 4958
44995 4223
36771 4694
21386 4038
44995 3647
44995 3709
59160 3853
59160 4658
59160 5116
44995 3590
42103 3776
55131 3709
42103 3588
42103 6989
55131 3644
55131 7440
55131 3861
42103 2265
42103 3690
42103 6326
55131 3839
55131 3814
55131 3793
42103 4597
55131 6132
42103 3673
55131 6321
55131 7750
42103 5780
55131 6374
55131 6356
55131 6425
42103 4129
55131 6362
55131 6377
55131 6415
55131 6389
55131 6436
42103 6125
55131 6492
55131 6553
42103 6267
55131 6408
55131 6421
55131 6364
42103 6105
55131 7008
42103 4941
55131 6399
55131 6563
42103 6446
55131 6363
55131 6765
55131 6932
42103 5117
55131 7656
55131 6409
42103 6221
55131 6777
42103 3682
55131 6510
55131 6394
42103 6143
55131 6397
55131 6820
55131 6424
42103 6229
55131 6583
55131 6387
55131 6452
42103 4993
42103 6173
55131 6499
55131 6701
42103 5026
55131 6983
42103 5215
55131 6479
55131 6773
42103 4928
55131 6461
55131 6467
42103 6307
55131 6469
42103 4040
55131 7220
55131 5479
55131 1187
42103 3666
55131 3612
44995 3685
44995 6055
44995 3650
44995 3737
36283 6047
59160 3755
59160 3915
44995 3628
38006 6087
59160 3704
59160 3656
59160 6078
44995 3648
28784 3874
5977 3643
5977 3617
5977 6520
38006 5683
5977 6552
5977 6409
38006 6158
5977 6688
5977 6523
5977 6504
5977 6489
5977 6532
5977 6540
38006 5103
5977 3043
38006 3636
51162 4268
28784 3599
28784 7237
51162 6393
51162 7179
51162 6359
51162 4849
28784 5113
28784 3678
28784 3653
28784 6251
51162 6061
51162 3719
28784 3621
51162 3734
28784 3659
51162 3702
50486 6489
51162 7109
28784 5078
51162 6477
51162 6388
51162 6725
51162 6766
51162 6394
51162 6383
51162 6368
51162 6998
28784 5245
36283 4332
51162 6352
51162 3691
28784 3620
44995 4695
44995 5032
59160 3622
59160 3664
59160 4768
44995 4900
38006 4227
38006 3731
5977 3600
5977 6169
38006 3615
5977 6238
5977 3841
38006 4082
5977 6633
5977 6908
38006 4947
5977 6365
5977 6377
5977 6643
38006 5044
5977 6863
5977 6495
5977 7250
38006 6135
5977 6448
5977 6447
5977 6628
38006 6272
5977 7807
38006 6014
5977 6414
5977 6466
38006 6254
5977 6435
5977 6430
38006 6259
5977 6514
5977 7043
38006 5052
5977 6449
5977 6406
5977 7053
38006 5218
5977 6418
5977 6788
38006 5036
5977 6438
5977 6432
5977 6655
38006 5021
5977 6476
5977 6529
5977 6891
38006 4875
5977 6377
5977 6702
5977 6662
38006 5026
5977 7118
5977 6458
38006 5409
5977 6486
5977 6552
5977 6589
38006 6477
5977 6397
5977 6378
5977 6395
5977 6979
38006 5401
5977 6467
5977 6417
38006 4976
5977 6547
5977 6900
38006 5192
5977 6533
5977 6438
5977 6833
38006 5199
5977 6403
5977 6781
38006 5197
5977 6955
38006 4501
5977 6391
5977 6812
38006 5195
5977 6417
5977 6973
38006 4971
5977 7087
5977 6412
5977 6396
5977 6398
38006 3638
5977 6415
5977 6896
38006 5809
5977 6383
5977 6356
5977 6447
38006 5031
5977 6586
5977 6372
5977 6427
5977 3700
38006 4933
5977 6461
5977 6360
5977 6998
38006 5273
5977 6438
5977 6490
5977 7006
38006 5292
5977 6433
5977 6425
5977 6405
5977 6615
38006 5041
5977 6422
5977 7164
5977 7407
38006 4902
5977 6482
5977 6768
38006 5189
5977 6971
38006 5060
5977 6372
5977 6702
5977 3378
38006 3711
28784 6179
51162 3653
51162 172
28784 3627
39085 4042
10876 3794
3905 3655
18750 3590
17518 3632
17590 3766
44995 6086
44995 3872
17590 32
59160 3755
44995 3696
59160 6093
10327 3940
54358 4265
44995 4017
27735 3767
25655 3828
54358 3590
54358 7035
62518 4152
10327 3619
10327 6523
1078 4435
27735 4256
27735 6595
25655 3589
25655 8099
25655 6428
25655 6254
54358 4866
62518 4204
62518 7355
62518 6401
62518 6408
10327 6134
54358 5181
10327 1321
54358 4799
54358 5105
1078 3708
1078 7482
1078 6828
1078 6241
27735 3639
27735 5672
25655 5298
25655 3665
54358 3732
54358 3602
25655 4622
25655 5141
54358 3753
62518 6260
62518 3769
10327 3750
10327 3783
44995 3687
62518 3732
10327 5924
44995 3735
59160 1255
44995 3631
1078 2406
27735 3709
59160 3765
54358 4644
25655 3667
44995 5340
25655 3616
25655 6372
25655 6840
54358 4903
25655 6564
25655 6412
25655 7365
54358 5433
25655 6957
54358 5062
25655 6446
25655 6406
25655 6870
25655 6675
54358 5055
44995 3633
44995 6057
44995 3661
44995 3778
44995 3699
44995 6039
59160 3695
59160 173
59160 3646
44995 3609
25655 6493
25655 6411
54358 6148
25655 6486
25655 6508
25655 6671
25655 6680
54358 5012
59160 3786
20556 3937
44995 3659
44995 6236
59160 4288
14679 3873
59160 6074
44995 3597
44995 4118
44995 3730
50518 3949
44995 5960
44995 3740
59160 4214
59160 3717
59160 4055
44995 3631
59160 4599
59160 5111
64590 3786
79 3879
17487 3819
26227 3782
20556 3593
20556 7066
31717 3732
14679 3674
14679 7147
59160 6073
44995 3723
44995 3726
60388 3840
50518 3668
50518 7182
59160 6163
44995 3925
59160 4548
44995 3629
44995 4711
44995 5114
44995 3824
44995 3750
59160 2131
59160 5095
44995 3594
59160 3781
59160 3636
44995 3585
63095 3827
64590 3674
64590 7303
26230 3727
79 3584
79 6930
38518 3777
17487 4637
17487 6561
31717 3570
31717 7154
31717 6363
31717 4971
14679 3603
26227 3671
26227 7250
26227 6406
26227 6184
20556 3611
14679 4197
20556 3763
20556 6595
64590 4854
79 3993
20556 3767
20556 6109
20556 3836
60388 3584
60388 7221
60388 6505
60388 5056
50518 3599
50518 3895
59160 6080
59160 3768
44995 3611
47182 3942
59160 6162
52303 3801
7509 3883
29774 3669
42324 3616
23624 3707
44995 3594
63095 3596
63095 7189
63095 6395
63095 4772
64590 1075
64590 1040
26230 3617
26230 7215
79 3629
26230 6383
26230 5771
79 1375
38518 3615
38518 7469
38518 6533
38518 3758
17487 4710
17487 5115
26227 3959
31717 6120
31717 3637
14679 3614
26227 3688
20556 3782
20556 4630
63095 3760
64590 5067
26227 3639
26227 6385
26227 7000
20556 5106
26227 6417
20556 5114
26227 6483
26227 6408
26227 6732
20556 5662
26227 7515
26227 6813
20556 5188
26230 3610
79 3587
60388 6321
60388 3618
50518 3754
22132 3854
29774 3610
13941 3855
52303 4608
29774 7273
19426 5148
7509 3571
52303 7023
7509 5792
1655 5096
47182 3569
47182 7154
63101 3731
23624 3587
23624 6356
11235 4283
42324 3614
42324 7128
38518 3914
38518 4634
17487 3708
26227 6468
26227 6414
20556 6040
26227 6872
26227 6403
26227 6389
20556 6223
26227 6779
20556 5200
26227 6422
26227 6624
20556 5023
26227 6408
26227 6699
20556 5048
26227 6391
26227 6444
20556 5299
26227 6507
26227 6839
20556 6591
22132 3622
22132 7364
22132 6399
22132 5669
29774 5006
19426 3642
13941 3703
19426 7517
19426 6861
19426 3705
7509 4213
13941 7317
13941 6867
13941 4252
52303 3667
1655 3610
29774 4762
1655 7295
1655 6445
1655 3767
47182 4734
63101 3706
47182 5460
7509 3753
63101 7054
63101 6448
63101 3729
23624 3615
52303 3734
11235 4595
11235 7091
11235 6389
11235 4768
42324 3631
23624 5173
42324 3745
26227 6400
26227 6793
20556 5189
26227 6440
26227 6384
20556 6080
26227 6343
26227 8879
26227 6584
26227 7025
20556 5937
26227 6408
26227 6540
20556 6208
26227 6877
26227 6441
20556 6163
26227 6415
26227 6398
26227 6558
26227 6394
26227 6416
26227 6403
20556 4873
26227 6529
26227 6784
20556 4911
26227 6382
26227 6407
20556 6107
22132 5143
22132 3694
29774 3647
19426 6209
19426 3770
7509 3696
13941 6211
13941 3685
1655 3769
1655 4633
52303 3681
47182 5364
63101 3779
63101 3678
23624 3576
11235 6295
11235 3832
42324 3749
26227 6382
26227 6398
26227 7065
20556 5601
26227 6628
26227 6456
26227 6392
20556 6107
26227 6485
26227 6416
20556 4961
26227 6417
26227 6393
20556 6206
26227 6389
26227 6418
20556 6054
26227 6475
26227 6377
20556 6180
44995 4636
44995 5256
44995 3693
44995 3665
44995 6118
44995 4145
59160 3640
59160 3605
59160 3777
59160 4932
44995 3661
59160 3756
59160 5141
44995 3652
20556 3700
44995 3624
44995 6121
29774 3714
20556 4109
20556 4857
20556 5027
20556 3669
20556 3766
20556 4689
20556 5033
26920 6205
29774 3782
29774 3877
44995 4736
44995 4968
44995 3692
44995 3829
52303 6079
7509 3740
47182 3682
13306 3896
13306 5216
20556 5092
20556 3653
20556 4100
20556 4703
20556 5657
20556 3689
20556 3666
20556 3858
20556 6163
20556 3681
20556 3644
52303 3666
52303 6250
52303 3730
7509 3656
7509 6099
29774 3748
47182 4806
47182 5266
29774 3857
7509 6500
7509 3708
7509 3661
7509 6065
29774 3714
47182 3707
47182 6173
47182 3764
59160 3614
59160 3613
59160 6587
44995 5054
40162 4247
54407 3598
54407 3621
54407 4108
59160 4050
59160 4640
59160 5192
44995 3589
37116 6538
43996 3819
40162 3631
40162 7017
27721 4684
54407 5211
13306 3607
54358 3683
54407 6505
54407 6409
54407 6547
13306 5354
54407 6355
13306 3699
54407 6372
54407 6416
54407 6388
13306 6052
54407 6400
54407 6424
13306 6016
54407 6406
54407 6546
13306 6318
54407 7543
13306 5141
54407 6501
54407 6369
54407 6303
13306 198
59160 3744
43996 3611
43996 7706
40162 3695
40162 3683
40162 6225
54407 3811
26920 3625
43996 6211
43996 3677
40162 3753
40162 3654
43996 6107
43996 6373
40162 4946
43996 6846
43996 6382
43996 6374
43996 6436
43996 6390
40162 6216
43996 6446
40162 5244
43996 7181
43996 6533
40162 5321
43996 6844
43996 6426
40162 6215
43996 6370
43996 6470
40162 4814
43996 6456
40162 6241
43996 6410
43996 6562
40162 6267
44995 3672
43996 6731
43996 6999
40162 5109
43996 6395
43996 6640
40162 6587
43996 6530
43996 6377
40162 6187
43996 6378
43996 6426
40162 3598
43996 6447
43996 7920
40162 6000
43996 6647
43996 6349
40162 6216
43996 7194
43996 6491
40162 6177
43996 6470
43996 6909
40162 5185
43996 6367
43996 6557
43996 6789
40162 5154
43996 6455
43996 6759
40162 5075
43996 6430
43996 6883
40162 4938
43996 6415
43996 6406
40162 6041
43996 6518
43996 6978
40162 5082
43996 6834
40162 5204
43996 6528
43996 6547
43996 6748
40162 6479
43996 6359
43996 6429
40162 6272
43996 6420
43996 7188
40162 6757
43996 6373
43996 6393
40162 6139
43996 6428
43996 6380
40162 6179
43996 6386
40162 5299
43996 6422
43996 6433
40162 6262
43996 6455
43996 6397
40162 6132
43996 6407
43996 6379
40162 6216
43996 6386
43996 6404
40162 6166
43996 6392
43996 6560
40162 5056
43996 6382
43996 6834
40162 5279
43996 6437
43996 7285
40162 5485
43996 6399
43996 7204
40162 5533
43996 6396
43996 6419
40162 6194
43996 6401
43996 6518
59160 6161
40162 4099
43996 6422
43996 6548
40162 5069
43996 6609
43996 6408
43996 6662
40162 5077
43996 6153
40162 3596
40162 3606
59160 6163
44995 3771
59160 3786
44995 3646
44995 6152
44995 3839
44995 3835
44995 3756
44995 6489
43996 3671
59160 3830
59160 3789
59160 3647
59160 2680
44995 4195
59160 4996
44995 3672
22132 3669
22132 3604
22132 6546
29774 5435
22132 6526
22132 6408
22132 6419
29774 6197
22132 6383
22132 6596
29774 5105
22132 6916
29774 5187
22132 6493
29774 4884
22132 6418
29774 6240
19426 3639
13941 3664
26227 6359
20556 5338
26227 6508
26227 6386
26227 6371
20556 6237
26227 6387
26227 6443
20556 6215
26227 7197
26227 6381
26227 6386
26227 6848
26227 6433
26227 6706
20556 5086
26227 6368
26227 6384
26227 6380
26227 6410
26227 6537
26227 6570
26227 6381
26227 6492
26227 6380
26227 6510
20556 5219
26227 4767
20556 4953
26227 6356
26227 6397
26227 6394
26227 6390
13941 6009
22132 3720
19426 3608
20556 3678
13941 6850
13941 6580
13941 8004
52303 7834
13941 6421
13941 6502
13941 6563
13941 6392
13941 6424
1655 3657
19426 6831
19426 6522
19426 6525
52303 5699
7509 4873
13941 6656
26227 196
19426 6515
19426 6439
19426 6572
19426 6565
19426 4773
52303 3624
7509 3758
1655 3699
19426 6419
7509 4918
1655 6435
47182 5224
1655 6571
1655 6574
1655 8176
47182 5943
1655 7227
1655 6398
47182 5054
1655 6445
1655 1333
47182 6085
26227 3611
26227 4925
22132 5010
54344 4005
13951 3898
27721 3600
27721 7500
25655 6647
10313 3888
15434 3756
49227 3624
33867 3681
59160 6054
44995 3666
44995 4137
59160 6249
59160 3891
44995 3575
44995 3684
44995 6075
44995 3710
44995 3862
59160 3674
59160 4603
59160 5601
59160 3736
44995 3580
22132 6546
22132 6435
22132 6802
22132 6373
22132 6448
29774 6060
22132 6391
29774 5099
22132 6389
22132 6553
22132 6430
22132 6361
22132 6506
29774 5526
22132 6438
22132 7175
22132 6506
22132 6484
22132 6497
29774 5387
13941 6409
13941 6430
13941 6461
52303 6229
13941 7313
52303 5260
19426 6490
19426 6441
19426 6675
19426 7114
7509 7300
13941 6381
59160 6205
13941 6461
13941 6325
52303 5366
19426 6419
19426 6416
19426 6995
7509 5199
19426 7121
7509 5235
19426 6396
19426 6855
7509 5200
19426 6386
19426 6991
7509 5093
26227 6540
26227 6428
20556 5082
26227 6390
26227 6564
26227 6402
20556 6226
26227 6394
20556 6230
26227 6499
26227 6381
20556 6005
1655 6427
1655 7247
47182 7008
1655 6390
1655 6402
1655 6755
1655 6352
1655 6379
1655 6421
47182 4835
1655 6362
1655 6585
47182 6415
1655 6386
47182 6057
1655 6357
1655 6550
47182 6246
26227 6393
26227 6416
20556 5246
26227 6375
26227 6445
20556 5239
26227 6381
26227 6394
26227 6356
26227 6580
26227 6708
26227 6414
26227 6380
26227 6422
20556 6139
26227 6859
26227 6559
26227 6420
26227 6372
26227 6391
26227 7035
26227 6687
20556 5017
26227 6402
26227 6497
26227 6611
26227 6447
26227 6844
26227 6442
20556 6217
25655 6553
25655 6480
54358 6138
25655 6406
25655 6814
25655 6464
25655 6723
25655 6860
25655 6412
25655 6393
25655 6437
54358 6130
22142 5677
54344 3635
54344 7195
13951 4142
13951 7553
13951 6580
13951 6209
27721 3635
27721 3705
54344 3795
27721 4700
27721 5111
27721 3706
27721 6126
27721 3717
27721 3658
50815 3831
10313 3607
22139 3657
33867 4627
42619 4978
49227 3747
33867 7015
13946 4144
15434 3763
59160 3752
59160 6070
44995 5138
44995 4090
44995 3865
44995 3617
44995 6520
59160 3803
44995 3672
44995 6088
34723 4151
59160 3587
59160 3657
59160 4243
59160 3683
44995 3601
59160 3609
59160 4695
41480 5166
22132 6394
22132 7140
29774 4960
22132 7006
22132 6358
22132 6814
29774 5219
22132 6379
22132 6467
22132 6399
22132 6446
22132 6444
22132 6381
29774 5327
22132 6382
22132 6406
22132 6427
22132 6403
22132 6538
29774 6382
22132 6512
22132 6869
29774 6620
22132 6970
22132 6240
29774 3677
19426 6399
19426 6391
19426 6501
19426 6378
7509 6108
19426 6858
19426 6398
19426 6497
19426 6521
7509 6191
19426 6462
19426 6472
19426 6961
7509 5082
19426 6383
19426 6467
7509 6278
19426 6403
19426 6459
7509 3772
1655 6518
1655 6456
47182 4799
1655 6404
1655 6387
1655 6432
47182 6228
1655 7141
47182 5677
1655 6971
1655 6365
1655 6366
1655 6404
47182 5461
1655 6410
1655 6500
1655 6401
1655 6396
1655 6445
1655 6389
47182 6204
1655 6563
1655 6426
47182 6218
26227 6413
26227 6385
26227 6450
20556 6161
26227 6367
20556 6228
26227 6404
26227 6400
26227 6728
20556 5235
26227 6402
26227 6372
26227 6425
20556 6160
26227 6397
26227 6838
20556 6681
26227 6958
26227 6414
26227 6803
20556 5165
26227 6401
26227 6797
20556 6347
26227 6386
20556 6119
26227 6400
26227 6839
20556 6400
26227 6438
26227 6375
26227 6378
26227 6600
20556 6407
26227 6442
20556 6028
26227 6481
26227 6429
20556 6244
25655 6389
25655 6395
54358 6215
25655 6458
25655 7503
25655 6288
54358 6407
44995 4632
22142 3683
22142 8267
22142 6436
22142 6183
54344 2080
54344 3677
13951 3748
13951 6190
27721 3622
13951 3835
22142 3619
54344 3693
27721 3862
13951 3609
13951 6838
13951 7256
27721 6713
13951 6402
13951 6407
13951 6456
13951 6734
27721 5056
13951 6769
27721 4907
22139 4608
22139 7183
22139 6360
22139 6117
33867 4840
33867 3773
59160 3714
44995 4675
44995 5605
59160 3717
59160 3634
59160 4776
44995 5159
59160 3920
44995 3662
44995 4686
59160 3722
59160 4902
1655 6844
1655 6837
1655 7158
1655 6524
47182 6323
1655 6410
1655 6938
47182 5390
1655 6397
1655 6381
47182 6225
1655 6509
1655 6448
1655 6491
47182 5109
1655 6405
1655 4119
47182 3745
30655 6159
44995 3745
60102 3770
10337 3629
13951 6979
13951 7014
27721 4935
13951 6372
13951 6899
27721 6675
13951 6367
13951 6975
13951 6436
13951 6925
27721 5093
13951 6748
13951 6523
13951 6392
13951 6416
13951 6500
13951 6396
27721 4850
22139 3766
22139 4701
33867 5016
26956 3806
59160 3770
44995 3791
44995 6538
59160 3665
59160 3643
59160 3871
44995 3677
44995 4813
44995 4988
44995 4134
44995 5207
59160 3627
59160 4964
59160 3622
59160 3689
44995 3579
59160 4220
44995 6339
44995 3823
59160 3605
59160 3739
13951 6493
13951 6365
13951 6412
13951 6390
27721 5258
13951 6436
13951 6429
27721 6167
13951 6847
13951 6531
27721 6262
13951 6481
13951 6373
13951 6376
13951 6494
27721 6291
13951 6403
13951 6392
13951 6371
13951 6418
27721 6139
13951 6883
13951 6456
27721 6262
44995 4559
59160 6265
44995 3666
44995 3723
59160 3727
59160 4776
59160 5063
44995 3642
44995 3629
44995 6473
59160 3708
44995 3800
44995 4720
59160 4957
59160 3636
59160 3656
59160 3754
44995 3681
59160 4808
44995 5065
44995 3679
59160 5260
44995 4910
44995 3784
27721 3749
38006 4774
20556 5096
20556 3664
20556 3839
20556 4369
59160 4623
59160 5020
26920 6328
54358 3763
59160 3620
44995 3602
59160 6098
44995 3647
44995 3729
5977 3691
37116 6367
13951 6383
27721 6191
13951 6373
13951 6356
13951 6408
13951 6363
13951 6381
27721 6174
13951 6419
13951 6563
27721 5072
13951 6879
13951 6528
13951 6957
27721 5242
13951 6387
13951 6428
13951 6579
27721 5096
13951 6913
13951 7026
27721 6776
13951 6372
13951 6543
13951 6414
27721 6220
13951 6401
27721 5294
13951 6468
13951 71358
13951 6494
13951 7134
27721 5194
59160 3851
59160 4683
38006 5024
20556 3721
26920 3687
44995 3857
5977 6440
5977 7167
38006 5162
5977 6422
5977 6446
38006 5095
5977 6764
5977 6435
5977 7665
38006 6185
5977 6372
5977 6391
5977 6373
5977 8259
38006 8146
5977 7136
38006 5510
5977 6402
5977 6370
5977 6519
5977 6810
38006 5504
5977 6482
5977 6410
38006 6176
5977 6440
5977 6388
5977 6408
38006 4837
5977 6361
5977 6652
5977 6436
38006 4041
5977 6429
5977 6404
5977 6847
5977 6449
5977 6413
38006 4895
5977 6502
38006 5269
5977 6853
5977 6421
5977 6397
5977 6417
38006 4911
5977 7544
5977 6814
38006 5145
5977 6492
5977 6367
5977 7046
38006 5407
5977 6685
38006 4271
5977 6410
5977 6452
5977 6521
5977 6848
38006 5175
5977 6921
5977 6506
5977 7106
38006 5455
5977 6459
5977 6987
38006 4972
5977 6986
38006 5101
5977 6481
5977 6630
5977 6470
5977 6800
38006 5199
5977 6990
5977 6534
5977 6435
5977 8696
38006 7119
5977 6702
5977 6958
38006 5199
5977 6507
5977 6377
5977 6475
5977 6443
38006 4869
5977 6387
5977 6374
5977 6531
5977 6608
38006 5469
5977 6510
5977 3378
38006 3620
5977 6380
38006 3648
5977 6620
5977 6518
5977 7458
5977 6369
38006 5088
5977 6452
5977 7373
5977 7016
38006 5353
5977 6379
5977 6419
5977 8829
5977 6391
5977 6822
38006 5098
5977 3047
38006 3604
59160 7301
44995 3666
44995 4706
54358 5047
59160 4081
59160 3854
59160 3873
44995 3888
44995 5105
44995 5061
59160 3756
59160 3699
44995 4760
26227 5074
26227 6916
20556 5103
13951 6354
26227 6566
26227 6354
20556 5068
26227 6535
26227 6946
20556 5303
26227 6531
26227 6519
26227 7856
20556 7674
26227 6763
26227 6250
20556 3778
25655 3633
59160 3770
13951 6407
27721 5250
13951 6386
13951 6398
13951 6984
27721 5114
13951 6511
13951 6498
13951 6401
27721 6264
13951 6508
13951 6618
13951 6385
13951 7022
27721 5070
13951 6832
13951 6511
13951 6383
13951 6635
13951 7105
27721 5398
13951 6447
13951 6400
27721 5044
13951 6882
13951 8398
27721 7226
13951 6373
27721 4936
13951 6378
13951 6884
27721 4977
13951 6821
13951 6426
13951 5096
27721 3643
44995 3901
26227 6734
20556 5826
25655 4562
25655 6262
25655 6383
25655 6519
54358 4995
25655 6898
54358 5099
25655 6495
25655 6500
54358 5202
25655 6542
25655 6573
25655 6516
25655 7032
54358 5117
26227 1348
20556 3630
54358 6126
54358 5011
54358 3766
28784 4024
54358 4830
20556 5072
59160 3861
51162 3766
51162 6230
28784 3879
25655 6521
25655 6477
25655 6680
25655 6419
25655 6581
25655 6757
54358 5204
44995 3746
25655 4013
25655 6642
40162 4688
44995 3769
44995 3834
43996 3630
43996 6117
43996 6997
40162 5039
43996 6375
43996 6409
40162 5185
43996 6507
43996 5005
40162 5375
43996 5114
40162 4948
54358 3754
40162 4081
59160 3572
59160 3875
43996 4048
25655 7077
25655 6396
25655 6322
54358 5143
43996 3787
43996 6204
43996 7091
40162 5237
43996 6470
43996 6922
40162 6203
43996 6502
43996 3839
40162 3620
40162 3660
44995 3640
44995 6028
20556 3691
20556 3698
20556 3687
20556 6104
44995 3778
44995 3787
43996 3691
59160 5277
59160 4641
59160 5518
59160 3674
44995 3751
26227 6346
25655 3839
20556 3763
25655 6408
25655 6528
54358 5185
25655 6515
25655 6419
25655 863
54358 3655
59160 5103
26227 3586
26227 6460
26227 6389
26227 3743
20556 3768
26227 6381
20556 5208
26227 6588
26227 6951
20556 5160
26227 7112
59160 3831
44995 3722
14685 4826
20556 4998
50524 5102
45164 3663
14685 3645
14685 7259
59160 3833
44995 3632
7509 6132
7509 3724
52303 3902
52303 6203
20556 3717
20556 3679
8301 4031
50524 3640
50524 7025
45164 3660
45164 11727
45164 6507
45164 3766
14685 4690
14685 5065
14685 3673
14685 6168
20556 3781
47182 3934
52303 6270
20556 4113
7509 3760
14679 3690
20556 3810
20556 6171
20556 3721
14679 4767
14679 6107
14679 3726
27721 3724
27721 3862
28784 5992
28784 6423
44995 3654
44995 4747
44995 4996
44995 3880
44995 3780
44995 3719
51162 4620
51162 5013
51162 3708
28784 3581
59160 3621
59160 3666
59160 4640
44995 5028
59160 3671
59160 3781
44995 3836
41645 3735
59160 6297
29824 3824
19426 3599
13941 4063
19426 6449
19426 6860
7509 5297
13941 7528
52303 4255
13941 6549
19426 6654
19426 6438
52303 6156
7509 3622
13941 7678
52303 5752
19426 6986
7509 5135
13941 6600
52303 6162
19426 6863
7509 5051
13941 6427
52303 5069
19426 6865
7509 5454
19426 6947
7509 5218
19426 6414
19426 6391
13941 6355
13941 6502
13941 6514
7509 6032
52303 3639
13941 3842
13941 6741
52303 3837
26227 3683
26227 7760
20556 6173
26227 6392
26227 6849
20556 5032
26227 6383
26227 6425
26227 6950
20556 5344
8301 3639
8301 7393
8301 6817
8301 3742
50524 3642
50524 6069
44995 3616
45164 3591
45164 3816
45164 5997
31717 3639
14685 4124
14685 3728
45164 6475
45164 6563
45164 6522
45164 6354
45164 6430
45164 6353
14685 4886
45164 6485
45164 6653
31717 5182
31717 6929
31717 6419
31717 6942
14685 5213
14679 3957
31717 6474
31717 6381
31717 6385
31717 6460
31717 6912
31717 6973
14679 5196
1655 6543
1655 6424
1655 6393
1655 6396
47182 4985
26227 6413
26227 3539
1655 6844
1655 6369
1655 7127
1655 6420
1655 6388
1655 6404
20556 6132
47182 4126
13951 4721
26227 6416
26227 7081
20556 4970
13951 7165
13951 6485
27721 6225
13951 6466
13951 6424
27721 6218
13951 6445
13951 6269
13951 6833
13951 6405
13951 6491
13951 6900
27721 5250
19426 3615
13941 3560
19104 4777
40077 5026
59160 3789
54358 3768
54358 4658
59054 5686
41645 3594
41645 6955
44995 3617
11910 3693
29824 3615
29824 6883
19426 6526
19426 7023
7509 5101
19426 6415
19426 6514
7509 6771
19426 6383
19426 6376
7509 6239
13941 6467
13941 6405
13941 6435
13941 6397
52303 4800
19426 6397
19426 6483
19426 6856
19426 6420
19426 6412
19426 6473
19426 6494
19426 6486
19426 6445
7509 6170
19426 6949
7509 5055
13941 6717
13941 6491
13941 6356
13941 6726
13941 6374
13941 6498
52303 6169
13941 6461
13941 6362
13941 6506
13941 6390
13941 7707
13941 6513
52303 5266
26227 6345
26227 6469
26227 6567
20556 6150
8301 3949
8301 3617
50524 3942
31717 6395
31717 6377
31717 6410
31717 6583
14679 5101
31717 6393
31717 6420
14679 5312
31717 6556
31717 6394
31717 7094
31717 6513
31717 6640
31717 6555
14679 6299
45164 3900
1655 6733
1655 7422
47182 5541
1655 6372
1655 6937
47182 5379
1655 7417
1655 6377
1655 6443
1655 6622
47182 5046
13951 6396
13951 6823
13951 6750
27721 6537
13951 6383
13951 6710
13951 6396
13951 6442
13951 6452
13951 6390
13951 6845
13951 6520
13951 7199
27721 5428
45164 4118
14685 5259
34494 3922
19104 3601
19104 7895
25655 2366
25655 6487
25655 6364
25655 5132
54358 3611
20118 3944
40077 3618
40077 7633
59054 4216
59054 7864
59054 6521
59054 3776
41645 3737
41645 3683
41645 6150
41645 4235
35774 3653
19426 6416
19426 6355
19426 6383
7509 6207
19426 6996
7509 5206
19426 6375
19426 6451
7509 6201
19426 6738
19426 7001
7509 4930
13941 6429
13941 6761
52303 5080
13941 6418
13941 6382
13941 6372
13941 6395
52303 6097
13941 6347
13941 6464
13941 7546
13941 6400
52303 6212
13941 6492
13941 6451
52303 6306
13941 6678
13941 7628
52303 6336
13941 6707
13941 6641
13941 5097
11910 3636
52303 3631
11910 8776
11910 6488
29824 6192
11910 6384
11910 4000
29824 4782
29824 5357
29824 3730
29824 6151
51842 3999
31717 6391
31717 6378
31717 6654
31717 6599
31717 6374
14679 4879
13951 6443
13951 6667
13951 7739
13951 6555
13951 6449
27721 5474
13951 6404
13951 6435
13951 6431
27721 5144
13951 7036
13951 6470
13951 6386
13951 6564
13951 6390
13951 6424
27721 6245
34494 4963
34494 7953
34494 6416
34494 4770
19104 3714
20118 3836
20118 7238
20118 6694
20118 6368
40077 6014
20118 5267
40077 3970
40077 6331
59054 4061
59054 3627
59054 3793
59054 5201
59054 3703
41645 3697
41645 7347
59054 6504
41645 5151
59054 6520
59054 7082
41645 5469
44995 3839
44995 6089
44995 3671
44995 3793
11910 3732
11910 3657
11910 6185
29824 3630
29824 3668
59160 4633
59160 5014
11910 6807
29824 5187
11910 6936
29824 5179
59160 3658
44995 3879
59160 6241
13990 4234
13951 6425
13951 6385
13951 6506
13951 6577
27721 6373
13951 7781
13951 6999
27721 5086
13951 6826
13951 6626
27721 5039
13951 6393
13951 6370
13951 6474
13951 6416
27721 6173
13951 6393
13951 6410
13951 6764
27721 5168
13951 6391
13951 8476
27721 7186
13951 6574
27721 3861
28671 3870
13990 4629
13990 7100
59160 5106
44995 3708
28671 3613
28671 7774
28671 6351
13990 3933
51116 4138
13990 5630
28671 7640
34494 5206
34494 5158
34494 3675
19104 3639
13990 3591
59054 3594
20118 3764
20118 4705
40077 3636
11910 5108
13951 6509
13951 6632
13951 6470
13951 6475
13951 6417
13951 6389
13951 6562
13951 6442
13951 6515
13951 6485
27721 6182
13951 6390
13951 3767
27721 3763
6253 3969
51116 3859
51116 6556
6253 3802
6253 7537
6253 6523
6253 3995
51116 5163
51116 5032
6253 4961
6253 3773
51116 3736
50909 4109
50909 3605
33089 877
50909 3644
20556 6039
20556 3811
44995 4147
44995 4673
44995 4984
44995 3663
44995 3885
44995 4816
41645 5218
44995 3817
44995 3664
44995 6283
44995 3822
59160 4095
59160 104
44995 5188
59160 5145
19948 3907
59160 4759
44995 3647
17044 6154
62957 3888
13306 3687
13306 3692
7154 3838
17044 4640
17044 6584
58394 3861
19948 3629
19948 6514
7154 4975
33819 4229
54407 3738
59160 3754
62957 3652
54407 3625
62957 6646
16045 3660
7154 7358
7154 6932
17044 5020
58394 5052
17044 3778
17044 3699
17044 6173
59160 3746
44995 3616
60224 3744
5953 3762
59071 3888
16045 3725
16045 6660
7154 1091
17044 3785
17044 5039
33819 3637
49886 3683
60224 3597
21215 3783
5953 3641
5953 6551
60224 6347
54407 3759
54407 6604
13306 5201
54407 6521
54407 6733
13306 5023
54407 6467
54407 6661
13306 5073
54407 6415
54407 6562
13306 5440
58394 7898
58394 6473
58394 3747
19948 3587
54407 6377
54407 7368
13306 6917
59071 4145
54407 6572
54407 7929
13306 7723
54407 6560
54407 6617
13306 5129
54407 6815
54407 6443
13306 6484
19948 3676
19948 3660
62957 3710
54407 6533
54407 6861
13306 5244
19948 6120
19948 3697
7154 6367
7154 4122
17044 4570
54407 6466
54407 6883
13306 6471
59071 8325
59071 6299
16045 4854
54407 6396
54407 6468
13306 6324
54407 6434
54407 6954
13306 5215
21215 4875
54407 6419
54407 7120
49886 5099
13306 3810
54407 6417
54407 6662
13306 5044
54407 6380
54407 6405
13306 6232
54407 6763
54407 6413
13306 6244
13306 3631
49886 7451
49886 6242
60224 4872
54407 6449
54407 6860
13306 6447
54407 6542
13306 3784
54407 6884
13306 5061
54407 6436
13306 3570
33819 7489
62957 7224
33819 6529
54407 6895
54407 6787
33819 6366
62957 767
13306 4157
21215 7433
21215 6243
5953 6076
54407 6367
54407 7074
13306 5167
16045 3653
16045 3693
16045 6097
58394 6165
33819 3652
62957 3713
60224 4059
58394 6746
19948 5140
58394 6628
58394 6387
58394 6378
58394 7039
19948 5136
58394 6397
5953 3641
58394 6405
58394 6766
19948 6368
5953 3810
19948 4968
60224 3735
60224 5539
60224 5547
58394 6388
19948 5174
58394 6596
19948 4905
58394 6397
58394 6947
19948 5099
58394 6456
19948 3652
58394 6811
19948 5449
58394 6433
58394 6852
19948 3583
59071 574
16045 3591
16045 3754
58394 6570
58394 6437
19948 6294
58394 7080
19948 5495
54407 3692
49886 6195
60224 5045
21215 4914
5953 4935
21215 3739
5953 4060
7154 4923
49886 1165
59071 3768
58394 6424
58394 6378
19948 6179
58394 6520
58394 7074
19948 5102
49886 6402
60224 3600
49886 6415
49886 6829
49886 7004
60224 5035
19948 3763
49886 6508
49886 6389
49886 6350
49886 6420
49886 6207
60224 6052
58394 6511
58394 6358
19948 6021
49886 6394
49886 6453
49886 6401
49886 6391
60224 5994
49886 6442
49886 6913
49886 6246
60224 3616
58394 6525
58394 6442
19948 6228
49886 6502
60224 6055
49886 6372
49886 6377
49886 6510
49886 6854
60224 5192
49886 6534
49886 6585
49886 6337
49886 6863
60224 6455
49886 6836
49886 6384
60224 5012
49886 7246
60224 5492
49886 6402
49886 6416
49886 6557
49886 6350
49886 7076
60224 5557
58394 6335
58394 6416
19948 6045
49886 7111
60224 5180
49886 6439
49886 6528
49886 6556
60224 5250
49886 6360
49886 6431
49886 6424
60224 6059
58394 6614
19948 4926
58394 6390
19948 5227
49886 6699
49886 6511
49886 6400
49886 6371
49886 6429
49886 6431
49886 6791
60224 5176
58394 6437
58394 7135
19948 5509
58394 6376
58394 6395
19948 6022
58394 6406
19948 6242
58394 6404
19948 6192
58394 7454
19948 5769
58394 6408
19948 6075
58394 6441
19948 6253
58394 6493
19948 5311
58394 6715
58394 6439
19948 5409
49886 6530
49886 7052
60224 4921
58394 6591
58394 6994
19948 5071
49886 6431
49886 6372
60224 4985
49886 6380
49886 6470
49886 6517
60224 6289
49886 6365
49886 6528
49886 6377
49886 6389
58394 6446
58394 6480
49886 6421
60224 5588
19948 3732
58394 3727
49886 6875
60224 5231
49886 6385
49886 6265
60224 4089
49886 6867
49886 6727
49886 6377
49886 6847
49886 6388
49886 6385
49886 6391
60224 5374
49886 6556
49886 6382
49886 6555
49886 6509
49886 6430
49886 6383
60224 5411
58394 5042
13306 3669
54407 3657
19948 3645
59054 3662
54407 3671
54407 6459
13306 5292
26227 6860
54407 7017
54407 6410
13306 6297
54407 6645
54407 6433
13306 4873
54407 6431
54407 6508
13306 6227
26227 6560
20556 6243
26227 6386
26227 6204
20556 4795
54407 6473
54407 6427
13306 5991
54407 6387
54407 6391
13306 6198
54407 6473
54407 6620
13306 5049
54407 6346
54407 6964
13306 5090
54407 6406
54407 6393
13306 6051
54407 6394
54407 6407
13306 4919
54407 6922
13306 3740
54407 3573
59054 1082
41645 3764
44995 3571
59160 2592
44995 1940
44995 3714
29824 3721
59160 1313
59160 4911
59160 3790
44995 3703
16764 3800
13693 3679
44995 4710
59160 5438
59160 3737
54654 3944
44995 3610
36220 4811
11910 3724
11910 6384
26544 3713
22450 3783
16764 3794
13693 4338
13693 7210
16764 6356
59071 6440
59071 2181
16045 3632
29824 3668
28031 3832
35185 3824
54654 3640
54654 6927
35809 127
18986 3652
18986 4677
35809 5230
1969 3842
36220 4061
36220 7420
26544 5664
22450 3753
26544 7459
26544 6517
26544 6411
13693 5145
22450 7242
22450 6336
22450 6362
16764 6215
13693 3677
16764 5536
59760 5417
28031 4617
28031 6932
35185 3620
35185 7057
35185 6377
35185 7567
54654 6133
35185 3753
54654 3645
54654 4761
54654 5123
54654 3785
41645 6070
20556 3708
27735 3634
44995 4074
44995 6196
1969 3593
1969 7734
1969 6361
1969 6360
36220 5108
36220 4715
26920 6222
59160 248
59160 3691
37116 6223
19270 4112
22450 3592
22450 3662
26544 5586
26544 4970
13693 5009
16764 5171
44995 3886
49876 4978
19270 3578
19270 7211
49876 4777
49876 7338
49876 6984
19270 5187
19270 4672
19270 5493
19270 3788
26920 3612
49876 5958
49876 3953
19270 4775
59160 5107
1329 4286
16689 3662
48432 3693
51505 3730
13616 4628
28976 5126
49876 3591
15727 4281
1329 3640
1329 7059
52591 3690
28012 3808
64877 4210
23918 3671
3437 3726
16689 3621
13616 4721
51505 5139
48432 3552
28976 3747
44995 3663
16689 7153
13616 6568
51505 6523
28976 5190
48432 6492
59760 5360
59760 7241
59760 6456
28031 6031
59760 6585
5037 1034
5658 3609
59760 3910
28031 3596
28031 4783
5658 5804
15727 5048
64877 3778
52591 3844
28012 3676
15727 7507
23918 6988
15727 7118
15727 6473
1329 6146
3437 3638
52591 7307
52591 6443
52591 6974
16689 4918
64877 7378
64877 6473
64877 6960
13616 5082
28012 7003
28012 6410
28012 6464
51505 5216
23918 7700
23918 6383
23918 6920
48432 5468
3437 7500
3437 6375
3437 6382
28976 4998
5037 3616
1329 3736
16689 6052
13616 3721
51505 3741
48432 9975
28976 4745
16689 5179
35185 3714
13616 4220
51505 3759
48432 3651
28976 3793
1329 3686
1329 6174
1329 4118
1329 3831
1329 4873
1329 5059
1329 3714
35185 3694
35185 3778
54654 3686
54654 3724
35185 6400
35185 6454
54654 6231
35185 6951
54654 4964
35185 6387
35185 6780
54654 5088
35185 6875
54654 6646
35185 6388
35185 6399
54654 4259
59054 3797
59054 535
41645 4891
15727 4586
15727 3765
1329 3633
1329 6376
52591 3987
16689 3659
52591 3794
16689 3768
64877 6152
64877 3681
13616 3578
13616 3606
28012 6417
51505 5013
28012 3665
51505 3616
23918 4781
23918 5581
48432 5029
48432 3641
26227 4730
64877 4958
13616 3881
52591 3597
3437 3929
3437 4879
16689 3611
28976 1386
15727 3679
28012 3635
51505 3636
23918 4294
48432 3597
15727 3966
3437 3620
28976 4607
15727 5061
15727 6375
1329 6178
15727 6809
15727 6754
15727 6479
15727 6575
15727 6821
1329 5081
15727 6831
1078 5192
27735 3770
1329 3622
1969 3626
1969 3633
15727 6542
15727 6382
1329 6223
15727 6388
15727 6931
1329 5199
15727 7072
15727 6429
15727 6390
15727 6362
15727 6523
15727 6415
15727 7506
15727 6411
15727 6525
1329 6111
15727 6344
15727 6475
15727 6800
15727 6390
15727 6656
1329 4976
15727 6540
15727 7067
1329 5149
20556 4942
36220 3605
26544 3700
22450 3619
26544 6337
26544 1060
13693 3599
15727 6413
15727 6576
15727 6440
1329 6179
15727 6429
15727 6461
15727 6395
15727 6506
15727 6510
1329 6216
22450 6426
22450 7379
22450 3649
16764 4084
15727 6408
15727 6481
15727 6540
15727 6536
1329 6526
15727 6417
15727 6383
15727 6530
15727 6423
15727 6600
15727 6404
15727 6397
1329 5456
15727 6753
15727 6371
15727 6346
15727 6401
1329 6104
15727 7082
1329 5171
15727 6805
15727 6895
1329 6495
15727 6694
15727 6474
15727 6384
15727 6568
15727 6431
15727 7170
15727 6632
1329 5046
15727 6443
15727 6491
15727 6345
15727 6385
15727 6386
1329 5206
15727 6484
15727 6520
1329 6144
15727 6401
15727 6490
15727 6491
15727 6462
15727 6425
1329 6184
15727 6548
15727 6672
15727 6385
15727 6402
15727 7291
1329 4948
15727 6533
15727 7858
1329 6560
15727 6428
15727 6891
1329 6676
15727 6538
15727 7954
1329 6148
15727 6420
15727 6522
15727 6431
15727 6942
1329 4955
15727 6592
15727 6470
15727 6435
1329 6234
15727 6372
15727 6396
15727 6552
1329 5461
15727 6421
15727 6664
1329 5037
15727 6407
15727 6416
15727 6406
15727 6467
15727 6378
15727 6617
1329 5023
15727 6868
15727 7110
1329 5241
15727 6460
15727 6391
1329 6075
15727 6382
15727 7211
15727 6386
1329 6221
15727 6423
15727 6819
15727 6411
15727 6394
15727 6604
15727 6389
15727 6474
15727 4915
1329 4047
15727 6388
15727 6999
1329 5229
15727 6373
15727 6479
1329 5167
15727 6493
15727 6496
1329 5034
15727 6426
15727 6725
1329 6588
15727 6402
15727 6676
15727 6392
1329 6212
15727 6754
1329 4938
15727 6420
15727 6403
1329 6051
15727 7081
15727 6416
15727 6885
15727 6735
1329 5261
15727 7262
15727 6431
15727 6808
15727 6405
1329 6254
15727 6484
15727 6627
1329 5037
15727 6364
15727 6831
1329 6532
15727 6674
15727 7015
1329 5130
15727 6469
15727 6424
1329 6176
15727 6433
15727 6363
15727 6408
15727 6617
1329 5316
59760 3925
59760 3701
28031 3647
15727 6427
15727 7028
15727 6390
15727 6438
15727 6807
15727 7491
1329 5042
15727 6503
15727 6445
15727 6399
15727 6384
15727 6407
15727 6371
15727 6380
15727 6366
15727 6374
15727 6397
15727 6421
15727 6805
1329 5177
15727 6409
15727 6690
15727 6417
1329 4843
15727 6379
15727 6387
15727 6826
15727 6532
1329 5294
15727 6419
15727 6503
15727 6371
15727 7076
15727 6436
15727 7603
1329 6311
15727 6371
15727 6546
15727 6896
1329 4928
15727 6379
15727 6417
15727 6822
15727 6476
15727 6404
15727 6593
15727 6775
1329 5253
15727 6434
15727 6824
1329 5189
35185 3619
1329 3652
1329 6113
1329 3663
1329 3802
20556 6699
15727 5041
15727 6419
15727 6444
15727 6440
15727 6389
15727 6447
1329 6298
15727 7257
15727 6392
15727 6422
15727 6608
1329 6397
15727 6394
1329 4932
15727 6427
15727 4233
15727 6403
15727 7090
1329 4946
15727 6401
15727 6523
15727 6375
15727 6391
15727 6906
1329 5060
15727 6827
15727 6525
15727 6499
15727 6396
15727 6375
15727 6385
15727 6400
15727 6623
1329 4991
15727 6453
15727 6411
15727 6379
15727 7352
15727 6884
15727 7213
15727 6548
15727 6684
1329 6531
15727 6389
15727 6546
15727 6633
15727 6557
15727 6438
15727 6474
15727 6852
15727 6547
1329 5152
15727 6549
15727 6427
15727 6408
15727 6553
15727 6529
15727 6362
15727 6395
15727 6409
1329 6159
15727 6372
15727 6419
15727 6376
15727 6480
15727 6418
15727 6469
15727 6396
15727 6401
15727 6381
1329 6250
15727 6781
15727 6599
15727 6387
15727 6395
15727 6343
15727 6392
15727 6427
15727 6821
1329 6608
15727 6379
15727 6490
15727 6597
15727 6398
15727 6360
15727 6537
15727 6402
15727 6383
1329 4893
15727 6384
15727 6381
15727 6382
15727 6840
15727 6380
15727 6372
15727 7098
15727 6519
1329 6065
15727 6392
15727 7165
1329 5534
15727 6450
15727 6410
15727 7977
1329 7531
15727 6425
15727 6512
15727 6431
15727 6687
15727 6408
15727 6538
15727 6891
1329 4954
15727 6379
1329 6179
15727 6443
15727 6775
15727 6882
15727 6794
1329 5167
15727 6511
15727 7238
1329 6921
15727 6390
15727 6369
1329 6227
15727 6558
15727 6373
1329 6157
15727 6526
15727 6398
15727 6378
1329 6129
15727 6451
1329 4451
15727 6349
15727 6717
1329 6533
15727 6539
15727 6442
1329 6027
15727 6412
15727 6404
1329 3877
15727 6365
15727 6458
1329 6598
15727 6367
15727 6377
1329 6193
15727 6424
15727 6951
1329 5200
15727 6894
15727 6439
15727 7201
1329 5163
15727 6406
15727 6382
15727 6367
15727 6425
1329 6241
15727 6852
1329 5157
15727 6432
15727 6731
15727 6861
15727 6488
15727 6477
1329 6117
15727 6771
1329 5109
15727 7047
15727 6411
15727 6686
1329 6543
15727 6380
15727 6406
15727 6427
1329 5376
15727 6498
15727 6671
1329 5042
15727 6363
15727 6467
1329 6216
15727 6386
15727 6516
15727 6797
1329 5597
15727 6384
15727 6505
15727 6463
15727 6650
1329 6493
15727 6497
1329 4995
15727 6717
15727 7217
1329 7072
32037 3834
15727 6415
15727 6378
1329 5993
15727 6397
15727 6945
1329 4915
15727 6477
15727 6355
15727 6383
15727 6684
1329 5053
27198 3708
27198 4042
27198 6345
15727 6385
15727 6483
15727 6437
1329 5229
15727 6395
15727 6386
15727 6375
15727 6370
1329 6079
15727 6393
1329 6026
15727 6441
15727 6482
15727 6544
1329 5304
15727 7251
15727 7242
1329 5486
15727 6695
1329 5046
15727 6403
15727 6360
15727 6523
1329 6244
15727 6415
15727 6468
15727 6395
15727 6383
15727 6765
1329 5181
15727 6823
15727 6983
1329 4934
15727 6408
15727 6616
1329 4302
15727 6480
15727 6385
15727 6372
15727 6382
15727 6965
15727 6386
1329 5167
19379 3600
19379 190
19379 3664
15727 7369
15727 6504
1329 6321
15727 713
1329 4036
15727 6392
15727 6385
15727 6376
1329 6100
15727 6755
1329 4961
15727 6477
15727 6424
15727 6629
1329 4929
15727 6475
15727 6508
1329 6261
15727 6528
15727 6430
15727 6400
15727 6392
1329 5226
15727 6557
15727 6387
15727 6736
15727 6411
1329 4864
15727 6421
15727 6979
15727 6423
15727 7377
15727 6450
15727 6401
15727 6580
15727 6620
1329 5025
15727 6385
15727 6460
1329 6063
15727 6387
15727 6455
15727 6401
1329 6092
15727 6428
15727 6490
15727 6540
15727 6388
1329 6126
15727 6359
15727 6522
15727 6682
15727 6471
15727 6541
15727 6537
15727 6432
15727 6397
15727 6404
1329 6047
15727 6519
15727 6585
15727 6507
15727 6443
15727 7686
15727 6375
15727 6831
15727 7023
1329 5327
15727 6369
15727 6398
15727 6337
15727 6388
15727 6642
15727 6535
15727 6404
15727 6413
15727 6825
1329 5943
15727 6823
15727 6430
15727 6393
15727 6372
15727 6465
15727 6384
15727 6394
15727 6399
1329 6110
15727 6505
15727 6372
15727 7243
15727 6856
15727 6358
15727 6415
15727 6592
15727 6444
1329 6253
15727 7292
15727 6493
15727 6402
15727 6411
15727 6360
15727 6726
15727 6412
15727 6395
1329 5323
15727 6668
15727 6483
15727 6477
15727 6366
15727 6413
15727 6393
15727 6471
15727 6514
1329 6296
15727 6527
15727 6371
15727 6421
15727 6717
15727 6453
15727 6397
15727 6680
15727 6451
1329 6217
15727 6489
15727 6542
15727 6541
1329 6352
19379 6626
19379 4807
27198 5077
19379 3704
27198 3594
19379 3665
15727 6400
15727 6570
15727 6426
15727 6808
15727 6493
1329 6262
15727 6467
1329 3762
15727 6522
15727 6393
15727 6395
15727 6396
15727 6846
1329 4919
15727 6428
15727 6614
15727 6417
1329 6057
15727 6421
15727 6493
1329 6201
15727 6446
15727 6501
1329 6240
27198 4626
15727 6878
15727 6551
15727 6864
15727 6473
15727 6374
15727 6396
15727 7066
15727 5126
15727 6387
1329 5428
15727 6460
15727 6410
15727 6531
15727 6465
15727 6647
15727 6386
15727 6389
15727 6960
1329 5057
15727 6452
15727 6417
15727 6386
15727 6578
15727 6436
15727 7742
15727 6408
15727 6442
1329 6252
15727 6522
15727 6591
15727 6431
15727 6399
15727 6910
15727 6862
15727 6451
1329 6015
15727 6421
15727 6516
15727 6400
15727 6379
15727 6426
15727 6390
15727 6644
15727 6402
1329 6209
15727 6482
15727 6392
15727 6414
15727 6425
15727 6389
15727 6834
15727 6390
15727 6506
15727 6394
1329 6182
15727 6378
15727 3651
15727 6381
15727 6409
15727 6363
15727 6368
1329 3728
40081 3726
38918 4238
19379 3620
26227 6986
26227 6424
20556 6289
49876 6388
49876 6581
49876 6375
49876 6397
19270 5283
49876 6374
49876 6396
49876 6621
49876 6391
49876 6833
49876 6485
49876 6402
19270 6215
49876 6834
49876 6468
49876 6358
49876 6370
19270 4849
49876 6377
49876 6477
49876 6391
49876 6369
19270 6196
49876 6517
49876 6356
49876 6409
49876 6598
49876 6765
49876 6431
49876 6405
49876 6894
19270 4903
49876 6377
49876 6321
49876 6414
49876 6641
49876 6818
49876 6405
49876 6502
49876 6715
49876 6871
19270 5060
49876 6369
49876 6436
49876 6661
49876 6353
49876 6469
49876 6376
49876 6433
49876 6383
49876 6863
19270 5196
49876 6392
49876 6471
19270 5019
49876 6462
49876 6438
19270 5669
49876 6473
49876 6951
49876 6541
19270 4878
49876 6421
49876 6375
49876 6356
49876 6376
19270 6043
49876 6402
49876 6361
49876 6422
19270 6453
49876 6551
49876 6402
49876 6477
49876 6383
49876 6387
49876 7021
19270 5369
49876 6472
49876 6397
49876 6390
49876 6386
49876 6271
19270 4981
49876 6372
49876 6412
49876 6416
49876 6446
49876 3774
49876 6425
49876 6459
49876 6879
49876 6401
19270 6178
49876 6392
49876 6400
49876 6383
49876 6758
49876 6407
19270 6045
49876 6387
49876 6409
49876 6521
49876 6814
19270 6504
49876 6400
49876 6411
49876 6528
49876 6771
49876 5569
49876 6379
49876 6338
19270 6124
49876 6404
49876 6366
19270 6027
49876 6401
19270 5799
49876 6856
49876 6456
49876 6416
49876 6540
49876 6866
49876 7213
19270 5486
49876 6407
49876 6402
19270 5155
49876 6360
49876 6610
49876 6710
49876 6538
49876 6397
49876 6566
49876 6379
49876 6401
19270 6187
49876 6375
49876 6354
49876 6413
49876 6523
49876 6438
49876 6420
49876 6377
49876 6417
19270 5278
49876 6465
49876 6393
49876 6801
49876 6902
19270 5110
49876 6451
49876 6877
19270 5078
49876 6438
49876 7004
19270 5658
49876 6335
49876 6866
49876 6805
49876 6444
49876 6399
49876 6434
49876 6400
49876 6379
49876 6950
19270 5174
49876 7040
49876 6533
49876 3834
19270 3603
49876 6413
49876 6405
19270 4899
49876 6415
49876 6354
49876 6851
19270 5616
49876 6446
49876 6407
19270 4790
49876 6542
19270 6306
49876 6406
49876 6538
49876 6840
19270 5190
49876 6913
19270 6757
49876 6545
49876 6441
49876 6372
19270 6152
49876 7232
49876 6674
19270 5034
31804 3847
20556 3662
10172 3595
26227 7145
23174 5168
20556 3617
20556 3812
7153 1096
58919 4987
58919 3758
7153 3767
26227 6400
20556 4963
2469 3646
61678 3754
44562 3639
29093 3790
22827 5013
11771 3764
10999 4928
57039 3709
62205 3621
65304 4207
10876 4124
10876 3657
39085 3672
39085 3721
10876 3633
44995 6445
44995 3722
23624 4028
42324 3643
50518 3597
17487 3710
33867 3747
59160 4615
59160 5026
59160 3873
44995 3731
35792 3766
40915 4704
41146 5585
35792 5013
20671 3605
40915 3704
35792 7875
40915 6339
41146 3648
20671 3686
41146 7630
41146 6478
41146 6288
35792 3634
20671 7495
20671 6926
20671 7001
40915 6030
35792 4158
40915 3792
41146 3820
20671 4657
35792 6161
41146 6298
50524 4937
44995 3633
44995 6056
40915 3681
59160 3693
59160 4885
44995 5006
14987 3809
35792 3792
60388 3615
50518 3594
63101 3756
23624 3623
22139 3684
33867 3592
11235 3614
42324 4600
38518 3631
17487 5077
20348 4230
14987 3672
14987 7164
20348 3648
20348 7839
20348 6403
20348 6825
14987 5065
14987 4110
8301 4083
50524 3665
20348 3678
14987 6217
20348 3608
20348 6621
14987 4919
14987 6966
20348 5303
20348 6407
20348 7200
14987 6936
20348 6391
20348 6402
20348 6865
20348 6552
20348 6386
20348 6305
14987 5027
20348 6407
20348 6405
14987 6189
13990 3635
19104 4608
40077 5829
44995 3869
44995 4364
32395 3845
28671 3731
13990 3735
44995 6023
44995 3853
59160 3601
59160 3653
59160 6107
44995 3635
13190 3826
18311 3713
48006 3775
20348 6404
20348 6621
20348 6389
20348 6380
14987 6093
20348 6356
14987 6071
20348 6475
20348 6808
20348 6763
20348 6511
20348 6380
20348 6507
20348 6416
20348 6366
20348 6352
20348 7178
14987 5485
20348 6857
20348 6565
14987 6377
20348 6427
20348 6867
14987 5062
59160 3777
59160 3897
44995 3585
16278 3786
50071 4802
49020 5055
32395 3576
32395 7174
63533 3786
48006 3643
48006 7425
22574 3669
13190 3672
13190 6342
25640 3703
50071 3810
50071 7224
62505 3674
16278 3602
16278 6454
20348 6695
20348 6417
14987 6171
20348 6816
20348 6394
20348 6431
20348 6941
20348 6378
20348 6407
14987 5415
20348 6502
20348 6453
20348 6394
20348 6377
20348 6706
14987 5055
20348 6386
20348 6863
20348 6645
14987 5067
20348 6403
14987 6175
20348 6679
20348 6405
20348 6458
20348 6399
20348 6593
14987 5154
14987 6399
63533 7481
63533 6679
63533 3880
48006 4067
26668 3815
18311 4563
48006 5089
18311 6932
48006 6881
49020 3616
49020 4535
32395 3841
22574 7358
22574 6362
22574 4857
13190 4910
25640 7402
25640 6501
25640 6149
50071 5399
13190 3744
13190 6188
50071 5117
50071 6269
62505 7244
62505 6837
62505 6181
16278 3653
16278 3696
16278 6625
20348 4206
63533 4810
63533 5165
63533 6331
48006 3638
63533 6523
48006 4899
63533 6556
63533 6431
63533 6373
63533 6906
63533 6374
63533 6456
63533 6422
63533 6439
48006 4214
63533 7294
63533 6568
48006 4925
20348 6891
14987 6380
32395 6430
22574 5121
22574 3904
13190 3597
22574 6186
22574 6403
13190 6147
26668 7462
26668 6396
26668 7039
18311 4884
22574 6391
22574 6830
13190 5043
18311 6210
18311 6367
25640 3793
25640 3702
50071 3648
25640 6157
25640 6465
50071 4873
25640 7055
25640 6590
25640 6506
25640 6387
25640 6659
50071 5049
25640 6490
50071 5030
25640 6415
25640 6444
25640 6391
25640 6582
62505 6091
62505 3703
50071 3601
16278 3644
62505 6553
62505 6402
16278 6236
62505 6408
62505 6610
62505 6801
16278 5185
62505 6392
62505 6359
62505 6352
62505 6403
16278 6083
20118 4069
40077 4069
49020 3699
34494 4372
63533 6403
63533 7208
63533 6405
63533 3694
48006 3612
34494 3701
19104 4598
49020 3570
26668 5181
26668 3736
18311 3607
26668 6269
26668 6786
18311 5066
26668 6573
25640 6389
26668 6377
26668 6833
26668 6389
26668 6350
26668 6735
26668 6372
26668 6828
26668 6366
26668 6417
25640 6585
25640 6392
25640 6413
25640 6652
50071 4959
18311 4947
25640 7362
25640 6361
25640 6873
25640 6385
25640 6373
25640 6856
25640 6381
25640 6508
25640 6399
25640 6944
50071 5176
25640 6421
25640 6407
25640 6497
25640 6391
25640 6456
25640 6460
25640 6470
25640 6512
50071 5040
49020 6407
20348 6515
32395 5034
14987 3630
25640 6368
25640 6414
25640 6372
25640 6370
25640 6406
25640 6364
25640 7098
25640 6399
25640 7257
25640 6853
25640 6382
25640 6566
25640 6368
25640 6521
25640 6378
25640 6419
25640 6404
25640 6759
50071 5065
25640 6432
25640 6410
25640 6851
25640 6847
25640 6397
25640 6835
25640 6408
25640 6399
50071 6080
25640 6404
25640 6403
25640 6376
25640 6582
50071 5114
26668 6709
26668 6765
26668 6433
18311 6175
26668 6414
26668 6417
26668 6515
26668 6891
26668 6594
26668 6391
18311 5168
26668 6403
26668 6350
26668 6464
26668 7063
18311 4928
26668 6445
26668 6386
26668 6486
26668 6408
18311 6012
26668 6934
18311 4933
26668 6561
26668 6400
26668 6391
26668 6574
26668 6432
18311 6154
25640 6385
25640 6810
25640 6402
25640 6834
25640 7247
25640 6867
50071 3582
25640 6422
25640 6455
25640 6499
25640 7525
25640 6404
25640 6497
25640 6448
25640 6416
25640 6351
25640 6715
50071 5251
25640 6409
25640 7051
50071 5084
25640 6718
50071 5051
26668 6550
26668 6743
26668 6394
26668 6424
26668 6399
26668 6811
18311 5087
26668 6488
26668 6508
26668 6393
26668 6423
26668 6374
26668 6398
26668 6439
26668 6554
26668 6453
26668 6809
18311 5183
26668 6448
26668 7082
18311 6891
26668 6429
26668 6409
26668 6372
26668 6699
26668 6676
26668 6897
18311 4919
26668 6382
26668 6467
26668 6557
26668 6539
26668 6383
26668 6530
26668 6578
26668 6430
18311 6229
26668 6372
26668 6418
26668 6696
26668 6396
26668 6375
26668 6384
18311 6115
26668 6807
26668 6405
26668 6387
26668 6556
18311 6384
26668 7200
26668 6422
18311 6180
26668 6663
26668 6375
26668 6489
26668 7709
26668 6397
26668 6430
26668 6403
18311 6195
26668 6433
18311 6274
26668 6524
18311 3585
50071 4442
18311 4165
51116 5370
6042 3835
60315 3764
44955 3707
16278 6306
50071 6210
21402 3776
21560 3723
6042 3801
6042 7343
25640 6260
25640 6392
25640 6919
50071 5118
25640 7134
25640 6381
25640 6459
50071 5288
25640 6491
25640 6563
25640 6964
50071 5191
25640 6976
50071 5105
25640 6399
25640 6791
25640 6818
50071 5059
25640 6602
25640 6379
25640 3875
50071 3700
50071 6185
26668 6595
26668 6414
26668 6397
26668 6375
26668 6377
18311 5206
26668 6401
18311 6215
26668 6526
26668 6383
18311 4882
26668 6586
26668 6520
26668 7507
18311 7103
26668 6875
26668 6508
26668 6387
18311 6120
26668 6368
26668 6550
18311 6324
26668 6408
26668 6372
26668 6409
26668 6382
18311 4789
26668 6551
26668 6377
26668 6450
26668 6732
18311 5087
26668 6553
26668 6399
26668 11627
26668 6367
26668 6397
26668 6418
26668 6365
26668 6425
18311 5378
26668 6383
26668 6439
26668 6403
26668 7299
26668 6379
26668 6539
26668 6445
18311 5209
50233 3915
60315 3631
60315 7301
13369 3760
44955 4611
44955 7287
42040 4996
21402 3780
21402 6519
26668 6458
26668 6385
26668 6373
26668 7126
18311 5191
25640 3833
25640 6783
50071 5729
25640 6539
25640 6470
50071 6238
25640 6842
25640 6598
25640 6410
25640 6872
25640 6442
25640 6975
25640 6461
25640 7158
25640 6447
25640 6537
50071 5073
25640 6388
25640 6358
25640 6370
25640 6424
25640 6544
50071 6298
25640 6381
25640 6877
25640 6373
25640 6448
25640 6371
25640 6403
25640 6366
25640 7144
50071 5470
25640 6368
25640 6498
25640 6365
25640 6471
25640 6477
25640 6381
25640 6551
25640 7119
50071 5144
25640 6527
25640 6447
25640 6362
25640 6847
25640 8076
25640 6894
50233 5760
50233 8426
50233 4179
21560 4701
21560 3679
6042 3713
50071 3780
60315 4825
60315 5074
13369 3770
6042 3797
60315 6210
13369 4830
13369 4701
44955 5031
62505 3793
44955 3658
62505 6961
16278 4942
62505 6434
62505 6545
62505 6490
62505 6370
62505 7240
62505 6419
62505 6471
62505 7410
16278 5537
62505 6399
62505 7795
62505 6542
62505 6592
62505 6598
16278 5141
62505 6435
62505 6800
16278 5142
62505 6482
62505 6417
62505 6989
16278 5505
26668 6652
26668 6796
26668 6393
26668 6383
26668 7360
18311 5601
26668 6435
26668 7027
18311 5782
26668 6919
18311 5226
26668 6419
26668 6547
26668 6553
18311 6226
26668 6665
26668 6796
18311 5559
26668 6563
26668 6676
26668 7744
26668 6386
26668 6410
26668 6584
26668 6513
26668 6395
18311 5018
26668 6547
26668 6638
26668 6577
26668 6802
26668 6583
26668 6388
26668 6975
18311 4937
26668 6474
26668 6496
26668 6464
26668 6515
26668 6524
26668 5218
18311 3996
42040 5302
42040 3767
21402 3624
21402 3757
25640 6510
25640 6440
25640 6793
25640 6803
50071 5214
26668 7902
26668 6419
18311 6262
26668 6674
26668 6407
26668 6375
26668 7637
18311 6355
25640 6482
25640 6497
25640 6483
25640 6782
25640 6682
50071 6213
25640 6440
25640 6359
25640 6774
50071 5220
25640 6494
25640 7016
25640 6872
25640 6421
25640 6613
50071 5378
25640 6626
50071 3815
25640 6697
25640 7101
50071 5168
25640 6439
25640 6542
25640 6512
25640 8148
50071 6373
25640 6592
25640 6861
25640 6388
50071 6162
25640 6971
25640 7277
25640 6504
25640 6405
50071 6133
25640 6843
25640 6626
50071 4935
25640 6380
25640 6803
50071 5210
25640 6698
25640 6424
25640 6913
50071 5317
62505 6785
62505 6484
62505 7000
16278 5276
62505 6500
62505 6621
62505 6533
62505 6389
62505 6400
62505 6378
62505 6475
62505 7704
62505 6392
62505 7152
62505 6959
62505 6819
62505 6625
62505 6531
62505 6488
16278 5484
26668 6414
26668 6357
26668 6488
18311 6277
26668 6565
26668 6420
18311 5207
26668 6384
26668 6367
26668 6964
26668 6371
26668 6451
26668 6490
26668 6501
26668 6387
26668 6500
26668 6862
18311 5218
26668 6508
26668 5238
18311 3675
25640 6440
25640 7925
25640 6497
25640 6495
25640 6398
50071 6223
25640 6565
25640 6543
25640 6415
25640 6819
50071 6359
25640 6396
25640 6504
25640 6420
50071 6035
25640 6483
50233 3843
50233 6384
50233 6399
50233 6462
60315 6242
50233 6441
50233 6398
50233 6405
50233 6442
50233 6430
50233 6903
60315 5188
18311 3767
50071 4106
25640 6363
25640 7180
25640 979
50071 3623
6253 3699
51116 3736
50233 6662
50233 6377
50233 6801
60315 5037
50233 6404
50233 6373
50233 6389
50233 4812
60315 3643
13369 4914
42040 3617
21560 3699
16278 6282
6042 6242
10139 3888
56218 3697
40858 3932
62523 3874
37946 4405
40858 3658
10139 3695
40858 7244
10139 7341
1083 5553
56218 3615
56218 6389
21560 6569
21560 6429
6042 4219
21560 6462
21560 6355
21560 6463
6042 6042
21560 6765
21560 6376
21560 6437
21560 6382
21560 6543
6042 6359
62505 5175
62505 6366
16278 6262
62505 6449
62505 6377
62505 7239
16278 5303
62505 6414
62505 6402
62505 6789
16278 5191
62505 6497
62505 6820
16278 4921
62505 7008
62505 7479
16278 6210
62505 6478
62505 7214
16278 5391
62505 6438
62505 7348
62505 6420
16278 4869
62505 6481
62505 6367
62505 6567
16278 5070
62505 6396
62505 6576
16278 5287
62505 6411
62505 6464
62505 6786
16278 5337
62505 6430
16278 4789
62505 6384
62505 6409
62505 6416
62505 6406
62505 6370
62505 6522
62505 6480
62505 6511
62505 6805
16278 5343
62505 6438
62505 6425
62505 6364
62505 6355
62505 6611
62505 6442
16278 6279
62505 7048
62505 6414
16278 4855
62505 6420
62505 6769
16278 4946
37946 8266
37946 6395
37946 5975
10139 4496
1083 8032
1083 6407
1083 6169
56218 4959
10139 3775
56218 3703
10139 6635
56218 6595
62523 7454
62523 6383
62523 7614
40858 5914
62505 6377
62505 6359
62505 6667
62505 6373
62505 6534
62505 6832
16278 6666
62505 6371
62505 6844
62505 7302
62505 6530
62505 6781
16278 5207
62505 6353
62505 6528
62505 6854
62505 6426
62505 6384
16278 6217
62505 6392
62505 6435
16278 5135
62505 6393
62505 6373
62505 6443
62505 6504
62505 6935
62505 6369
62505 6412
62505 6421
16278 4886
62505 6383
62505 6430
62505 6372
62505 6390
62505 6585
62505 6391
62505 6412
62505 6565
16278 6198
62505 6149
40858 4444
40858 6323
62505 6413
16278 6118
62505 6713
62505 6411
62505 6393
62505 6406
62505 6488
16278 6069
21560 6355
21560 6473
6042 6298
21560 6906
21560 6507
21560 6379
21560 6843
21560 6385
21560 6412
21560 6423
21560 7024
6042 5382
21560 6502
21560 6487
21560 6367
21560 6359
21560 6376
21560 6395
21560 6397
21560 6669
6042 5103
21560 6400
1083 4296
1083 4871
56218 3993
1083 5182
1083 6377
56218 5297
1083 6798
1083 6397
1083 6349
1083 6447
1083 6394
1083 6396
1083 6434
1083 6362
1083 6408
1083 6395
56218 6232
62523 6130
62523 3746
40858 3602
62523 6124
6042 3801
62505 6466
62505 6673
62505 6368
62505 6672
16278 5080
62505 6871
62505 6371
62505 6820
62505 6425
62505 6516
62505 6978
62505 6416
16278 6181
62505 6385
62505 6362
62505 6435
62505 6392
62505 6482
62505 6815
16278 5329
62505 6384
16278 3636
62505 6478
62505 6377
62505 6555
62505 6383
62505 6395
62505 6370
62505 6380
62505 6869
16278 5068
62505 6454
62505 6408
62505 6392
62505 6559
62505 6404
62505 6487
62505 6413
62505 6863
16278 4924
62505 7119
62505 6420
62505 7509
62505 6504
16278 5187
62523 6436
40858 5323
62523 6395
62523 6472
62523 6394
62523 6421
62523 6418
40858 6198
62523 6536
62523 6414
62523 6382
62523 7177
40858 5293
37946 6004
37946 7077
10139 4916
37946 6513
37946 6529
37946 6386
37946 6360
37946 6513
37946 6394
37946 6400
37946 6392
37946 6422
37946 6511
37946 6849
10139 5078
21560 6902
21560 6372
21560 6417
21560 6420
21560 6567
21560 6855
6042 4919
21560 6354
21560 6436
21560 6397
21560 6394
21560 6417
21560 6361
21560 6507
21560 6386
21560 6425
6042 5099
21560 6428
21560 6780
6042 5588
21560 6386
21560 6412
21560 6377
21560 6548
21560 6368
21560 7480
21560 6604
21560 6464
6042 6080
21560 6378
21560 6447
21560 6875
21560 6460
21560 6407
21560 6498
21560 6422
21560 6379
6042 5039
21560 6854
21560 6480
6042 6114
1083 6371
62505 6356
62505 6409
62505 6419
62505 6391
62505 6634
16278 4939
62505 6490
62505 6527
62505 6431
16278 6164
62523 6566
62505 6805
62505 6433
62505 6370
62505 6383
62505 6412
62505 6537
62505 6498
62505 6369
62505 6387
62505 6930
16278 5906
62505 6933
62505 6404
62505 6560
62505 6345
62505 6814
62505 6396
62505 6409
62505 6898
16278 5181
62505 6445
62505 6359
62505 6427
62505 6482
62505 6443
62505 6381
62505 6386
62505 6488
16278 6307
62505 6427
62505 6485
62505 6416
62505 6499
62505 6427
62505 6413
62505 6850
62505 6556
16278 6374
62505 6420
62505 6385
62505 6483
62505 6472
16278 4105
56218 4419
62523 6479
62523 6468
62523 6931
40858 5083
62523 7068
62523 6537
62523 6386
40858 6198
62523 6360
62523 6419
62523 6470
62523 6410
62523 6484
62523 6374
62523 6386
62523 6816
62523 6415
62523 6403
62523 6859
40858 5070
62523 6452
62523 6557
62523 6424
62523 6628
40858 6456
37946 6487
37946 6418
37946 6440
37946 6724
37946 6996
37946 6370
37946 6473
37946 6938
10139 4881
37946 6869
37946 6514
37946 6361
37946 6431
37946 6376
37946 6465
37946 6548
37946 6390
37946 7221
10139 6692
37946 6983
10139 4954
37946 6631
37946 6495
37946 6535
37946 6375
37946 6399
37946 6856
10139 4930
62505 6517
62505 6387
62505 6353
62505 6533
16278 6157
1083 6407
1083 6822
1083 6497
1083 6981
1083 6429
1083 6871
1083 7186
56218 5353
1083 6402
1083 6394
1083 6433
1083 6384
1083 6403
1083 6676
56218 5085
1083 6377
1083 6421
1083 6828
56218 5574
1083 6389
1083 6540
56218 6389
1083 6394
1083 6358
1083 6365
1083 6393
56218 4874
21560 6365
21560 6409
21560 6536
21560 6517
21560 6393
21560 6367
21560 6395
6042 4867
21560 7146
21560 6426
21560 6386
21560 6478
21560 6387
21560 6398
21560 6402
21560 6395
21560 6417
21560 6348
21560 6405
21560 6815
6042 6536
21560 6793
21560 6855
21560 6365
21560 6785
21560 7104
6042 5386
21560 6511
21560 6381
21560 6374
21560 6482
21560 6383
21560 6409
21560 6387
21560 6371
6042 6136
21560 6357
21560 7172
21560 6854
21560 7036
6042 5671
62523 6836
62523 6905
40858 5087
62523 6517
62523 6512
62523 6388
40858 6067
62523 6721
62523 6605
62523 6404
62523 6378
62523 6376
62523 6379
62523 6388
62523 6397
62523 6410
40858 6183
62523 6403
62523 6415
62523 6311
40858 3600
21560 6484
21560 6364
21560 6959
6042 5116
21560 6622
21560 6395
21560 6363
21560 6805
6042 5180
37946 6859
1083 6372
1083 6416
1083 2221
56218 3609
10139 3584
44995 3817
44995 3736
41867 4834
46984 5000
59160 3600
59160 3641
21560 6453
21560 6434
21560 6365
21560 6526
21560 6410
21560 6826
6042 4895
21560 6393
21560 6530
21560 6497
21560 6376
21560 6358
21560 7285
21560 6390
21560 6359
21560 6401
21560 6391
21560 6877
6042 5226
21560 7256
6042 5670
21560 6419
21560 6581
21560 6389
21560 6468
6042 6161
21560 6857
21560 6422
21560 6371
21560 6377
6042 5088
21560 6459
21560 6378
21560 6589
21560 6380
21560 6503
21560 6487
21560 6477
21560 6560
6042 6421
21560 6445
21560 6412
21560 6517
6042 6066
59160 4914
44995 4982
37180 3743
21560 6459
6042 3598
21560 6394
21560 6424
21560 7435
6042 5833
21560 6433
21560 6501
21560 6413
21560 6520
6042 5040
21560 6373
21560 6421
21560 6505
6042 6308
21560 6372
21560 6778
21560 6459
6042 3593
21560 6788
6042 5104
21560 6542
6042 5016
21560 6375
21560 6581
21560 6437
21560 6405
6042 5289
21560 6471
21560 6824
6042 5057
21560 6373
21560 6909
6042 5175
21560 6549
21560 7013
21560 6549
21560 6429
21560 6397
21560 6393
21560 6974
21560 6423
21560 6937
6042 5207
21560 6378
21560 6422
21560 4067
6042 3620
14987 6362
14987 6402
26683 4297
46984 3596
46984 7673
3901 6178
37180 4383
37180 7392
38974 4961
41867 3612
41867 7057
3901 3691
3901 7346
3901 6407
3901 6277
37180 3610
37180 3692
37180 6480
26683 3620
26683 7901
26683 6448
26683 6531
46984 5047
46984 3761
46984 6889
20348 5062
3901 4616
3901 5112
3901 6378
3901 5195
37180 3851
38974 7380
38974 6384
38974 4825
41867 3603
41867 5190
41867 6264
20348 6733
14987 5043
38974 3753
38974 4721
41867 3577
38974 6438
38974 3754
41867 4477
26683 5677
26683 3670
46984 5975
26683 6352
26683 5171
46984 4041
26683 7884
26683 6610
26683 6456
26683 7039
46984 5198
26683 6391
26683 6370
26683 6392
26683 6432
26683 6436
26683 6374
38974 6387
38974 6467
38974 6461
38974 6373
38974 6395
38974 6403
38974 6487
38974 6375
46984 4146
41867 4011
38974 6535
38974 6530
41867 6370
38974 6369
38974 6391
38974 6414
41867 6015
26683 6483
26683 6432
26683 6597
46984 6300
26683 7062
26683 6410
26683 6677
46984 5044
26683 6760
26683 6466
26683 6387
26683 6974
26683 6515
26683 6376
26683 6449
46984 6004
26683 6728
26683 6399
26683 6397
26683 6370
46984 6020
26683 6427
26683 6412
26683 6418
46984 5190
26683 6707
26683 6487
26683 6413
46984 6232
38974 6839
38974 6473
41867 6228
38974 7555
38974 6469
38974 7200
38974 7089
38974 6390
38974 6392
38974 6422
38974 6445
38974 6841
38974 6423
38974 6392
38974 6395
38974 6280
41867 5055
26683 6377
26683 6414
26683 6369
26683 6428
26683 6365
26683 6866
46984 5162
26683 6853
26683 6386
26683 6482
26683 6397
46984 6253
26683 6749
26683 6545
26683 6389
26683 6365
26683 6343
26683 6383
26683 6369
26683 7019
26683 6370
26683 6436
26683 6827
46984 5272
26683 6750
26683 6945
46984 5201
26683 6413
26683 6638
26683 6555
26683 6392
26683 6504
26683 6398
26683 6381
26683 6365
46984 4848
26683 6389
26683 6391
26683 6354
26683 6376
26683 6383
26683 6415
26683 6832
26683 6375
46984 4174
26683 6794
26683 6338
26683 6434
26683 6392
46984 4879
26683 6426
26683 7040
26683 6369
26683 6367
26683 6374
26683 7041
46984 5369
26683 6392
26683 6614
26683 6411
26683 6518
26683 6372
26683 6775
46984 5369
26683 6378
46984 2520
48773 3848
26683 6523
26683 6440
46984 4871
26683 6392
26683 6548
26683 6413
26683 6474
26683 6370
26683 6365
26683 6487
26683 6378
26683 6846
46984 5217
26683 6389
26683 6826
26683 7105
26683 6436
26683 6740
26683 6567
26683 6947
46984 4934
26683 6411
26683 6402
26683 6547
26683 6361
26683 6417
46984 4880
26683 6379
26683 6380
26683 6443
46984 6239
26683 6500
26683 6458
26683 6592
26683 6376
26683 6716
26683 6604
26683 6386
26683 6387
46984 6030
26683 6438
26683 6484
26683 6396
26683 6390
26683 6502
46984 3717
37180 7029
14987 6505
26683 6360
26683 6393
26683 7067
26683 6436
26683 7042
46984 5263
3901 6385
3901 6406
3901 6513
3901 6878
37180 5066
26683 6427
26683 6920
46984 5180
26683 6417
26683 6420
26683 6366
26683 6461
26683 6395
26683 6516
26683 6708
26683 6442
26683 6484
26683 6813
46984 4957
26683 6402
26683 6412
26683 6999
46984 4989
44995 3817
44995 6621
32617 3915
48773 3645
48773 7029
44995 3632
44995 3706
28784 432
26683 7069
26683 6402
26683 6459
26683 6399
26683 6384
26683 6350
26683 6375
26683 6396
26683 6407
46984 5137
26683 6457
26683 6382
26683 6639
26683 6520
26683 6490
26683 6552
26683 6441
26683 6392
26683 6395
26683 6378
26683 6402
26683 6821
26683 6397
26683 6419
26683 11455
46984 10188
26683 6390
59160 3723
59160 3616
46984 3621
59160 3567
51162 3631
59160 4667
44995 3613
59160 5123
51162 3762
51162 6126
28784 3607
6912 3853
44995 3664
44995 6101
20348 3635
26683 6355
26683 6821
26683 6395
26683 6398
26683 6787
46984 4961
26683 6417
26683 6413
26683 6573
26683 6377
26683 6408
26683 6386
26683 6484
26683 6840
26683 7242
26683 6390
26683 6354
26683 6474
26683 6386
46984 5412
26683 6395
26683 6524
26683 6411
26683 6510
26683 6399
26683 6398
26683 6585
46984 6227
26683 6355
26683 6487
26683 6407
26683 6391
26683 6367
26683 6842
26683 6605
46984 6417
20348 6418
3216 3845
6912 3614
6912 7264
59160 5269
59160 3805
59160 6977
44995 4904
12908 3854
26683 6918
26683 6410
46984 5959
26683 6558
26683 6371
26683 6400
26683 6556
26683 6530
26683 6798
46984 5107
26683 6451
26683 6409
26683 6402
26683 6406
26683 6394
26683 6395
26683 6527
26683 7040
46984 5130
26683 6390
26683 6881
46984 4916
26683 6368
26683 6374
26683 6886
26683 6510
26683 6396
26683 6413
26683 6550
26683 6627
46984 5045
26683 6394
26683 6797
26683 6408
26683 6403
26683 6374
26683 6534
26683 6499
26683 6693
46984 5001
32617 4776
59160 5203
3216 3572
9785 3914
32617 7740
32617 6396
32617 6217
3216 7500
48773 6702
6912 3678
16927 3809
12908 3622
48773 3752
12908 7003
6912 5235
6912 5349
14987 3596
26683 6780
26683 6437
26683 6414
26683 6452
26683 6419
26683 6471
26683 6450
26683 6908
26683 6558
26683 6394
46984 4741
26683 6513
26683 6401
26683 6417
26683 6518
26683 6569
26683 6387
46984 4848
26683 6385
26683 6696
26683 6456
26683 6533
26683 6858
26683 6419
26683 6489
26683 6417
26683 6871
46984 6625
26683 6436
26683 6461
26683 6357
26683 6463
26683 6473
26683 6391
26683 6374
26683 6389
46984 5112
26683 6386
26683 6942
26683 6673
46984 6628
3216 6184
6912 3698
16927 4991
3216 3657
16927 5098
12908 3799
12908 6049
12908 6360
3216 4959
44995 3622
3216 3576
16927 3605
16927 4716
16927 5103
12908 3670
12908 3746
16927 3641
3216 6627
3216 6676
3216 6439
3216 6411
3216 6387
3216 6449
3216 6445
6912 6224
3216 619
3216 5111
3216 3709
6912 4092
6912 3701
16927 6143
12908 5159
54926 3955
9785 3638
9785 7277
32617 3771
48773 6172
3216 3672
26683 6434
26683 6488
26683 6475
26683 6767
26683 6354
26683 6549
26683 6841
46984 4972
26683 6374
26683 6833
26683 6386
26683 6483
26683 6392
26683 6260
46984 5047
16927 3686
54926 4054
54926 7370
54926 6422
54926 4786
9785 4977
32617 6368
9785 5246
14987 6467
14987 3667
48773 3686
54926 3794
9785 6448
20348 3614
20348 6491
14987 5106
54926 6270
25145 3815
9785 3601
9870 4723
25145 4924
25145 7079
9870 6047
9870 7149
9870 6432
9870 6150
25145 5192
25145 3872
9870 4799
25145 6359
25145 6913
28031 5099
36220 3633
6912 6320
44995 3644
44995 3662
44995 6017
44995 3749
14987 6390
3216 5044
59160 3671
59160 5355
3216 3717
3216 6405
6912 3637
3216 4718
3216 5011
6912 3630
3216 3661
6912 3640
59160 6251
44995 3619
9870 3656
59160 3811
9870 6402
20348 4840
3216 4083
25145 3760
44995 3797
59760 4585
28031 5551
1969 4857
1969 3760
36220 3707
1969 3645
1969 3615
36220 4633
36220 5421
9517 3607
34006 3829
20348 6434
37724 6270
6042 6641
14987 6533
14987 7103
44970 5158
37724 3738
21560 3788
21560 6418
21560 6725
6042 5067
21560 6393
21560 6476
21560 6463
6042 6250
21560 6386
21560 6688
21560 6392
6042 6224
21560 6369
21560 6389
21560 6604
21560 6785
6042 5179
20348 3655
20348 3645
20348 6371
14987 5318
17544 4593
14987 6858
14987 6403
9777 6261
17544 3619
20348 4172
20348 6413
14987 5082
36771 3658
14987 6368
14987 6387
44995 3671
44995 4657
59160 4111
59160 4969
21386 4049
36771 3627
59160 3782
44995 3581
39966 3790
24607 4671
20348 4927
64492 3810
39966 3682
27629 3808
24607 3567
39966 6918
24607 6527
20348 6798
64492 5170
27629 3623
14987 3608
27629 7406
27629 6448
27629 6856
27629 6223
24607 4184
64492 7927
64492 6509
64492 6366
64492 6200
39966 4999
24607 3734
39966 511
24607 5108
24607 4868
27629 6415
24607 3719
27629 5152
64492 1139
39966 690
27629 4985
27629 5073
24607 3611
27629 3659
24607 3665
24607 5099
27629 4928
3905 4184
40915 3728
44995 3634
44995 3711
59160 3623
59160 4626
59160 5106
44995 3633
46086 4315
20671 3652
20671 4620
40915 1539
18750 3708
3905 3695
55785 3854
46086 3619
46086 6621
55785 5485
55785 7560
55785 6389
55785 3837
46086 3611
46086 5987
46086 3695
46086 4946
55785 298
46086 3599
46086 3654
55785 3635
55785 3601
55785 6425
55785 5204
55785 6094
46086 3747
55785 3633
46086 3615
46086 3649
44995 3658
44995 6755
55785 3615
59160 3603
59160 3632
59160 4833
44995 3756
1763 5283
44734 3803
1763 3756
1763 6865
44734 3713
44734 4535
1763 5973
1763 3751
1763 6294
44734 745
1763 3702
1763 4615
44734 981
44734 6387
44734 5118
44734 122
1763 4072
1763 3781
46086 3810
55785 3619
44734 3590
55785 6172
55785 6707
46086 5644
55785 3700
55785 3689
46086 4445
46086 3766
46086 4614
55785 5105
55785 3765
55785 6496
46086 6054
55785 6365
55785 6366
46086 5913
55785 6476
55785 6385
46086 6162
55785 6478
55785 6902
46086 5404
55785 6372
55785 1989
46086 454
44995 475
44995 990
44995 6277
55785 3715
59160 3704
59160 4152
59160 3868
44995 4610
40705 3852
59160 4916
59160 3647
59160 3773
44995 4605
6145 3807
3074 4996
55785 3771
55785 6506
46086 6392
55785 6365
55785 6431
46086 6036
55785 6476
55785 6942
46086 5065
55785 6449
46086 3618
7192 4804
40705 4957
26984 3636
6145 3716
39277 3696
3074 3615
40705 6989
3074 6550
6145 6348
55785 3661
7192 3596
39277 5072
26984 3683
7192 7188
39277 7050
39277 6398
39277 6413
39277 6172
3074 4955
26984 7160
26984 6398
26984 6377
26984 6217
6145 5187
40705 3664
40705 4128
40705 6130
3074 3661
6145 3811
6145 4003
3074 3673
3074 6116
3074 3696
7192 6177
40705 3841
7192 4625
7192 4958
39277 6657
3074 3832
39277 3746
26984 2197
6145 3775
6145 4126
39277 3619
39277 6140
3074 4842
39277 6536
39277 6911
3074 5170
39277 4731
3074 4972
39277 3719
39277 6475
3074 6304
39277 6394
39277 6378
3074 5425
39277 6773
3074 5066
39277 6459
3074 6264
39277 6425
3074 5111
39277 6623
3074 5029
39277 6390
3074 4935
39277 6579
3074 5336
39277 6349
39277 7328
3074 5656
39277 6864
39277 6591
3074 6358
7192 4130
7192 6156
40705 4887
7192 1226
40705 3656
7192 3640
7192 3708
40705 3627
40705 3677
39277 6398
39277 7057
3074 5148
39277 6499
39277 6627
3074 5047
39277 6477
39277 6855
3074 6637
39277 6439
39277 7059
3074 5734
39277 6530
39277 6974
3074 5098
39277 6523
39277 6425
3074 6247
39277 6403
39277 6546
3074 6363
39277 6907
39277 6487
3074 6301
39277 6363
39277 6512
39277 3652
3074 3705
7192 3670
19948 3699
19948 4648
44995 5396
44995 3714
46086 3779
58394 3636
58394 3657
58394 6042
58394 6484
19948 6305
58394 6420
58394 6947
19948 5209
58394 6828
58394 6995
19948 5040
58394 6035
19948 4074
59160 2027
59160 3783
44995 3618
3074 5979
44955 3722
21402 4085
45572 3828
3074 3670
3074 3721
3074 6020
3074 3693
3074 3750
3074 3713
3074 6168
3074 3738
3074 3711
3074 4754
3074 5153
3074 3715
3074 3697
3074 4737
3074 5055
3074 3737
3074 4128
3074 4741
3074 5111
3074 3770
3074 3694
3074 6052
3074 3685
3074 3678
3074 3666
3074 6106
3074 3669
3074 3734
3074 3769
3074 6004
3074 4187
3074 3689
3074 6034
3074 3915
3074 3709
3074 3691
3074 6111
3074 3675
46086 3695
55785 3653
46086 6021
46086 3644
58394 3580
39277 3676
39277 6810
3074 5218
27085 5343
45572 3680
39277 6511
3074 5131
39277 7009
3074 5306
45572 7187
39277 6398
39277 6446
3074 4891
39277 6418
39277 833
3074 4050
39277 6440
39277 6938
3074 6802
39277 6447
39277 6391
3074 5391
39277 6436
39277 7186
3074 5124
39277 6382
39277 6431
3074 4852
39277 6486
39277 6400
3074 6140
3074 4090
39277 6671
3074 5063
39277 6397
39277 7041
3074 5181
39277 6710
39277 6426
3074 4846
39277 6493
39277 984
3074 5591
39277 6418
3074 6275
39277 6445
3074 5121
39277 3994
3074 4680
39277 6790
3074 5109
39277 6983
3074 5238
39277 6793
3074 5184
55785 5171
55785 3715
55785 6460
39277 6571
39277 6384
39277 6364
39277 6539
3074 6393
46086 3818
39277 6498
3074 6329
55785 7064
46086 5089
55785 6696
46086 5663
39277 6437
3074 5206
39277 6421
3074 5354
39277 6453
39277 6700
3074 5061
55785 6385
46086 4814
55785 6894
46086 6538
39277 6985
3074 5062
39277 6946
3074 5078
55785 6427
46086 3666
39277 6515
39277 6377
3074 6238
39277 6566
39277 6397
3074 5117
55785 3616
39277 6542
39277 6104
3074 3579
39277 6384
27085 4787
3074 3581
39277 6393
3074 6187
27085 6140
39277 6451
39277 6876
3074 4751
39277 6415
3074 4801
45572 3813
39277 7065
39277 6382
3074 4934
39277 6391
39277 6411
3074 6107
39277 6400
3074 4914
39277 6393
39277 6407
39277 6397
3074 5225
13369 569
13369 3578
44955 3597
44955 3760
39277 6415
39277 6516
3074 5066
39277 6391
3074 3614
39277 6498
39277 6420
39277 6408
3074 6217
39277 7010
3074 5936
39277 7242
39277 6503
39277 6924
3074 5097
39277 6962
3074 4133
39277 6405
39277 6528
39277 6509
3074 6234
55785 3689
46086 4685
55785 6389
46086 6208
39277 6382
39277 6602
3074 6436
55785 6961
46086 5051
55785 6530
46086 6337
55785 6540
55785 6461
46086 5346
39277 6585
3074 5012
39277 6645
39277 6408
39277 6680
3074 5060
42040 3683
42040 3585
42040 3591
21402 3762
21402 3732
55785 6390
46086 5050
55785 6927
46086 6740
39277 6894
3074 5224
39277 6872
39277 6545
3074 6287
55785 6438
55785 6513
46086 3568
39277 6404
39277 6610
3074 4935
39277 6510
39277 6480
3074 3629
55785 6426
46086 6260
55785 6934
46086 4952
39277 6508
39277 6932
3074 5064
39277 7028
39277 6481
3074 5140
55785 6403
55785 6362
46086 5431
55785 6343
55785 6933
46086 5103
55785 6991
55785 7065
46086 4916
55785 6413
55785 6772
46086 5188
55785 6473
55785 6454
46086 3794
55785 14933
55785 7357
46086 5761
39277 6447
39277 6215
3074 3627
55785 6591
55785 6595
46086 5399
39277 6423
39277 6460
3074 5358
39277 6581
39277 6558
3074 6246
55785 6497
55785 6496
46086 6362
46086 3654
27085 6370
39277 6546
39277 7163
3074 5924
39277 9377
39277 6490
3074 6108
55785 6406
46086 4954
55785 6833
46086 6442
39277 6654
39277 6385
39277 6393
3074 4852
55785 6363
55785 6433
46086 6166
39277 6297
3074 5372
55785 6802
46086 4382
55785 6407
46086 5331
39277 6417
39277 6487
39277 6426
39277 6545
3074 6217
55785 6499
46086 6321
55785 6901
46086 5163
39277 6450
39277 6480
39277 6441
39277 8301
3074 6629
55785 6462
55785 7737
46086 6210
39277 6352
39277 6586
39277 6530
39277 6679
3074 6456
55785 6481
55785 6884
46086 5067
39277 6754
39277 6504
39277 6850
39277 6598
3074 6322
55785 6577
46086 3616
55785 6413
55785 6481
46086 6103
55785 6506
55785 6551
46086 6413
39277 6415
39277 6876
39277 6475
39277 3898
3074 3597
55785 3809
46086 6183
39277 6348
39277 6397
39277 7738
39277 6339
3074 5425
39277 6424
39277 6480
39277 6422
39277 6679
3074 5393
39277 6377
39277 6414
39277 6525
39277 6929
3074 5273
39277 6430
39277 6815
39277 6545
39277 6948
3074 5052
39277 6364
39277 6527
39277 6915
39277 6782
3074 5176
39277 6399
39277 6787
3074 5107
39277 6406
39277 6469
39277 7594
39277 8594
3074 6966
39277 6456
39277 6216
55785 3717
3074 3746
39277 6738
39277 6508
39277 6395
39277 6724
3074 5058
39277 6400
39277 6489
39277 6995
39277 6515
3074 6243
39277 6496
39277 6354
39277 6503
39277 6386
3074 5325
39277 6494
39277 6559
39277 6437
39277 6746
3074 5180
39277 6372
39277 6518
39277 6403
39277 4856
3074 4955
39277 6511
39277 7886
39277 6397
39277 6752
3074 5223
39277 6480
39277 6569
39277 6415
39277 6416
39277 6961
3074 4919
45572 3682
3074 4905
3074 4997
3074 3605
3074 3642
3074 3759
3074 3646
39277 6804
3074 5161
39277 6377
39277 7040
39277 6505
39277 6415
3074 6003
39277 6866
3074 4954
39277 6390
39277 6869
39277 6403
39277 7148
3074 5469
39277 6698
39277 7531
39277 6266
3074 6043
39277 6528
3074 6219
39277 6378
39277 6944
39277 6396
3074 6283
39277 6413
39277 6149
3074 3731
39277 6673
3074 5070
39277 6525
39277 6352
39277 6797
39277 6861
3074 4936
39277 6967
3074 5374
39277 6528
39277 6388
39277 6404
39277 6551
3074 6456
39277 6408
3074 5301
39277 6444
39277 6402
39277 6500
39277 6995
3074 5149
39277 7853
3074 5075
39277 6918
39277 6540
39277 6372
39277 6613
3074 5365
39277 6980
3074 5053
39277 6666
39277 6408
3074 6142
39277 6572
3074 5349
39277 6414
39277 6583
39277 6863
39277 2324
3074 5167
39277 419
39277 3606
39277 6796
39277 7005
3074 5074
39277 7195
39277 7109
3074 5373
39277 6355
39277 7083
3074 5107
39277 6621
39277 7951
3074 6114
39277 6440
39277 6918
3074 5260
39277 6531
39277 6530
3074 5102
39277 6498
39277 7012
3074 5087
39277 6459
39277 6527
3074 5493
39277 6410
39277 7057
3074 5440
39277 6503
3074 3714
39277 6889
39277 6500
39277 7028
3074 5077
39277 6393
39277 6806
3074 4935
39277 6560
39277 6899
3074 4913
39277 6411
39277 6826
3074 5102
39277 7346
3074 5447
39277 6486
39277 6426
39277 6401
3074 4878
39277 6547
39277 6778
3074 5121
39277 6436
3074 5423
39277 6531
39277 6435
39277 6411
3074 4937
39277 6420
39277 6978
3074 5245
39277 6929
3074 4978
39277 6438
39277 6373
3074 5005
39277 6500
39277 6449
3074 4233
39277 6554
39277 6385
3074 5028
39277 6518
39277 6436
3074 4911
39277 7521
39277 7382
3074 5768
39277 6431
39277 6976
3074 5085
39277 6370
39277 6749
3074 4950
39277 6436
39277 6977
3074 5205
39277 6381
39277 6873
3074 4900
39277 6401
39277 6871
3074 4992
39277 6397
39277 6470
3074 6033
39277 6416
39277 6436
3074 4892
39277 6581
39277 6372
39277 6977
3074 4930
39277 6496
3074 5528
39277 6407
39277 6439
3074 5417
39277 7167
39277 6367
39277 6943
3074 5219
39277 12761
39277 6786
3074 5209
39277 6407
39277 6388
3074 4832
39277 6518
39277 6421
3074 6020
39277 6435
39277 7193
3074 5256
39277 6429
39277 6837
3074 4954
39277 6416
39277 6389
3074 6176
39277 6948
3074 5087
39277 6379
39277 6634
3074 5031
39277 6383
39277 7225
3074 5551
39277 6758
39277 7849
3074 7633
39277 6559
39277 6412
3074 6237
39277 6428
39277 6412
3074 6296
39277 6379
39277 6772
3074 5191
39277 6398
39277 6867
3074 5052
39277 6396
3074 6014
39277 6467
39277 6779
3074 5473
39277 6375
39277 6422
3074 6197
39277 6396
39277 6412
3074 6216
39277 6574
39277 6417
3074 6246
39277 6516
39277 6424
39277 6958
3074 5217
39277 7299
39277 6977
3074 4953
39277 6532
39277 6409
3074 4864
39277 6674
39277 6527
3074 6327
39277 6935
3074 4933
39277 6537
39277 6489
39277 6968
3074 5265
39277 6694
3074 6329
39277 6434
39277 6395
39277 7027
3074 5220
39277 6385
39277 7247
3074 7014
39277 6406
39277 7428
3074 6140
39277 6419
3074 4862
39277 6444
39277 6601
3074 6249
39277 6855
39277 6431
3074 5215
39277 6401
39277 6413
3074 6094
39277 6399
39277 6370
3074 6056
39277 7131
39277 6578
3074 6183
39277 6394
39277 7083
3074 5007
39277 6397
39277 6406
3074 6251
39277 6914
39277 6387
3074 6094
39277 6385
39277 6819
3074 5187
39277 6663
39277 6357
3074 6213
39277 6786
39277 6891
3074 5056
39277 6452
39277 6524
39277 7054
39277 6770
3074 5038
39277 6442
39277 6399
39277 6624
3074 6085
39277 6404
3074 6194
39277 6499
39277 6608
39277 6941
3074 5198
39277 6416
39277 6383
3074 4834
39277 6402
39277 6387
3074 6260
39277 6469
39277 7036
3074 5459
39277 6349
39277 6631
3074 5034
39277 6643
3074 5566
39277 6437
39277 6538
39277 6425
3074 6025
39277 6938
3074 5107
39277 7446
39277 6554
3074 6252
39277 6678
39277 6391
3074 4848
39277 6424
39277 6414
3074 5235
39277 6511
39277 6421
3074 5052
39277 6526
39277 6386
3074 5420
39277 6499
39277 7028
3074 5845
39277 6391
39277 6549
3074 5087
39277 6623
39277 6870
3074 6531
39277 6412
39277 6574
3074 5312
39277 6725
39277 6825
3074 6653
39277 6563
39277 6533
3074 5443
39277 7303
39277 6838
3074 5180
39277 6691
39277 6521
39277 6849
3074 4916
39277 6382
3074 5013
39277 6369
39277 6390
39277 6486
3074 4954
39277 6571
3074 6351
39277 6989
39277 6830
39277 6847
3074 5566
39277 6388
39277 6458
3074 6163
39277 6908
3074 5171
39277 6600
39277 6540
39277 6910
3074 5113
39277 6379
39277 6613
3074 6347
39277 7656
39277 7278
3074 5374
39277 6447
3074 6110
39277 6531
39277 6627
3074 5040
39277 6504
39277 6387
3074 6008
39277 6365
39277 6414
3074 5115
39277 6535
39277 6852
3074 5420
39277 6385
39277 6430
3074 6272
39277 6431
39277 7502
3074 6231
39277 6954
39277 6397
3074 5117
39277 6512
39277 6908
3074 4716
39277 6395
39277 6463
3074 5125
39277 7112
39277 6496
3074 4412
39277 6365
39277 6382
3074 6430
39277 6840
39277 6563
3074 6154
39277 6412
39277 6499
39277 6878
3074 5263
39277 6391
39277 6629
3074 5026
39277 6385
39277 6843
3074 5222
39277 6431
39277 6901
3074 5194
39277 6420
39277 6521
3074 6350
39277 6866
39277 7464
3074 5991
39277 6499
39277 6872
3074 5213
39277 6466
39277 8129
3074 6306
39277 6555
39277 6888
3074 5178
39277 6577
39277 6440
3074 4802
39277 7025
3074 5227
39277 6376
39277 6427
3074 3690
39277 6432
39277 6787
3074 5131
39277 6475
39277 6396
3074 5028
39277 6509
39277 6625
3074 6475
39277 6559
39277 6480
3074 6190
39277 6407
39277 6914
3074 5075
39277 6416
39277 6843
3074 5186
39277 6448
39277 7253
3074 6206
39277 6391
39277 6897
3074 5266
39277 6906
39277 6834
3074 5178
39277 6422
39277 6382
3074 6175
39277 6506
39277 6597
39277 6445
39277 6381
39277 6431
39277 6377
3074 6232
39277 6424
39277 6859
3074 4938
39277 6403
39277 8081
3074 6789
39277 6530
39277 6363
39277 6561
3074 6362
39277 6379
39277 6347
39277 6407
3074 6180
39277 7712
39277 6375
3074 4862
39277 6540
39277 6714
39277 6966
39277 6503
3074 5330
39277 6988
3074 4988
39277 9465
39277 6365
39277 6989
3074 5226
39277 6383
39277 6366
39277 6473
3074 5197
39277 6421
39277 7207
3074 5465
39277 6615
39277 6509
3074 6312
39277 6592
39277 6469
3074 6285
39277 6393
39277 6484
3074 5160
39277 6413
39277 7686
3074 7407
39277 6593
39277 6401
3074 3784
39277 6392
39277 6544
39277 6355
39277 6920
3074 5058
39277 6608
39277 6873
39277 6744
3074 5174
39277 6405
39277 6401
39277 6364
39277 6817
3074 5183
39277 7396
39277 6404
39277 7262
3074 5426
39277 6419
39277 6405
39277 6358
3074 5071
39277 6596
39277 6417
3074 3942
45572 3767
45572 4830
45572 6551
39277 6474
39277 6443
3074 6026
39277 6658
3074 4977
45572 3834
39277 6529
39277 6531
39277 6428
39277 6628
3074 4950
39277 6571
39277 6381
39277 6402
39277 6492
3074 6252
39277 6369
39277 6579
39277 6424
3074 5430
39277 6800
39277 6366
39277 6349
39277 6894
3074 5179
39277 6401
39277 6437
39277 6442
39277 6368
39277 6560
39277 7679
39277 6470
39277 6842
3074 4930
39277 6517
39277 6682
39277 6485
39277 6379
39277 6365
39277 6493
39277 6588
39277 6468
39277 6442
3074 5112
39277 6412
39277 6851
3074 5447
39277 6926
39277 6663
3074 6278
39277 6489
39277 6537
3074 3857
39277 6448
3074 6200
39277 6421
39277 6404
39277 6406
3074 690
39277 6546
3074 4749
39277 8075
3074 6366
39277 6394
39277 6920
3074 5218
39277 6834
39277 6801
3074 5134
39277 6395
3074 5342
39277 6378
3074 5135
39277 6621
3074 5025
39277 7175
3074 5450
39277 6683
3074 5181
39277 6633
39277 6567
3074 5230
39277 6534
39277 6800
3074 4934
39277 6512
39277 6589
3074 6285
39277 6518
39277 6849
3074 5504
39277 6559
39277 6580
3074 6301
39277 7799
39277 6551
3074 6300
39277 6965
39277 6499
3074 5101
39277 6515
39277 6758
3074 5157
39277 6528
39277 6831
3074 5137
39277 6692
3074 5069
39277 6435
3074 6283
39277 6431
3074 6216
39277 6398
3074 4339
39277 6395
3074 3835
27085 5059
39277 6405
39277 6599
3074 5025
27085 4691
27085 6131
39277 6510
39277 6471
45572 5325
3074 4802
27085 6566
27085 6479
27085 6684
45572 6360
27085 6381
27085 6550
27085 6476
27085 6708
45572 5051
39277 6437
39277 7018
3074 5123
27085 6502
45572 4781
27085 6390
39277 6405
39277 6983
3074 4954
39277 6542
3074 4952
39277 6924
3074 5065
27085 6871
27085 6385
45572 4875
39277 6393
3074 3637
39277 7009
3074 5401
39277 6398
39277 7012
3074 5251
27085 7688
45572 6425
27085 6565
45572 3772
39277 6404
39277 6725
3074 5148
39277 6385
39277 6382
3074 5115
27085 6672
27085 6447
45572 6302
39277 6652
39277 6886
3074 5219
39277 6538
3074 5209
27085 6373
27085 6462
45572 5200
39277 6718
39277 8010
3074 6481
39277 6373
39277 6412
3074 5430
27085 6591
45572 6237
39277 6575
39277 6772
3074 5791
39277 7512
39277 6379
3074 3622
39277 7080
3074 5061
39277 6533
39277 6384
39277 6420
3074 6187
39277 6516
39277 6537
3074 6295
39277 6375
39277 6544
3074 6362
39277 6393
39277 6458
3074 6022
39277 6380
39277 6937
3074 5138
39277 6391
39277 6444
3074 6057
39277 6370
3074 4928
39277 6456
39277 6404
3074 5166
39277 6706
39277 6530
3074 6258
39277 7628
39277 7041
3074 5309
39277 6838
39277 6569
3074 6251
39277 6399
39277 6577
3074 6305
39277 6398
39277 6467
3074 6220
39277 6536
39277 6962
3074 5187
39277 6835
39277 6534
3074 5398
39277 6797
39277 6571
3074 3750
39277 6501
39277 6663
3074 5032
27085 6373
27085 6473
45572 6092
39277 6672
39277 6730
3074 5019
27085 6395
27085 6723
45572 5092
39277 7293
39277 6480
39277 6773
3074 1150
39277 6493
3074 3709
39277 6513
3074 3845
39277 6817
39277 6413
3074 452
39277 6475
39277 6747
3074 706
39277 7123
3074 5203
39277 6384
3074 3725
39277 6572
3074 3712
39277 7109
3074 5345
27085 3628
39277 6816
39277 6376
3074 4912
3074 3646
39277 6604
3074 3846
39277 7078
39277 6532
3074 97
39277 6397
39277 6391
3074 3883
3074 3788
39277 6563
39277 6906
3074 761
39277 6533
39277 6496
3074 4022
3074 4252
39277 6600
39277 6824
3074 5126
3074 3714
39277 6685
3074 4373
3074 3645
39277 6424
3074 3751
39277 6666
39277 7005
3074 525
39277 6528
39277 6383
3074 233
39277 6559
3074 3875
39277 6393
39277 7060
3074 119
39277 6397
39277 6410
3074 150
39277 6403
3074 3664
39277 6749
39277 6392
3074 3849
3074 3672
39277 6426
3074 4115
39277 6839
3074 4207
39277 6375
39277 6408
3074 3829
3074 3720
39277 6462
39277 6523
3074 3868
3074 4257
39277 6384
39277 7086
3074 5493
3074 4593
39277 6373
39277 6415
3074 3696
3074 3850
39277 6377
3074 3665
39277 6405
3074 5117
39277 6999
3074 5147
39277 6448
3074 3657
39277 6578
3074 3615
39277 6322
3074 3890
39277 6494
39277 6377
3074 3749
3074 3681
39277 6447
3074 3657
39277 6388
3074 4542
39277 6523
3074 4826
39277 6391
39277 6418
3074 222
39277 6456
3074 4231
39277 6380
3074 3684
39277 6451
3074 3683
39277 6432
3074 4146
39277 6557
3074 6167
39277 6508
3074 3660
39277 6545
3074 3944
39277 6364
3074 3691
39277 6401
3074 3696
39277 4781
3074 5009
39277 6839
3074 5064
39277 6394
3074 3705
39277 6388
3074 3673
39277 6417
39277 6438
3074 3685
3074 3827
39277 6393
3074 3668
39277 6433
3074 4487
39277 6926
3074 5338
39277 6351
3074 3730
39277 6428
3074 3686
39277 6485
3074 3770
39277 6433
3074 3844
39277 6626
3074 3820
39277 7132
3074 5087
39277 6947
3074 5054
27085 6272
45572 3673
40965 3878
46086 4043
10732 3829
55785 3605
40965 4057
40965 7716
55785 3720
55785 6349
46086 6220
55785 6138
55785 3675
46086 3617
46086 3726
10732 4128
10732 10826
10732 6495
10732 3813
40965 3727
40965 6001
40965 3762
40965 3767
55785 3797
10732 6181
40965 4667
10732 4645
10732 4350
40965 3590
10732 1204
40965 3605
40965 4694
10732 406
55193 3590
18368 3819
48028 3611
64180 3606
37764 4070
23189 3783
38545 4013
9537 4814
44995 5091
44995 3711
59160 4101
59160 4763
44995 5783
34723 3648
11024 3907
55057 3824
41480 3639
34723 3618
18906 3958
55057 3638
55057 7079
55771 3987
11024 3684
11024 7465
18906 3977
55771 4579
18906 7557
18906 6362
18906 7234
55057 5653
18906 6478
18906 6344
55057 4880
55771 7374
55771 6431
55771 6413
55771 6472
55771 6344
11024 5263
11024 4683
55057 5265
55771 3743
55771 6148
55771 3725
11024 4249
18906 3585
18906 3692
18906 3665
55057 3688
55057 4620
11024 5015
11024 3621
11024 4810
55771 5036
18906 3588
18906 3609
55771 3721
55771 3619
55771 3612
55771 4740
11024 3580
44995 5005
44995 4166
59160 3577
59160 3642
59160 6252
44995 4935
37870 3837
44522 3748
37870 3780
37870 6908
44522 4068
44522 7185
44522 6383
44522 6856
44522 6444
44522 6835
37870 5161
37870 4817
37870 5124
37870 3765
44522 1257
44522 5066
44522 3723
44522 3665
37870 3615
37870 3642
44522 6340
44522 6612
44522 6241
44522 6488
44522 4977
37870 5247
44522 6420
44522 6438
44522 2398
44522 6390
37870 3730
44522 6539
44522 6353
44522 3665
37870 3587
44522 7805
44522 6541
44522 1011
37870 4113
44522 6538
44522 6111
44522 3638
37870 3606
44995 3638
44995 3804
44522 3575
44995 6085
44995 3741
44995 3662
44995 4773
44995 4992
44995 3775
44995 4723
44995 5040
44995 4158
44995 3678
44995 6460
59160 3797
59160 3631
59160 3629
59160 3660
44995 3801
59160 3697
59160 6805
44995 5070
13153 3816
59160 3647
59160 3603
10093 5295
59160 902
59160 3632
59160 6376
44995 6217
15690 3901
1792 3778
13153 3611
63249 3667
10093 3658
59720 3667
14264 4693
17337 4937
49080 3635
64440 3659
1977 3653
5050 3763
59160 6145
26871 3623
10093 6986
13153 7177
44995 3746
44995 3827
44995 3643
44995 6641
59160 3923
44995 3640
44995 6168
49864 3783
26871 3603
26871 7192
55546 3807
15690 4112
15690 7721
48635 3640
59720 4044
59720 6767
63249 3663
1792 3690
63249 7408
63249 6536
10093 5199
63249 6380
1792 7399
1792 6369
1792 6375
13153 6053
59160 3633
59160 4656
59160 4985
59160 3689
44995 3589
59160 6206
59160 3764
44995 3796
63249 6476
10093 5191
1792 6487
13153 6153
44995 3634
44995 3773
44995 4740
44995 5039
56168 3903
14264 4273
31595 3814
60266 3687
49080 3596
17337 4279
35691 4350
64440 4956
7018 3618
1977 3603
60271 3683
5050 3629
14264 6695
49080 6353
17337 6866
59160 5045
59160 3698
64440 6775
5050 6367
1977 6545
49864 3658
49864 7951
49864 6858
49864 6359
26871 6209
49864 6410
26871 3749
55546 3782
48635 3611
55546 7179
55546 6536
15690 5031
48635 7624
48635 7289
59720 6298
1792 6191
59160 6244
44995 3677
44995 3706
44995 3870
59160 3622
59160 578
59160 4927
44995 4050
59160 4781
49864 6287
10093 3825
13153 1401
10093 3698
10093 6240
10093 3829
15690 4761
15690 4963
15690 5025
56168 3613
31595 5028
60266 3578
56168 7431
56168 6391
35691 6007
14264 4087
60271 4691
56168 7081
31595 7379
31595 6410
49080 3613
31595 6489
60266 7301
60266 6393
60266 6477
7018 5038
17337 3729
35691 7439
35691 6394
35691 6366
64440 4893
60271 7496
60271 6417
60271 6927
5050 3917
7018 7416
7018 6382
7018 6901
1977 5089
26871 5986
60266 6772
17337 5183
60271 6921
5050 6703
59720 6038
7018 6864
1977 5246
31595 6850
49080 6565
26871 6814
59720 6255
35691 6985
64440 5096
56168 6877
14264 4936
59160 3731
44995 3609
59160 3623
59160 4714
59160 5187
44995 3751
63249 6124
49864 3782
63249 3845
10093 3604
63249 4612
10093 5494
55546 3766
55546 4676
15690 3582
15690 5256
49864 6668
26871 5063
49864 6442
49864 6766
26871 6259
49864 6398
49864 6377
49864 6446
49864 6754
26871 5090
55546 6875
55546 6319
15690 3797
55546 6392
55546 6212
55546 6180
15690 5388
1792 6171
13153 3646
48635 3949
48635 6688
59720 5714
56168 6290
31595 6280
60266 6178
35691 6201
60271 6262
7018 4937
63249 6416
10093 4986
63249 6460
63249 6396
63249 6311
63249 6912
10093 5184
63249 6594
63249 6200
63249 6536
10093 5655
63249 6256
63249 23564
63249 6495
10093 6225
63249 7589
10093 7339
63249 7052
10093 5040
1792 3781
1792 3623
13153 380
1792 3632
13153 3725
14264 6202
49080 3783
17337 3718
64440 3678
63249 6390
63249 6426
10093 6162
63249 6447
10093 6040
5050 3725
1977 4730
49080 4961
17337 3657
64440 3777
5050 3697
1977 3590
14264 3699
14264 6145
14264 3665
14264 3842
14264 3732
14264 6501
14264 3645
63249 6521
63249 6459
63249 6913
10093 5046
63249 6524
63249 6391
63249 7013
10093 5136
63249 6465
63249 6375
63249 6790
63249 6588
10093 5011
63249 6389
63249 6378
10093 6188
63249 6371
63249 6521
63249 6381
63249 6536
63249 6441
63249 6420
10093 5671
63249 6374
63249 6389
63249 6214
10093 4881
63249 6375
63249 3954
63249 6371
63249 7566
10093 5648
63249 6358
63249 7001
10093 5112
63249 6514
63249 2443
10093 3620
31595 6332
31595 3751
49080 4057
49080 4596
14264 5012
14264 3673
14264 3686
60266 6150
17337 3630
60266 4226
17337 3625
43963 4805
60271 5153
60271 6119
5050 1912
7018 3773
1977 4148
7018 5958
1977 4044
60266 3663
17337 3728
60266 2532
17337 4946
17337 3612
31595 3670
49080 3606
31595 3756
49080 3768
31595 3740
49080 3600
60271 3687
7018 4716
60271 5091
5050 3607
1977 3625
5050 3614
7018 3755
1977 3571
60271 3627
5050 3621
7018 6137
1977 4816
56168 3771
56168 3983
56168 6098
14264 3653
35691 3792
64440 4723
35691 5163
64440 3664
55546 3778
56168 3685
14264 6006
35691 4257
64440 3803
35691 1009
64440 3609
64440 3727
56168 6308
14264 3720
56168 6302
56168 6358
56168 6346
14264 4795
56168 6567
56168 6491
56168 6844
14264 5355
56168 6423
56168 6366
56168 6631
56168 6827
56168 6425
14264 6235
35694 4222
43963 3693
56168 4090
43963 7119
56168 6503
56168 6394
14264 4935
56168 6390
14264 4884
56168 7127
56168 6545
14264 6214
56168 6376
56168 6683
56168 6390
56168 6386
56168 6405
56168 6399
56168 6469
56168 6370
14264 6180
56168 6361
56168 6388
14264 6064
56168 6737
56168 6565
56168 6370
56168 6895
14264 5091
56168 7017
14264 5063
56168 6454
56168 6404
56168 6496
14264 4774
56168 6819
14264 5353
56168 6509
56168 6385
56168 6665
56168 7455
14264 196
14264 3636
35694 3608
35694 7559
35694 6435
35694 6366
43963 6187
35694 7309
43963 4941
56168 6430
14264 4923
56168 6501
56168 6354
56168 6756
14264 5080
56168 6426
56168 6762
14264 4910
56168 6428
56168 7227
14264 5317
56168 6378
56168 6797
14264 5176
56168 6370
56168 6509
14264 5049
56168 6391
56168 6424
14264 5075
56168 7081
14264 5524
56168 6564
14264 6323
56168 6404
14264 6039
56168 6436
14264 5192
56168 6569
56168 6591
14264 5119
56168 6536
14264 6402
56168 6447
56168 6618
14264 6257
56168 6386
14264 5306
56168 6404
56168 6424
14264 6206
56168 6820
56168 6407
14264 5346
56168 6434
14264 5370
56168 6381
14264 5874
56168 6423
56168 6556
14264 4296
56168 6982
14264 4110
56168 6394
56168 6603
14264 4916
56168 6929
14264 5079
56168 6364
56168 6370
56168 6930
14264 5188
56168 6408
56168 6452
56168 6438
14264 5298
56168 6906
56168 2857
14264 5440
35694 6193
43963 4141
43963 3696
43963 6136
56168 7028
14264 5262
56168 6653
56168 6378
56168 6423
14264 4901
56168 6673
56168 6456
14264 6067
56168 7022
14264 5134
56168 6418
56168 6929
14264 5175
56168 6376
56168 6486
14264 6339
56168 6405
56168 6470
56168 6362
56168 3832
14264 4573
56168 6409
56168 6697
14264 5243
56168 6495
56168 6646
56168 6572
14264 5447
56168 6459
56168 6599
56168 6552
56168 6574
14264 5160
56168 6545
56168 6694
14264 6347
56168 6375
56168 6394
56168 6642
14264 6338
56168 7931
56168 6479
56168 6609
14264 5387
56168 6404
56168 6547
56168 6768
14264 5365
35694 6136
35694 4757
35694 4976
43963 3646
43963 3626
35694 6310
35694 6761
35694 6495
43963 5061
35694 6379
35694 6427
35694 6186
35694 6514
35694 6204
35694 6468
35694 10714
35694 6425
35694 6401
35694 6364
43963 5025
35694 6386
35694 7107
43963 4924
35694 6602
43963 6350
35694 8532
35694 6401
35694 6803
35694 6402
35694 6406
43963 6218
35694 6367
43963 5402
35694 6426
35694 6575
35694 6376
35694 7228
43963 6959
35694 6396
35694 6835
35694 7033
43963 5249
25926 3661
40053 4880
27280 3691
46400 3852
26493 3653
44995 3676
44995 6340
26871 4905
43963 5047
43963 3793
43963 3692
43963 3857
43963 6066
43963 5204
43963 3676
43963 3690
43963 4750
59160 5161
59160 3727
59160 4775
44995 5074
49864 6501
49864 6412
49864 6456
49864 6792
26871 4891
49864 6500
49864 6394
49864 6411
49864 6519
49864 6567
49864 6360
49864 6372
49864 6783
49864 8703
49864 6352
49864 6364
49864 6374
49864 7134
26871 5364
16236 3901
49864 6355
49864 6383
49864 2159
26871 4480
24658 3953
26493 3691
26493 7142
35694 3604
35694 6334
35694 6309
43963 6058
35694 6482
35694 6443
43963 6178
35694 6636
35694 6760
43963 4884
35694 6382
35694 6468
43963 4626
35694 6421
35694 6440
43963 4371
35694 6687
35694 6416
43963 6158
35694 6386
35694 6340
35694 6402
35694 6337
43963 3992
35694 6685
35694 6736
43963 4856
35694 6423
35694 7123
35694 6345
43963 4892
35694 6397
35694 6915
43963 4949
35694 6410
35694 6187
35694 6321
43963 3627
35694 6802
35694 7103
35694 4143
43963 3749
35694 6852
43963 5257
35694 6175
35694 6531
35694 7045
43963 4899
24658 7786
24658 6870
24658 1889
26493 3630
26493 3821
1365 3645
16236 3672
16236 7351
24658 4210
26493 6299
24658 3736
1365 8460
1365 6449
1365 6418
1365 182
16236 3642
24658 6383
24658 6328
26493 6175
16236 3747
16236 3775
16236 6668
1365 3762
1365 3837
16236 3753
16236 4727
1365 4986
1365 6403
1365 6421
1365 6517
1365 5063
1365 3617
16236 3721
44995 3823
44995 4765
59160 5114
59160 6246
44995 3625
28137 56
1365 4416
15773 4207
28137 8302
15773 7200
15773 6550
15773 6676
15773 6389
15773 3821
28137 3611
28137 4681
15773 4981
28137 6275
28137 6836
13166 3945
44995 3823
44995 6110
1812 3821
13166 3673
13166 6557
59160 3665
15773 3737
15773 6157
59160 4811
44995 3588
33525 5582
1812 3691
1812 7458
1812 6724
1812 6808
13166 5050
1812 6407
13166 6166
28137 3621
30754 3864
33525 4912
33525 6707
1812 6199
13166 3823
13166 3821
13166 6173
30754 3641
30754 7836
30754 6410
30754 6424
30754 6387
30754 6314
33525 4768
33525 3892
33525 6011
33525 3790
1812 3639
1812 6117
1812 3704
13166 3716
13166 3838
30754 3605
30754 526
30754 6912
30754 3669
33525 3585
33525 4631
1812 6330
1812 6795
1812 6371
13166 3682
1812 7283
13166 4459
1812 6372
1812 6431
1812 6397
1812 6401
1812 6500
1812 6382
1812 6399
1812 6384
1812 7095
13166 5142
30754 6382
30754 6409
30754 6466
30754 6613
30754 1232
33525 3627
1812 6541
13166 5128
1812 6809
1812 7026
13166 4941
30754 3652
1812 6394
1812 6508
1812 6367
1812 6392
1812 6230
13166 4983
26871 5187
37870 7024
44995 3657
44995 6083
43963 3631
49864 6840
49864 6645
49864 6373
49864 6406
26871 4855
49864 6419
49864 6399
49864 6501
26871 5275
49864 6453
49864 6428
49864 6581
49864 7053
26871 6921
59160 4160
59160 5944
44995 3732
35694 6314
35694 6446
35694 6867
43963 5186
44522 4927
35694 6412
43963 5217
35694 6817
35694 6807
43963 4925
35694 7174
35694 6563
43963 4894
44522 6473
44522 6383
37870 3598
44522 6504
44522 5111
44522 6358
44522 6441
44522 6926
37870 5104
44522 6410
44522 6387
44522 6981
37870 5271
44522 6494
44522 6564
37870 6379
44522 6346
44522 6157
44522 6411
44522 6407
44522 6389
44522 6379
44522 6875
44522 6453
44522 6387
44522 7059
37870 5298
44522 6343
44522 6426
44522 6957
44522 6505
44522 6342
44522 6379
44522 6333
44522 6457
44522 6362
44522 6794
37870 5188
44522 6671
44522 6445
44522 3758
44522 3642
37870 3590
43963 5130
35694 6739
35694 6124
43963 5382
43963 3846
35694 6329
35694 6748
43963 5142
35694 6397
43963 3696
35694 6320
35694 6213
43963 3572
43963 3690
35694 6325
35694 6765
43963 5085
43963 6758
35694 7048
35694 6788
43963 4940
43963 3700
35694 6419
43963 4563
28137 6236
28137 7184
15773 5705
15773 6623
28137 5268
42103 3759
55131 3705
43963 3663
35694 6238
14264 3801
14264 3720
14264 4695
14264 5001
14264 3888
14264 3682
14264 3654
14264 6021
43963 4063
14264 3876
14264 4690
14264 5011
14264 3808
14264 3684
14264 4898
14264 5495
14264 3668
14264 3830
14264 6156
14264 4125
14264 3700
14264 3726
14264 6236
14264 3774
14264 3757
14264 3685
14264 4955
14264 5133
14264 3730
14264 3706
14264 4944
14264 5040
14264 3765
14264 3790
14264 3679
14264 6175
14264 3678
14264 3867
14264 4157
14264 6194
14264 3737
14264 4357
14264 4712
14264 5117
14264 3898
14264 4567
14264 3704
14264 6046
14264 3696
14264 3827
14264 6152
14264 3664
14264 3743
14264 3748
14264 6158
14264 3707
14264 3771
14264 3719
14264 5176
14264 3729
14264 3735
14264 4723
14264 585
14264 111
14264 86
14264 3722
14264 6041
14264 3702
14264 3677
14264 3780
14264 4693
56168 5988
14264 3928
56168 6546
14264 6274
56168 6774
14264 4872
56168 6812
14264 4222
56168 6487
56168 6242
56168 6255
14264 4041
56168 6220
14264 3794
56168 6323
14264 6182
56168 6546
56168 6409
56168 6678
14264 4912
56168 6413
56168 6786
14264 4891
56168 6391
56168 7367
14264 5674
56168 6273
14264 4215
56168 6337
56168 6464
56168 6233
14264 3672
56168 7067
56168 6473
56168 3760
14264 3601
56168 6771
14264 5298
56168 6234
14264 4077
56168 6304
56168 6783
14264 6368
56168 6291
56168 6456
56168 6218
14264 3624
56168 6395
14264 5104
56168 6372
56168 6401
56168 6453
14264 4808
56168 3734
14264 3602
56168 6304
56168 6466
56168 7177
14264 6783
56168 3818
14264 3582
56168 6410
56168 6236
14264 4909
56168 6887
56168 6405
56168 5141
14264 3590
56168 7179
14264 5345
56168 6394
56168 6380
56168 7033
14264 5119
56168 6707
14264 5348
56168 6400
14264 6207
56168 6379
56168 6417
14264 6246
56168 6416
14264 6107
56168 6402
56168 6962
56168 6812
14264 5186
56168 6389
56168 1969
14264 5117
56168 3616
56168 971
56168 981
56168 4090
56168 3678
14264 3683
14264 4850
14264 5440
14264 3787
14264 3690
14264 9102
14264 3664
56168 3619
56168 3623
14264 3660
14264 6136
56168 3593
14264 3677
14264 3684
14264 4733
14264 5163
14264 3695
56168 3609
56168 6370
14264 5190
56168 6143
14264 4972
56168 6389
56168 6426
56168 6220
14264 4851
56168 6449
56168 3790
14264 4049
56168 6442
14264 5379
56168 6989
14264 5327
56168 6528
56168 6399
56168 6556
14264 6191
14264 3783
56168 6444
14264 6250
56168 6398
56168 6458
56168 6764
14264 5036
14264 4830
14264 5140
56168 6873
14264 5348
56168 6388
14264 6233
56168 6399
56168 6865
56168 6467
14264 6278
14264 6208
56168 6551
14264 4844
56168 6384
56168 6379
56168 6468
14264 4895
56168 6804
14264 5205
56168 6889
56168 6770
14264 5022
56168 6444
56168 6814
56168 6537
56168 6401
56168 6603
14264 4919
56168 6527
14264 3631
56168 6369
56168 6541
14264 6377
56168 6430
56168 6359
14264 4093
56168 6404
56168 6438
14264 6257
56168 6450
56168 6566
56168 6387
14264 4875
56168 6402
56168 3741
14264 3600
56168 6983
14264 5108
56168 6381
56168 6505
56168 947
14264 3715
56168 3665
56168 3628
56168 6428
56168 6369
56168 6398
14264 5436
56168 6460
56168 6394
14264 6239
56168 6524
14264 4873
56168 6403
56168 6505
56168 6851
14264 5212
56168 6393
56168 3926
14264 3638
56168 6752
14264 5586
56168 6517
56168 6788
14264 5197
56168 6468
56168 6396
14264 5552
56168 6463
56168 6530
56168 6393
56168 6411
56168 7188
14264 6250
56168 6556
56168 6460
56168 6301
14264 4888
56168 6915
14264 4933
56168 6553
56168 6384
14264 6217
56168 6430
56168 6504
14264 5228
56168 6501
56168 6433
56168 6408
56168 7389
14264 5040
56168 6415
56168 6385
56168 6687
14264 4935
56168 6879
14264 6596
56168 6379
56168 6406
56168 6514
56168 6392
14264 6129
56168 6418
56168 6455
14264 5142
56168 6924
56168 6408
14264 4852
56168 6543
56168 6146
14264 3607
56168 6372
56168 6528
14264 6300
56168 6401
56168 6566
56168 964
14264 4047
56168 6366
56168 6408
14264 6055
56168 6393
56168 6384
56168 6426
14264 6211
56168 6808
56168 7635
14264 5339
56168 6370
56168 6430
56168 6864
14264 5197
56168 6357
56168 6829
14264 4984
56168 6986
56168 6378
56168 4650
14264 5177
56168 6402
56168 6409
56168 355
14264 4491
56168 6359
14264 5179
56168 6741
56168 6424
56168 6367
56168 6432
14264 6269
56168 6389
56168 6406
56168 6529
14264 6404
56168 6398
14264 5159
56168 6502
56168 6393
14264 4861
56168 6539
56168 6491
14264 6198
56168 6391
56168 6474
56168 6460
14264 6298
56168 6951
56168 6477
56168 6631
14264 5064
56168 6434
14264 6121
56168 6415
56168 6396
14264 3588
56168 6403
56168 7156
14264 5085
56168 6407
56168 6419
56168 6899
14264 5214
56168 6408
56168 6373
14264 5606
56168 6597
56168 6389
56168 6381
56168 3743
14264 3732
56168 6868
14264 6464
56168 6397
56168 6343
56168 3640
14264 3603
56168 6450
14264 6451
56168 6919
56168 6418
56168 6411
56168 6838
14264 6336
56168 6369
56168 6394
14264 6059
56168 6610
56168 6368
56168 6129
14264 3607
14264 3780
14264 3714
56168 6763
56168 6765
14264 5029
56168 6589
56168 6386
56168 6559
56168 6533
14264 6206
56168 6395
14264 6083
56168 6894
14264 4887
56168 6392
56168 6511
56168 6456
56168 6467
14264 6206
14264 4159
14264 3679
56168 6576
56168 6414
14264 4845
14264 4080
56168 6429
14264 6101
56168 6372
56168 6437
56168 6500
56168 6793
56168 6390
14264 6179
14264 3665
56168 7009
56168 6954
14264 5196
14264 3708
56168 3804
56168 6438
14264 6289
56168 6368
56168 6539
14264 6185
56168 6433
56168 6347
56168 6904
14264 5239
56168 6746
14264 5392
56168 6407
14264 6045
56168 6968
56168 6408
56168 6962
14264 5438
56168 6969
14264 5217
14264 3682
14264 4702
56168 6749
14264 5283
56168 6429
56168 6636
14264 4934
56168 6384
56168 6648
14264 5045
56168 6837
14264 4899
14264 6048
14264 3707
14264 3672
14264 6059
14264 3668
56168 6487
56168 6407
56168 6545
56168 6421
14264 6226
56168 6419
56168 6397
56168 6844
56168 6392
56168 6385
56168 6984
14264 5265
14264 3702
14264 3830
56168 6425
14264 5413
56168 6382
56168 6410
56168 6518
14264 6059
56168 6412
56168 7201
14264 4909
14264 3791
14264 4725
56168 6361
56168 6392
56168 6395
56168 6381
56168 6408
56168 6807
14264 5211
14264 3731
14264 6037
14264 4502
14264 3736
56168 6379
56168 6430
56168 6462
56168 6959
56168 6681
56168 6385
56168 6399
14264 6055
56168 6687
56168 6345
56168 6529
56168 6431
14264 6174
56168 6542
56168 6382
56168 6490
56168 6450
14264 6246
56168 6535
56168 6533
56168 6489
14264 5203
56168 6660
56168 6500
14264 6152
56168 6391
56168 6449
56168 6431
56168 6384
56168 6427
14264 6124
56168 6499
56168 6391
56168 6872
14264 4921
56168 6945
56168 6386
56168 6370
56168 6547
56168 6397
56168 6387
56168 6376
14264 4848
56168 6515
56168 6368
56168 6472
56168 6494
56168 6567
56168 6611
14264 4910
56168 6440
14264 6259
56168 6380
56168 6793
56168 6435
56168 6397
56168 6380
56168 6374
56168 7439
14264 5980
56168 6414
56168 6426
14264 6325
56168 6982
14264 4907
56168 6720
56168 7001
56168 6368
56168 6447
56168 6403
56168 6374
56168 6440
14264 6017
56168 6543
56168 6748
56168 6359
56168 6394
56168 6365
56168 6390
56168 6912
14264 5101
56168 6416
56168 6409
56168 6422
56168 6402
56168 7242
14264 5311
56168 6407
56168 6758
14264 5049
56168 6398
56168 6364
56168 6545
56168 6404
14264 6093
56168 6393
56168 6804
56168 6432
14264 6203
56168 7004
56168 6356
56168 6841
56168 6838
14264 4912
56168 6367
56168 6384
56168 6857
56168 6421
56168 6382
56168 6500
56168 9216
56168 6915
14264 5175
56168 6555
56168 6507
56168 6408
56168 6359
56168 7196
56168 6376
14264 3597
56168 6364
56168 6709
14264 5367
56168 6533
56168 6550
56168 6391
56168 6769
56168 6399
56168 6576
56168 6423
56168 7341
14264 5710
56168 6566
56168 6861
56168 6533
56168 6380
56168 6401
14264 5985
56168 6428
56168 6383
56168 6501
56168 6361
56168 6476
56168 6377
56168 6371
56168 6999
14264 4919
56168 6384
56168 6393
14264 4986
56168 6429
56168 6374
56168 6381
56168 6569
56168 6432
56168 6380
56168 6363
14264 6061
56168 3588
14264 3614
56168 6530
56168 6973
56168 6542
56168 6374
56168 6395
56168 6450
56168 6431
56168 6385
56168 6877
14264 4926
56168 6372
56168 6396
56168 6406
56168 6393
56168 6486
56168 6472
56168 7097
56168 7030
14264 6145
56168 6845
56168 6473
14264 6078
56168 6322
56168 6499
56168 6397
56168 6880
56168 6394
56168 6633
14264 5050
56168 6455
56168 6746
56168 6415
56168 7055
14264 5433
56168 6954
56168 6439
56168 6404
56168 6371
56168 6377
14264 6177
56168 6413
56168 6719
56168 6823
56168 6408
56168 6790
14264 5204
56168 6485
56168 6388
56168 6475
56168 6415
56168 6879
14264 5069
56168 6409
56168 6838
56168 6358
56168 6478
56168 6564
56168 6419
56168 6481
56168 6916
14264 6848
56168 6549
56168 6361
56168 6417
56168 6383
56168 6401
14264 6214
56168 6937
56168 6445
56168 6351
56168 6393
56168 6379
56168 6849
56168 6434
56168 6388
14264 6157
56168 6779
14264 6409
56168 6453
56168 6383
56168 6380
56168 6627
56168 6384
56168 6378
56168 6511
56168 6448
56168 6415
14264 6247
56168 6416
56168 6441
14264 5114
56168 6419
56168 6854
56168 6884
56168 6358
56168 6826
56168 6394
56168 6432
14264 6040
56168 7302
56168 6410
56168 6361
56168 6554
14264 4823
56168 6522
56168 6401
56168 6355
56168 6503
56168 6548
56168 6477
56168 6573
56168 6673
14264 6172
56168 6832
56168 6498
56168 6726
56168 6408
56168 6446
56168 6717
14264 5080
56168 6534
56168 6417
56168 6867
14264 5217
36283 3627
56168 6354
56168 6366
56168 6526
56168 6376
56168 6519
14264 5668
56168 6382
56168 6383
56168 6482
56168 6408
56168 6964
14264 5200
56168 6480
56168 6651
56168 6563
56168 6361
56168 6844
14264 5174
56168 6414
56168 6352
56168 6428
56168 6907
14264 5511
56168 6482
56168 6390
56168 6395
56168 6658
56168 6922
56168 6427
56168 6440
56168 6738
14264 4933
56168 6465
56168 6649
14264 5056
56168 6400
56168 6445
56168 7055
56168 6476
56168 6403
56168 6386
56168 6880
56168 6393
56168 6399
14264 6249
56168 6557
56168 6492
56168 6377
56168 6389
56168 6402
14264 4881
56168 6426
56168 6497
56168 6480
56168 6826
14264 5228
56168 6821
56168 6437
56168 6405
56168 6542
56168 6469
56168 6387
56168 6459
56168 6409
14264 6046
56168 6453
56168 6412
56168 6449
56168 6802
56168 6853
56168 6549
56168 6398
14264 6172
56168 6589
56168 6364
56168 6557
56168 6560
56168 6389
56168 6388
56168 6387
56168 6512
14264 6343
56168 6421
56168 6383
56168 6820
56168 6387
56168 6370
56168 7177
56168 6391
56168 6760
14264 5121
56168 6377
56168 6400
56168 6840
56168 6368
56168 6360
56168 6353
56168 6435
56168 6382
56168 6790
14264 5777
56168 6913
56168 6414
56168 6423
56168 6372
56168 6392
56168 6389
56168 6558
56168 6829
14264 5221
56168 6484
56168 6384
56168 6366
56168 6400
56168 6710
56168 6441
56168 6402
56168 6396
14264 4866
56168 6563
56168 6451
56168 6380
56168 6614
56168 6547
56168 6488
56168 6391
56168 6776
14264 5176
56168 6542
56168 6568
56168 6398
56168 6394
56168 6544
56168 7016
56168 6710
56168 6379
14264 4868
56168 6435
56168 6417
56168 6446
56168 6509
56168 6409
56168 6847
56168 6717
56168 6346
56168 6798
14264 5716
56168 7430
56168 6422
56168 6352
56168 6420
56168 6400
56168 6418
56168 6363
56168 11766
14264 10347
56168 6622
56168 6830
56168 6373
56168 6467
56168 6400
56168 6395
56168 6405
56168 6383
14264 6147
56168 7203
56168 6789
56168 6545
56168 6722
56168 6378
56168 6392
56168 6385
56168 6748
14264 6354
56168 6496
56168 6497
56168 6489
56168 6387
56168 6380
56168 6524
56168 6581
56168 6372
14264 3945
56168 6387
56168 6475
56168 6381
56168 6366
56168 6466
56168 6718
56168 6526
56168 6383
56168 6421
14264 258
14264 4148
14264 1494
14264 661
14264 328
56168 6413
56168 6481
56168 6480
56168 6430
56168 6631
56168 6425
56168 6681
56168 6418
14264 266
14264 3840
14264 4768
14264 1029
14264 3618
14264 3822
56168 6576
56168 6448
56168 6572
56168 6840
56168 6379
56168 6410
56168 7333
14264 224
14264 3655
14264 3727
14264 4688
14264 2365
56168 6368
56168 6397
56168 6388
56168 6373
56168 6506
56168 6408
56168 6391
56168 6594
14264 4163
14264 3845
14264 3785
14264 3696
14264 3657
14264 4259
14264 4718
14264 4981
56168 6412
14264 4176
56168 6866
56168 6378
56168 6449
14264 3826
14264 3684
14264 4158
56168 6398
56168 6475
56168 6410
56168 6514
56168 6400
14264 3836
14264 4284
14264 4139
14264 3671
14264 3603
56168 6384
56168 6412
14264 4199
14264 3864
56168 6533
56168 6806
56168 6869
14264 3926
14264 3687
14264 3847
14264 6276
56168 6611
14264 3685
56168 6407
56168 6430
14264 1343
56168 7074
14264 3874
56168 6491
56168 6410
14264 3847
14264 3772
56168 6388
56168 7190
56168 6540
14264 3839
14264 4831
14264 3754
56168 6424
56168 6397
56168 6403
56168 6488
56168 6582
56168 5007
14264 3759
14264 3653
14264 4098
14264 3705
14264 3697
14264 6060
56168 6520
56168 6848
14264 3701
14264 3864
56168 6418
56168 6369
56168 6529
14264 3803
14264 4146
14264 6157
56168 6373
14264 3706
56168 6367
56168 6429
56168 6389
56168 6525
14264 3796
14264 3883
14264 5070
14264 6108
56168 6464
56168 6504
56168 6374
56168 6518
56168 6387
56168 6468
56168 6617
56168 6855
56168 6533
56168 6403
56168 6426
56168 6592
14264 4247
14264 3673
14264 3746
14264 3800
14264 5491
14264 2481
14264 3674
14264 3883
14264 3659
14264 4777
56168 6414
14264 3827
56168 6451
56168 6391
14264 3765
14264 5140
56168 7131
56168 6403
14264 3826
14264 3673
56168 6812
56168 6813
56168 6353
56168 6461
56168 6859
56168 6506
56168 6639
14264 3740
14264 3657
14264 3698
14264 3700
14264 3669
14264 3712
14264 5971
14264 3687
56168 6535
56168 6383
56168 6638
56168 6401
14264 4245
14264 3751
14264 3794
14264 3783
56168 6341
56168 6424
14264 3892
14264 3829
56168 6974
56168 6374
14264 3792
14264 3712
56168 6345
56168 6452
14264 5296
14264 3690
56168 6441
14264 4244
14264 3701
56168 6509
56168 6362
14264 5052
14264 3767
56168 6459
14264 3705
56168 6464
14264 3715
56168 6372
56168 6520
14264 3797
14264 3814
56168 6370
56168 6767
14264 4378
14264 3712
56168 6433
14264 3723
56168 6395
56168 6411
14264 4544
14264 3708
56168 6424
14264 3822
56168 6356
56168 6397
14264 4285
56168 6394
14264 5031
56168 6566
14264 3693
56168 6517
14264 4826
56168 6508
14264 3790
56168 6821
14264 3728
56168 6401
14264 5242
56168 6381
14264 3971
56168 6417
56168 6405
14264 3935
14264 3690
56168 6364
56168 6684
14264 4112
14264 5063
56168 6389
56168 6383
56168 7291
14264 3890
14264 5089
14264 3639
56168 6399
56168 6434
56168 6557
56168 7037
14264 5368
14264 3858
14264 3882
14264 4643
56168 6384
14264 3687
56168 6677
14264 3647
56168 6657
56168 10767
56168 6537
56168 6419
14264 5135
14264 5295
14264 3719
14264 3818
56168 6380
56168 6414
56168 7606
14264 3855
14264 3825
14264 3675
56168 6388
56168 6421
56168 7418
14264 3796
14264 3748
14264 3648
56168 6372
14264 3793
56168 6367
14264 3696
56168 6352
14264 3685
56168 6459
56168 6378
14264 3958
56168 6681
56168 6458
56168 6431
56168 6400
56168 6527
14264 3803
14264 3837
14264 3671
14264 3851
14264 3796
56168 6372
14264 3746
56168 6392
14264 3664
56168 6426
56168 6409
14264 3931
14264 3825
56168 7011
14264 3697
56168 6476
14264 3681
56168 6385
14264 3645
56168 7023
14264 5130
56168 6403
56168 6415
14264 3809
14264 3655
56168 6431
56168 6498
14264 4131
14264 3684
56168 6355
14264 5032
56168 6391
14264 3666
56168 6472
56168 6448
14264 4350
14264 3631
56168 6438
56168 6573
14264 3859
14264 5467
56168 6350
56168 6432
14264 3632
14264 3688
56168 7402
56168 6399
14264 3686
14264 3659
56168 6425
56168 6416
14264 3725
14264 3649
56168 6434
56168 6523
14264 4067
14264 3690
56168 6384
56168 6430
14264 5422
14264 6048
56168 6405
14264 3656
56168 6466
14264 4702
56168 6395
14264 3750
56168 6408
14264 3681
56168 6401
14264 3814
56168 6367
14264 3715
56168 6666
14264 4262
56168 6415
14264 4121
56168 7040
56168 6462
14264 5102
14264 3669
56168 6402
56168 6371
14264 155
56168 6418
14264 3674
56168 6538
14264 3774
56168 6406
56168 6415
14264 3629
14264 3662
56168 6470
56168 6471
14264 4315
14264 3663
56168 6440
14264 3652
56168 6519
14264 3695
56168 6378
56168 6480
14264 3911
14264 5250
56168 6434
56168 6466
14264 3679
14264 3887
56168 7349
14264 3822
56168 6477
14264 3777
56168 6392
56168 6544
14264 3801
14264 3932
56168 6841
56168 6728
14264 3854
14264 3660
56168 6519
56168 6386
14264 3700
14264 4805
56168 6365
56168 6467
14264 3613
14264 3807
56168 6399
56168 6516
14264 3816
14264 3705
56168 6551
56168 6511
14264 3650
14264 3892
56168 6408
56168 6420
14264 5347
14264 3845
56168 7034
14264 3733
56168 6370
56168 6402
14264 3789
14264 3710
56168 6537
14264 3712
14264 3739
56168 6390
14264 3629
56168 6714
14264 4627
56168 7033
56168 6384
14264 3777
14264 3809
56168 6444
56168 6427
14264 3627
14264 3649
56168 6450
56168 6507
14264 3832
14264 3767
56168 6433
56168 6419
14264 3677
14264 3702
56168 6404
14264 3664
56168 6980
56168 6387
14264 3675
56168 6496
14264 4642
56168 7170
14264 5241
56168 6385
14264 3651
56168 6495
56168 6536
14264 3666
14264 3824
56168 6366
56168 6421
14264 4811
14264 3637
56168 6554
14264 3658
56168 6394
14264 3633
56168 6403
14264 3755
14264 4787
56168 6217
14264 3813
56168 6398
14264 3688
56168 6555
56168 6573
14264 4691
14264 3650
56168 6379
56168 6433
14264 60
56168 6420
56168 6520
14264 3759
14264 4881
56168 6694
56168 6525
14264 3828
14264 3654
56168 6381
14264 3680
56168 6589
14264 6164
56168 6497
14264 5010
56168 6610
56168 6556
14264 3850
56168 6500
14264 3685
56168 7578
14264 3809
56168 6374
14264 4983
56168 6675
14264 4174
56168 7982
14264 4841
56168 6370
56168 6490
14264 4397
14264 3664
56168 6551
14264 3861
56168 6381
56168 6434
56168 6396
14264 5166
14264 4225
14264 3795
56168 6476
56168 6523
14264 3690
14264 4982
56168 6427
56168 6369
14264 3696
14264 3655
56168 6441
14264 3805
56168 6366
14264 3663
56168 6444
56168 6964
14264 5386
14264 3800
56168 6564
56168 6375
14264 4744
14264 3864
56168 6540
14264 3670
56168 6406
14264 3654
56168 6397
56168 6448
56168 6358
14264 907
14264 3715
56168 6576
14264 3665
56168 6929
14264 4369
56168 6934
14264 3638
56168 6545
14264 3662
56168 6484
14264 3660
56168 7497
14264 3793
56168 6386
14264 5064
56168 6905
14264 3663
56168 6866
14264 3679
56168 6920
14264 3819
56168 7881
14264 4529
56168 6562
14264 3749
56168 6393
14264 3649
56168 6936
56168 6478
14264 992
56168 6365
14264 3641
14264 4693
56168 6667
56168 6454
14264 3671
14264 3792
56168 6470
14264 3655
56168 6395
14264 6114
56168 6487
14264 4840
56168 6369
14264 3660
56168 6958
14264 3681
56168 6702
14264 4691
56168 6373
56168 6522
14264 4925
14264 3739
56168 6379
56168 6387
14264 4056
14264 3774
56168 6640
14264 5022
56168 6414
14264 4960
56168 6564
56168 6466
56168 6369
14264 3671
14264 3751
14264 3799
56168 6399
56168 6470
14264 4335
14264 3839
56168 6382
56168 6407
14264 4002
14264 3837
56168 6518
56168 6374
14264 4860
14264 5159
56168 6430
56168 6401
14264 3814
14264 3884
56168 7348
14264 3656
14264 4042
56168 6945
56168 6524
14264 4290
14264 3793
56168 6405
14264 4667
56168 6927
56168 6516
14264 3786
14264 3775
56168 6534
14264 3865
56168 6355
14264 3774
56168 6776
14264 4845
56168 6515
14264 3666
56168 6503
56168 7519
14264 5197
14264 5170
56168 6364
56168 6607
56168 6195
14264 3824
14264 3912
14264 3705
56168 8322
56168 6523
14264 3815
14264 3820
56168 6580
14264 3771
56168 6667
14264 3804
56168 6407
14264 3778
56168 6510
14264 3944
56168 6501
56168 7249
14264 3803
56168 6560
14264 3684
56168 6344
14264 3663
56168 6512
56168 6521
56168 6565
56168 6400
56168 6534
56168 6381
56168 6549
14264 3826
14264 3941
14264 3684
14264 4827
14264 4994
14264 4673
14264 3662
56168 6425
56168 6402
56168 6377
56168 6548
56168 6407
56168 6890
56168 6457
56168 6864
56168 6562
56168 6454
56168 6473
14264 3829
14264 4089
14264 3706
14264 3803
14264 5992
14264 3707
14264 3687
14264 4213
14264 3642
14264 3697
14264 4652
56168 6391
56168 6409
56168 6525
56168 6673
56168 6380
56168 6393
14264 3832
14264 3773
14264 5820
14264 5082
14264 3667
14264 3661
56168 6517
56168 6494
14264 5077
14264 5186
56168 6560
56168 6531
56168 6489
56168 6393
56168 6533
56168 6497
14264 3821
14264 4645
14264 5018
14264 3667
14264 3711
14264 4078
56168 6832
56168 6425
14264 3738
14264 3806
56168 6356
14264 3681
56168 6871
14264 3672
56168 6479
56168 6459
14264 3957
14264 4932
56168 7643
14264 5467
56168 6368
14264 3643
56168 6425
14264 3614
56168 6485
14264 3812
56168 6355
56168 7330
14264 3601
56168 6393
56168 6562
56168 6438
14264 3826
14264 3691
14264 3655
56168 7039
14264 4606
56168 7003
14264 3656
56168 6399
14264 3839
56168 6684
56168 6529
14264 4260
14264 3769
56168 6358
56168 6965
14264 5249
14264 3962
56168 6943
14264 3660
56168 6516
14264 5213
56168 6395
56168 6911
14264 4991
14264 3868
56168 6459
56168 6268
14264 3891
14264 3659
56168 6316
56168 6310
14264 98
56168 6377
14264 3679
56168 6551
56168 6411
14264 3817
14264 3866
56168 7251
56168 6386
14264 3753
14264 3665
56168 6570
14264 3829
56168 6362
14264 3660
56168 6365
56168 6409
14264 4438
14264 5361
56168 6397
14264 3672
56168 6753
14264 4322
56168 6412
14264 3791
56168 6839
14264 3641
56168 6379
56168 6810
14264 5019
14264 3680
56168 6421
14264 3682
56168 6826
56168 7029
14264 5246
14264 4247
56168 6409
56168 6433
14264 3788
14264 3659
56168 6342
56168 6565
56168 6405
56168 6533
14264 3813
14264 3682
14264 3649
14264 6111
56168 7110
56168 6354
56168 6805
56168 6432
14264 3877
14264 3651
14264 3659
14264 3699
56168 6392
56168 6463
14264 4031
14264 3801
56168 6386
14264 3679
56168 6358
14264 3676
56168 6397
14264 3805
56168 6721
56168 6514
14264 3708
14264 3627
56168 6376
56168 6416
14264 4760
14264 5039
56168 6461
56168 6372
14264 3821
14264 4922
56168 6535
14264 4147
56168 6865
14264 3822
56168 6396
56168 6889
14264 5241
14264 3810
56168 6406
56168 6552
14264 3777
14264 3801
56168 6524
14264 3768
56168 6529
56168 6489
56168 9950
14264 5310
14264 3818
14264 4660
56168 6487
14264 3691
56168 6416
56168 6394
56168 6380
56168 6436
56168 6370
14264 3746
14264 4647
14264 4984
14264 3739
14264 3685
56168 6331
14264 3725
56168 7036
14264 3782
56168 6463
56168 6472
14264 3755
56168 6392
14264 3756
56168 6381
14264 3672
56168 6856
56168 6490
14264 3862
56168 7112
14264 4150
56168 6370
56168 6532
14264 3798
14264 3678
56168 6360
56168 6402
56168 6382
56168 6410
56168 6836
14264 3857
14264 4765
14264 5022
14264 3658
14264 4117
56168 6386
14264 3781
56168 6876
14264 3778
56168 6863
14264 3671
56168 6463
14264 3649
56168 6362
14264 3684
56168 6505
14264 3833
56168 6350
56168 6432
14264 3658
14264 3629
56168 6510
56168 6482
14264 3628
14264 3690
56168 6413
14264 3660
56168 6555
56168 6377
14264 4202
14264 3683
56168 6348
56168 6410
14264 3801
14264 3678
56168 6396
56168 6490
14264 3874
14264 3869
56168 7021
56168 6392
56168 6298
14264 3680
14264 3789
14264 3642
56168 6556
56168 4954
56168 6371
56168 6547
14264 3874
14264 3666
14264 3609
14264 6196
56168 6435
56168 6479
14264 3885
14264 3783
56168 6401
14264 3798
56168 6480
56168 6981
14264 3793
14264 4787
56168 6364
56168 6926
14264 5529
14264 3672
56168 6383
14264 3734
56168 6434
14264 3876
56168 7045
56168 6553
14264 3649
14264 3750
56168 6398
56168 6547
14264 4944
14264 4150
56168 6376
14264 3663
56168 6393
56168 6507
14264 3661
14264 3658
56168 6543
56168 6453
56168 6534
56168 6564
56168 6583
56168 6440
14264 3814
14264 3653
14264 3721
14264 3678
14264 3606
14264 3734
56168 6418
14264 3790
56168 6509
14264 3815
56168 6410
14264 5118
56168 6940
56168 6437
14264 3694
14264 3736
56168 6438
56168 6393
14264 3680
14264 3730
56168 6461
14264 3641
56168 6399
14264 3648
56168 6459
14264 3988
56168 6350
56168 6415
14264 3842
14264 3659
56168 6424
56168 6418
14264 3657
14264 3656
56168 7120
56168 6551
14264 3736
14264 3684
56168 6367
14264 3699
56168 6384
14264 5087
56168 7271
14264 5255
14264 4163
56168 6438
14264 3666
56168 6470
14264 5009
56168 6547
56168 6375
56168 6807
14264 93
14264 4056
56168 6390
56168 6995
14264 3577
56168 6389
56168 6434
14264 5189
14264 3696
56168 6558
14264 4828
56168 6424
14264 3638
56168 6355
14264 3715
56168 6426
14264 3673
56168 6393
14264 5067
56168 6509
56168 6580
14264 1663
56168 6834
56168 6421
14264 2076
56168 6505
56168 6545
56168 6413
14264 1204
14264 3665
56168 6525
14264 4074
56168 6401
14264 3651
56168 6396
56168 7683
14264 1116
56168 6644
14264 3671
56168 6405
56168 6488
56168 6684
14264 897
14264 3672
56168 6703
56168 6379
14264 389
56168 6508
56168 7467
14264 1922
56168 6814
56168 7032
14264 249
56168 6523
56168 6953
14264 4952
14264 3566
56168 6417
56168 6388
14264 6218
56168 6414
56168 6377
56168 6406
14264 6143
56168 6386
56168 6909
14264 5073
56168 6339
56168 6870
14264 6570
56168 6569
56168 6449
14264 6145
56168 6465
56168 6552
14264 6393
56168 6598
14264 6357
56168 7225
56168 6493
56168 6405
14264 6156
56168 6682
56168 6472
14264 6205
56168 6496
56168 6927
14264 5193
56168 6402
56168 6774
14264 5168
56168 7749
14264 6221
56168 6461
56168 6828
56168 7021
14264 4972
56168 6387
56168 6432
14264 4978
56168 6422
56168 6845
14264 6662
56168 6402
56168 6869
14264 4977
56168 6909
14264 5087
56168 6368
56168 6431
56168 7189
14264 5599
56168 6391
56168 6362
56168 6840
14264 6569
56168 6423
56168 6396
14264 6024
56168 6400
56168 6778
14264 5038
56168 6430
56168 6395
14264 5370
56168 6478
56168 7006
14264 5366
56168 6409
56168 6502
14264 6249
56168 6441
56168 6478
14264 6321
56168 6404
56168 6895
14264 5191
56168 6481
56168 6439
14264 5236
56168 6367
56168 6997
14264 5225
56168 7519
14264 6097
56168 6587
56168 6857
14264 5135
56168 6387
56168 6920
14264 5289
56168 6592
56168 6413
14264 6128
56168 6837
56168 6419
14264 6233
56168 6379
56168 6871
14264 6617
56168 6528
56168 6499
14264 3638
56168 6418
56168 6498
14264 6042
56168 7178
56168 6751
14264 4928
56168 6406
56168 6380
14264 5175
56168 6428
56168 7129
14264 5024
56168 7067
56168 6460
14264 6086
56168 6837
56168 6470
14264 6316
56168 6415
56168 6378
56168 6916
14264 5072
56168 6510
56168 6418
56168 6425
14264 6251
56168 7164
56168 6518
56168 6402
14264 6134
56168 6557
14264 6430
56168 6533
56168 7042
14264 4949
56168 6389
56168 6370
56168 6593
14264 5120
56168 6522
56168 6382
56168 6423
14264 4772
56168 6425
56168 6838
56168 6925
14264 5082
56168 6591
14264 6417
56168 6391
56168 6396
56168 6879
14264 5046
56168 6851
56168 6915
14264 4901
56168 6648
56168 6381
14264 4857
56168 6571
56168 6447
56168 6373
56168 6471
14264 5444
56168 6569
56168 6492
14264 6182
56168 6436
56168 6562
56168 6791
56168 6411
56168 6401
56168 6380
14264 5373
56168 6406
56168 6446
56168 7128
56168 6501
56168 6709
14264 5058
56168 6532
56168 6368
56168 6617
56168 6398
56168 6388
56168 6492
14264 5380
56168 6381
56168 6491
14264 6323
56168 6376
56168 6705
56168 7092
14264 2029
14264 3798
56168 6524
14264 3753
56168 6390
14264 3769
56168 6824
56168 6907
14264 4959
14264 4647
56168 6583
56168 6422
14264 5451
14264 3656
56168 6995
56168 6431
56168 6386
14264 3754
14264 3697
14264 3690
56168 6411
14264 3774
56168 6421
56168 6599
56168 6472
14264 3633
14264 3669
14264 3795
56168 6764
14264 5113
56168 6357
56168 6383
56168 6481
14264 2869
14264 3629
56168 6408
56168 6396
14264 505
56168 6377
56168 6385
56168 6538
14264 3737
14264 3894
14264 4142
56168 6893
56168 6455
14264 3839
14264 3962
56168 6382
56168 6829
56168 6420
14264 4385
14264 3761
14264 3626
56168 6390
56168 6545
14264 3666
14264 3718
56168 6417
56168 6421
56168 6894
14264 4270
14264 3805
14264 3654
56168 6425
14264 3814
56168 6499
56168 6389
56168 6391
56168 6827
14264 3878
14264 3806
14264 3692
14264 3634
56168 6375
14264 3674
56168 6930
14264 3755
56168 6427
56168 6546
56168 6429
56168 6424
56168 6878
14264 4422
14264 3768
14264 3802
14264 4098
14264 4434
56168 6462
56168 6469
14264 3681
14264 3827
56168 6395
14264 3818
56168 6516
56168 6414
56168 6431
56168 6657
14264 4135
14264 3864
14264 3665
14264 3790
56168 6521
14264 3637
56168 6363
56168 6868
14264 3675
14264 3704
56168 6939
56168 6343
14264 3775
14264 3807
56168 6851
14264 4332
56168 6475
14264 3691
56168 6415
14264 3690
56168 6487
14264 3789
56168 6435
56168 6364
56168 6408
56168 6389
14264 4244
14264 3830
14264 3626
14264 3688
56168 6406
14264 3744
56168 6372
14264 3638
56168 6538
14264 5012
56168 6567
14264 6336
56168 6388
14264 3695
56168 6444
14264 4117
56168 6811
14264 3858
56168 6440
14264 3699
56168 6397
14264 3811
56168 6497
14264 3935
56168 6417
56168 6478
14264 3782
14264 3907
56168 6387
56168 6409
56168 6395
14264 3838
14264 3848
14264 3737
56168 6396
56168 6440
14264 3825
14264 3886
56168 6381
14264 5614
56168 6453
14264 4096
56168 6414
56168 6672
14264 4259
14264 3826
56168 6407
56168 6495
14264 3808
14264 5316
56168 6382
14264 3655
14264 3661
56168 6549
14264 3666
56168 6436
14264 3786
56168 6855
14264 5105
56168 6417
14264 3805
56168 6503
56168 6568
14264 3756
14264 3694
56168 6534
56168 6547
14264 3805
14264 4988
56168 6409
56168 6472
14264 3792
14264 3819
56168 6536
14264 4274
56168 6546
56168 6721
14264 146
56168 6860
56168 6615
14264 3973
14264 3783
56168 6452
56168 6369
14264 3774
14264 3718
56168 6365
56168 6432
14264 3681
14264 3654
56168 6517
56168 6875
14264 650
56168 6404
56168 6447
14264 907
56168 6425
56168 6783
14264 469
56168 6512
56168 6371
14264 3818
14264 3780
56168 6387
56168 6806
14264 805
56168 7006
14264 5006
56168 6481
14264 4689
56168 6415
56168 7384
14264 962
56168 6385
56168 6377
14264 3684
14264 3649
56168 6381
56168 6748
14264 478
56168 6505
56168 6412
14264 144
56168 6370
14264 3632
56168 6367
56168 6792
56168 6394
14264 3693
14264 3796
14264 3797
56168 6912
14264 4964
56168 6372
14264 3869
56168 6854
56168 6894
14264 1006
56168 6425
56168 6458
14264 183
56168 6639
14264 5276
56168 6422
56168 6368
14264 4417
14264 3818
56168 6427
56168 6988
56168 7082
14264 5349
14264 3624
14264 3775
56168 6407
56168 6478
14264 4025
14264 3673
56168 6430
56168 6429
14264 1015
56168 6577
56168 6699
14264 1959
56168 6935
14264 3683
56168 6958
14264 4927
56168 6496
56168 6403
14264 3770
14264 3823
56168 6400
56168 6419
14264 983
56168 6489
56168 7060
14264 2097
56168 6460
56168 6376
14264 486
56168 6447
14264 4943
56168 6972
14264 3684
56168 6473
56168 6370
14264 995
56168 6963
14264 5206
56168 6374
14264 3727
56168 7031
14264 4294
56168 6999
14264 5117
56168 6554
56168 6956
14264 250
56168 6474
14264 6287
56168 6462
14264 4159
56168 7096
14264 5412
56168 6426
56168 6438
14264 1642
14264 3770
56168 6398
56168 6410
14264 1966
56168 6428
14264 3668
56168 6682
14264 5197
56168 6393
14264 3727
56168 6869
14264 3726
56168 7016
56168 6384
14264 57
56168 7349
14264 5559
56168 6408
14264 3637
56168 6532
56168 6700
14264 3437
56168 6399
56168 6371
14264 678
56168 6735
14264 4788
56168 6369
56168 6419
56168 6429
14264 5992
56168 6396
56168 6416
14264 6130
56168 6827
14264 6649
56168 6391
56168 6608
56168 7021
14264 4925
56168 6435
14264 3610
56168 6871
56168 6989
14264 5213
56168 6403
56168 6375
14264 3622
56168 6476
56168 6385
56168 6382
14264 4867
56168 6395
56168 6450
14264 6319
56168 6845
14264 5200
56168 6436
14264 6272
56168 6462
56168 6795
14264 5166
56168 6394
56168 7982
14264 6124
56168 6554
56168 6413
14264 6269
56168 6406
56168 6521
14264 6364
56168 6409
56168 6955
14264 5679
56168 6369
56168 6532
14264 6157
56168 6460
56168 6681
14264 5055
56168 6423
56168 6386
14264 4886
56168 6404
56168 6863
14264 5207
56168 6545
56168 6426
14264 6153
56168 6386
56168 6398
14264 5094
56168 6389
56168 6659
14264 4688
56168 6390
56168 6590
14264 6351
56168 6458
56168 6998
14264 5221
56168 6532
56168 6457
14264 6192
56168 6999
56168 6688
14264 5020
56168 6486
14264 6234
56168 6566
56168 6499
14264 6085
56168 6376
56168 6883
14264 5151
56168 6431
56168 6368
14264 6218
56168 6380
56168 6823
14264 5210
56168 6829
56168 6807
56168 6430
14264 4776
56168 6456
14264 3591
56168 6664
56168 6452
14264 6209
56168 6532
56168 6382
56168 6399
14264 6220
56168 6551
56168 6912
56168 6755
14264 5813
56168 6389
56168 6395
56168 6373
14264 6159
56168 7024
14264 5102
56168 6362
56168 6422
14264 6050
56168 6469
56168 6483
56168 6489
14264 6071
56168 6402
56168 6379
56168 6442
14264 5073
56168 6372
56168 6381
56168 6424
14264 6034
56168 6421
56168 6374
56168 6437
14264 6239
56168 6420
56168 6398
56168 6971
14264 5229
56168 6943
14264 5514
56168 6504
56168 6515
14264 3662
56168 6394
56168 6879
14264 5176
56168 6510
56168 6405
56168 6419
14264 6034
56168 6555
56168 6424
14264 6151
56168 7278
14264 4944
56168 6842
56168 6888
14264 5216
26544 3782
13693 3681
22450 3797
16764 3758
13693 500
16764 3592
16764 3685
65006 4865
44995 4984
44995 3804
59160 3775
59160 4106
44995 4011
64917 4778
65006 4033
65006 7490
64917 9622
64917 6436
64917 6364
64917 6994
64917 3919
65006 3606
65006 3721
26544 4044
13693 3622
22450 4620
16764 4957
59160 3764
41037 3779
23628 3866
64917 3726
65006 6303
65006 6775
6220 5745
44995 3627
64917 3778
64917 6131
65006 3674
23628 3857
41037 3692
6220 4773
29774 4985
22132 3814
30655 4159
60102 3762
10337 3710
26956 3655
38006 3608
5977 3737
40162 3711
43996 4922
47182 4935
14685 3628
54358 3719
7509 3961
52303 3641
35774 3569
14679 4067
1655 3917
51842 3934
45164 3740
25655 4713
19426 5073
13941 3657
31717 3640
27721 3614
23628 3743
41037 3638
6220 3769
13951 3807
17044 3600
7154 4880
60224 4962
49886 4249
13306 3703
54407 4173
29824 3749
16045 3768
59071 3768
11910 4262
26920 3580
37116 4470
41645 5404
59054 3679
54654 3586
35185 4126
1329 3570
32037 3626
27198 3683
15727 3777
19379 3659
38918 4810
19270 3772
49876 4967
40081 3725
31804 3691
10172 3563
23174 3663
20556 3582
26227 3678
2469 3689
61678 4696
29093 3939
22827 4987
44562 3601
11771 3783
55131 3724
55131 4037
42103 818
55131 3760
10999 4703
57039 3870
62205 4922
65304 3919
35792 3786
41146 3776
13190 4037
48006 3616
32395 3619
22574 3811
63533 3643
49020 4432
18311 4088
50071 4938
60315 3682
26668 3808
25640 3819
50233 3753
16278 3623
40858 4011
10139 3631
56218 4084
62505 4800
62523 4270
37946 4972
1083 3734
41867 3613
38974 3690
58599 4109
61668 3786
3301 3640
37180 3714
3901 4705
28784 8971
51162 5980
46984 3601
12908 3771
26683 3818
16927 3644
48773 3714
32617 3831
9785 3719
54926 3615
25145 6116
6912 3595
3216 3800
9870 3621
9517 3745
34006 3822
6042 3596
21560 3661
61668 3652
58599 3643
3301 4652
5977 1415
38006 3596
38006 3699
5977 3715
14987 3639
20348 4273
24607 3714
27629 3765
1763 5960
44734 3723
40705 3997
7192 3675
61668 3598
58599 3610
3301 3727
19948 3706
58394 4179
3074 3633
45572 4652
39277 5030
46086 3620
55785 3633
40965 3590
10732 3722
55546 4309
55546 3606
15690 3583
63249 3652
63249 4721
10093 5093
10093 3570
15690 3632
63249 3594
55546 3702
55193 3659
18368 3787
48028 3668
64180 4117
37764 4620
23189 4941
41146 3651
35792 3612
63533 3612
48006 3581
22574 3656
13190 3666
63533 3594
48006 3632
26668 6184
22574 3664
13190 3609
18311 3594
26668 3790
18311 3703
38545 3718
25640 4064
9537 3803
50071 3720
1812 2321
13166 3755
13166 3618
1812 3723
25640 4080
50071 3699
50233 3629
60315 3635
49020 3626
50233 6008
60315 4228
62505 3624
32395 4017
16278 3640
50233 3639
60315 3687
62505 3783
16278 3781
1083 4798
62523 4992
56218 3595
37946 3673
40858 3737
10139 3610
1083 3628
56218 3965
62523 3780
40858 4885
37946 3800
10139 5071
38974 3762
26683 3634
46984 3627
41867 3624
26683 3622
46984 3647
38974 3775
41867 3602
35694 3627
43963 582
35694 4071
56168 1935
14264 3606
14264 3722
56168 4056
11024 4648
55771 3810
59720 5328
48635 3654
32617 3667
48773 3622
25926 3752
40053 3759
9870 3793
54926 5973
25145 3697
9785 3567
21560 3698
6042 3590
21560 3629
6042 3589
27280 3594
46400 3864
41146 4045
35792 4996
26493 3594
24658 5121
16236 4276
1365 3635
33525 3699
30754 3807
26871 4209
49864 3647
37870 3616
44522 3635
49020 3619
32395 4587
28137 4937
15773 3803
36283 3577
50486 3635
51162 3703
51162 3980
28784 3641
28784 3832
51162 4621
16927 246
12908 3684
12908 3577
16927 3637
32617 3784
48773 3667
9870 3577
25145 6084
54926 5364
9785 3935
20348 3818
14987 3612
44995 4918
59160 3971
65006 3893
64917 3826
27198 1645
27198 6818
19379 1883
19379 3598
19379 3646
19379 6051
27198 3750
19379 6286
19379 3770
27198 3587
19379 4663
27198 5054
19379 3584
44995 3680
44995 3690
44995 4829
50071 1551
60315 3613
60315 3756
16278 3604
16278 3586
6042 432
40858 1304
10139 3604
10139 3623
56218 4574
56218 5118
13190 4177
13190 4087
48006 3622
48006 3620
18311 3661
18311 3636
41867 3613
41867 3686
46984 1732
25145 1926
9785 3614
9785 3799
35792 483
32395 3594
32395 3833
14987 3738
14987 3653
48773 4653
48773 5164
59160 3788
59160 4007
59160 3660
59160 3625
41146 3632
35792 4055
1083 3606
56218 3711
21560 4610
6042 3869
38974 5362
41867 3606
63533 3749
48006 3593
37946 3611
10139 4067
25640 3611
50071 3600
62523 3693
40858 4618
44995 3624
26683 4987
46984 3744
26668 3625
18311 3653
50233 3705
60315 3748
62505 3652
16278 3605
9870 3770
25145 4071
32617 4571
49020 5137
48773 3739
32395 3802
54926 3724
9785 3659
22574 3787
13190 3594
59160 6084
16704 3778
48449 3682
44995 4078
63809 3635
22132 4980
16704 3643
48449 3639
63809 4081
57039 3735
40162 3696
43996 3655
47182 3645
35774 3643
14685 4691
51842 5096
54358 4022
7509 3715
52303 3708
14679 3631
1655 3849
45164 3667
25655 3632
19426 3643
13941 4699
31717 4980
27721 3732
13951 3651
17044 3669
7154 4153
60224 3633
49886 3666
13306 3615
54407 3777
16045 3609
59071 6043
29824 4026
11910 3663
26920 3636
37116 3660
48449 3640
16704 3619
63809 3648
41645 3632
59054 4778
54654 5025
1329 3724
15727 3764
32037 3715
35185 3788
38918 3753
19270 3617
49876 4123
40081 3652
10172 3669
23174 4786
31804 5022
20556 3610
26227 3660
29093 3597
22827 3787
44562 4068
11771 3644
62205 3697
65304 3630
37180 4631
3901 4995
6912 3636
3216 3747
9517 3624
34006 3648
13888 3769
57945 513
7768 3716
13888 4684
7768 5988
24607 3588
27629 3710
1763 3568
44734 3655
40705 4088
7192 3639
19948 5953
58394 4009
45572 3990
3074 3711
27085 3846
39277 3818
46086 3724
55785 4066
40965 3758
10732 3811
18368 4219
18368 3623
18368 4737
55193 4999
55193 3628
18368 3621
57945 3696
13888 4036
7768 4029
48028 3722
64180 3752
37764 3740
23189 4608
38545 5113
9537 3759
11024 4029
1329 3610
15727 3688
1329 3593
1329 4585
15727 4026
65006 4931
64917 3713
27198 3805
19379 3756
44995 3629
59160 3855
44995 3631
44995 4659
44995 5095
59160 1493
59160 3598
59160 3670
44995 4062
59160 6088
58132 3777
7957 3762
44995 3767
27412 3779
51175 3688
22502 4200
58132 3609
7957 4593
7957 7262
58132 5787
30655 5071
60102 4716
26596 5088
27412 3717
27412 7031
10337 4351
29774 3588
26956 3673
22502 3649
51175 4046
22502 7348
51175 7209
51175 6408
51175 6421
58132 3773
7957 3741
58132 1080
7957 4696
7957 5118
26596 3603
26596 7830
26596 6399
26596 4802
27412 4028
27412 5104
22132 3625
22502 4794
22502 5468
7957 4851
7957 3805
22502 3788
22502 6122
51175 811
7957 3628
58132 3647
58132 4900
44995 5122
44995 3740
59160 4044
59160 3791
44995 3658
26596 6172
26596 3775
27412 3632
59160 3710
7957 6379
22502 3645
44995 3598
22502 3626
22502 6366
22502 6419
22502 6453
22502 6441
7957 6254
22502 7127
22502 6517
22502 6360
22502 6568
22502 6538
22502 6413
7957 4807
40162 3708
43996 3804
22502 6386
22502 6687
22502 6407
22502 6831
22502 6383
22502 6385
22502 6405
7957 5423
22502 6503
22502 7051
7957 5112
44995 3638
44995 6082
44995 3634
44995 3733
7957 6109
59160 5316
59160 3664
59160 3625
44995 3717
22502 3613
22502 6465
22502 7003
22502 6582
7957 5042
22502 6407
22502 6442
22502 6380
22502 6862
22502 6580
22502 6388
22502 3760
22502 4626
7957 3574
59160 5139
22206 3760
4798 3779
61119 4783
64188 5114
1725 3635
17085 3650
12180 4493
22206 3804
49040 3636
64188 3766
22206 7103
20373 3699
57236 3658
61119 3668
4798 4604
64188 7027
4798 5410
57233 3746
17085 4682
61119 6983
17085 5386
12177 3662
1725 4625
1725 6827
44995 4850
12180 4925
49040 3593
20373 3760
57236 3603
57233 3622
12180 7487
12180 6465
12180 3831
12177 3712
22206 3623
49040 7323
49040 6544
49040 4775
64188 5083
57236 7443
57236 6431
57236 6117
4798 3609
57233 7302
57233 6692
57233 5500
17085 3619
20373 7365
20373 6393
20373 3774
61119 3794
12177 8141
12177 6807
12177 4734
1725 3610
22206 5541
64188 3720
4798 3726
17085 3715
61119 6085
1725 3848
64188 3679
4798 3775
17085 3627
61119 3626
1725 3680
22206 6493
22206 3764
22206 3678
22206 4688
22206 5258
22206 3720
22206 3794
12180 6228
12180 3790
22206 3602
22206 3696
49040 6241
49040 3669
64188 3765
64188 3657
57236 6177
57236 3664
4798 825
57233 3777
17085 4763
57233 4958
17085 3705
20373 3818
20373 4649
61119 8
49040 3588
64188 3667
12180 3669
57233 3610
17085 3600
12180 3572
20373 4084
61119 3557
57236 5902
4798 3618
12180 3661
12177 3752
1725 3637
12177 3622
1725 3581
12180 6456
12180 6856
22206 5203
12180 6440
12180 6389
12180 6327
12180 5167
22206 3740
12180 6924
22206 3623
44995 5964
12180 6529
12180 6415
12180 6810
12180 6675
22206 5174
12180 6379
12180 6409
12180 6990
12180 6423
22206 6224
12180 6529
12180 6385
12180 6573
12180 6332
12180 6367
12180 6507
12180 6445
12180 6749
12180 6365
22206 5049
12180 6415
12180 6578
12180 6413
22206 4861
12180 6565
12180 6443
22206 6084
12180 6425
12180 7070
22206 6915
12180 6376
12180 6395
12180 6793
22206 5327
12180 6404
22206 3748
12180 6421
12180 6349
12180 6366
12180 6388
12180 6957
22206 4920
12180 6557
12180 6820
12180 6430
22206 6265
12180 6386
12180 6407
12180 6857
12180 6371
22206 6213
12180 6447
12180 6931
22206 5199
12180 6543
12180 6418
12180 6373
12180 6406
12180 6454
12180 6590
12180 7236
12180 6416
12180 6443
12180 7030
22206 5217
12180 6410
12180 6900
22206 5220
12180 6518
12180 6393
12180 6509
12180 6819
12180 6455
12180 6929
22206 5087
12180 6398
12180 6479
12180 6490
12180 6517
22206 6172
12180 6560
12180 6360
12180 6427
12180 7651
22206 6019
12180 6485
12180 6828
22206 4920
59160 4864
35774 3734
51842 5106
22206 3675
12180 6858
12180 6739
22206 6594
12180 6494
12180 6418
12180 6363
12180 6393
12180 7236
22206 5271
12180 6401
12180 6419
12180 6420
12180 6847
12180 6782
22206 5217
12180 6427
12180 6113
12180 6482
12180 6645
12180 6801
12180 6473
22206 6158
12180 6393
12180 6426
22206 6231
7957 5037
22206 3736
44995 3692
44995 4732
22206 5051
22206 3703
22206 3728
22206 4656
7957 6034
22206 3684
22206 3712
22206 3864
44995 5982
44995 3815
22206 3819
22206 4657
22206 5042
22206 3781
22206 3811
22206 6049
22206 3792
22206 3824
22206 3701
22206 6027
22206 3696
22206 3677
22206 4773
22206 5388
22206 3745
12180 6411
12180 6472
12180 6413
12180 6394
22206 6169
12180 6391
12180 6465
12180 6375
12180 6396
12180 6496
12180 6968
12180 7020
22206 5093
12180 6468
12180 6387
12180 6360
12180 6512
12180 7029
22206 5575
12180 6489
12180 6713
22206 5073
12180 6482
12180 6391
12180 6486
12180 6411
12180 6390
12180 6421
22206 5104
12180 6417
12180 6411
22206 6236
12180 6401
12180 6402
12180 6422
12180 6392
12180 6386
12180 6484
12180 6559
12180 7065
22206 4930
12180 6413
12180 6909
12180 6368
12180 6372
12180 6813
12180 6510
22206 6082
22206 3706
22206 6010
22206 3719
59160 3627
59160 3645
59160 3690
59160 6266
44995 4840
22206 3861
22206 4788
22206 5352
22206 3883
12180 377
59160 3721
59160 4680
12180 1654
12180 2310
22206 3786
22206 3695
22206 3693
22206 6111
44995 4113
44995 3745
12180 4114
12180 6697
22206 5052
12180 6459
12180 6432
12180 6446
12180 6769
22206 5037
12180 6418
12180 6388
12180 6380
12180 6391
12180 6387
12180 6525
12180 6395
12180 7056
22206 4954
12180 6452
12180 6504
12180 6395
12180 6538
12180 6392
22206 5262
12180 6563
22206 4880
12180 7172
22206 4928
12180 6445
12180 6479
22206 5417
12180 6377
12180 6417
12180 7344
12180 6954
22206 4944
12180 6405
12180 6587
12180 6653
12180 6978
22206 5232
12180 6417
22206 6237
12180 6815
12180 6380
12180 7207
22206 5629
12180 6402
12180 6522
12180 6414
12180 6846
12180 6395
12180 1620
22206 6118
12180 3599
12180 4072
59160 3642
12180 3614
12180 6426
12180 6366
12180 6577
12180 6405
12180 6380
12180 6851
12180 7068
22206 6863
12180 6382
22206 6209
12180 6368
12180 6375
12180 6948
22206 4970
12180 6396
12180 6404
12180 6590
12180 6402
12180 6534
12180 6533
12180 6451
12180 6424
22206 6118
12180 6378
12180 7072
22206 5013
12180 6355
12180 6390
12180 6362
12180 6474
12180 6422
12180 6407
12180 6402
12180 6388
22206 5057
12180 6385
12180 6403
12180 7013
12180 6401
12180 6519
12180 6505
22206 5292
12180 6574
12180 6382
12180 6487
12180 6445
12180 6728
22206 5461
12180 6614
22206 5100
47182 3635
12180 6451
12180 6393
12180 6358
12180 6406
12180 7182
22206 5315
12180 6489
12180 6372
12180 6543
12180 6846
12180 6419
12180 6542
12180 6539
12180 6689
12180 6402
12180 6412
22206 3640
12180 6969
12180 6407
12180 6361
12180 6359
12180 6427
12180 6998
22206 4952
12180 6432
12180 6410
12180 6395
22206 6230
12180 6414
12180 6587
12180 6536
12180 6943
22206 5471
12180 6480
22206 6081
12180 6412
12180 6435
12180 6456
22206 3729
12180 6422
12180 6522
12180 6820
12180 6379
12180 6675
12180 6473
22206 6037
12180 6525
12180 6552
22206 6182
12180 6835
12180 6435
12180 6393
12180 6384
12180 6479
22206 5012
14685 3617
44995 3634
12180 6515
12180 6408
12180 6393
12180 6340
12180 6436
12180 6389
12180 6521
22206 3650
12180 6371
12180 6535
22206 6263
12180 7099
12180 6411
12180 6479
12180 6515
12180 6382
12180 6390
12180 6385
12180 6409
22206 6102
12180 6533
12180 6645
12180 6407
12180 6935
22206 6769
12180 6494
12180 6400
12180 6399
22206 5364
12180 6510
22206 6068
12180 6596
12180 6386
12180 6391
12180 6600
22206 6070
12180 6416
12180 6454
22206 6170
12180 6492
12180 6409
22206 6240
12180 6399
12180 6387
12180 6348
12180 6394
12180 6391
12180 6408
12180 6779
12180 6942
22206 5183
12180 6400
12180 6759
12180 6346
12180 6412
12180 7010
12180 6550
12180 6369
12180 6398
12180 6635
22206 5050
12180 6651
22206 4265
12180 6397
12180 6447
12180 6401
12180 6372
12180 6397
12180 6390
12180 6379
12180 7126
12180 6806
22206 5038
12180 6466
12180 6370
12180 6418
12180 6500
22206 6285
12180 6572
12180 9402
12180 6418
12180 6380
12180 6399
12180 6544
12180 6409
12180 6390
12180 6845
22206 6252
12180 6952
12180 6398
12180 6652
22206 6280
12180 6971
22206 5071
12180 6817
12180 6408
12180 6510
12180 6357
12180 6404
12180 6424
12180 6442
12180 6962
22206 5044
12180 6435
12180 6423
12180 6394
12180 6506
12180 6863
12180 6821
12180 6444
12180 6374
22206 6205
12180 6521
12180 6446
22206 6066
12180 6481
12180 6394
22206 6110
12180 6458
12180 6833
12180 6373
12180 6625
22206 5451
12180 6591
12180 6430
12180 6930
22206 5132
12180 6420
12180 6373
12180 6815
12180 6424
22206 6071
12180 6529
12180 6412
12180 6701
12180 6375
22206 4841
12180 6382
12180 6352
12180 6470
12180 6994
22206 4973
12180 6389
12180 6747
12180 6411
12180 6385
22206 5107
12180 6576
12180 6389
12180 6414
12180 7030
12180 6377
12180 6452
22206 4871
12180 6531
12180 6366
12180 6415
12180 6402
12180 6421
12180 6549
12180 6373
12180 6984
22206 5090
12180 6818
12180 6447
12180 6501
12180 6395
12180 6366
12180 6535
12180 6550
12180 6413
22206 6207
12180 6409
12180 6443
12180 6403
12180 6381
12180 6417
12180 6392
12180 6506
22206 6337
12180 6562
12180 6557
12180 6921
12180 6418
12180 6954
22206 5193
12180 6406
12180 6462
12180 6431
12180 6883
22206 4913
12180 6381
12180 6398
12180 6359
12180 6403
12180 6391
22206 3586
12180 6383
12180 6654
12180 6376
12180 6394
12180 6386
12180 6499
12180 6385
12180 6530
22206 4701
12180 6516
12180 6571
12180 6431
12180 6532
12180 6388
12180 6459
12180 6393
12180 6522
22206 6081
12180 6957
12180 6794
12180 6804
22206 6623
12180 6501
12180 6452
12180 6531
12180 6394
12180 6418
12180 6389
12180 6859
12180 6413
12180 6784
22206 5084
12180 6593
12180 6393
12180 6419
12180 6429
12180 6597
12180 6594
12180 6685
12180 6884
22206 4912
12180 6511
12180 6426
12180 6845
12180 6859
12180 6505
12180 6404
12180 6744
12180 6382
22206 4894
12180 7076
12180 6787
12180 6378
12180 6427
12180 6390
12180 6477
12180 6356
12180 6376
12180 6949
22206 4924
54358 3696
12180 6458
12180 6549
12180 6390
12180 6384
12180 6462
12180 6341
12180 7580
22206 6287
12180 6394
12180 6377
12180 6374
12180 6539
12180 6367
12180 6392
12180 6498
12180 6917
22206 5188
12180 6441
12180 7208
12180 6421
12180 6377
12180 6400
12180 6408
12180 6415
22206 4856
12180 6416
12180 6440
12180 6449
12180 6506
12180 6390
12180 6407
12180 6409
12180 6984
22206 5100
12180 6403
12180 6380
12180 6406
12180 6400
12180 6395
12180 6346
12180 6374
12180 6423
12180 6495
22206 6179
12180 6412
12180 6373
12180 6584
12180 6390
12180 6381
12180 7017
12180 6877
22206 4903
12180 6542
12180 6838
12180 6406
12180 6402
12180 6401
12180 6497
12180 6558
12180 7015
22206 4964
12180 6481
12180 6387
12180 6828
12180 6892
12180 6548
12180 6562
12180 6563
12180 6399
22206 6042
12180 6437
12180 6379
12180 6371
12180 6390
12180 6403
12180 6490
12180 6845
12180 6430
22206 6119
12180 6440
12180 6411
12180 6903
12180 6457
12180 6398
12180 6386
12180 6381
12180 6635
22206 5051
12180 6375
12180 6391
12180 6432
12180 6475
12180 6383
12180 6509
12180 6411
12180 6933
22206 5175
12180 6403
12180 6826
12180 6382
12180 6389
12180 6473
12180 6358
12180 6533
12180 6823
22206 5188
12180 6374
12180 6401
12180 6411
12180 6486
12180 6382
12180 6538
12180 6852
12180 7363
22206 5422
12180 6418
12180 6436
12180 6463
12180 6417
12180 6470
12180 6487
12180 6484
12180 6381
12180 6375
22206 4468
12180 6391
12180 6379
12180 6419
12180 6556
12180 6417
12180 6446
12180 6445
12180 6799
22206 5366
12180 6391
12180 6357
12180 6435
12180 6399
12180 6497
12180 6517
12180 6820
12180 6687
22206 5159
12180 6437
12180 6429
12180 6979
12180 6368
12180 6391
12180 6436
12180 6643
22206 5036
12180 6386
12180 6489
12180 6405
12180 6384
12180 6474
12180 6421
12180 6375
12180 6640
22206 5048
12180 6406
12180 6558
12180 6365
12180 6381
12180 6417
12180 6342
12180 6382
12180 6398
12180 6437
22206 6227
12180 6459
12180 6511
12180 6484
12180 6385
12180 6363
12180 6480
12180 6782
12180 6816
22206 5103
12180 6432
12180 6452
12180 6450
12180 6827
12180 6522
12180 6560
12180 6830
12180 6906
22206 5196
12180 6406
12180 6419
12180 6377
12180 6417
12180 6400
12180 6392
12180 6702
12180 6922
22206 4929
12180 6402
12180 6667
12180 6845
12180 6406
12180 6381
12180 6565
12180 6513
12180 6413
22206 4907
12180 6424
12180 6505
12180 6885
12180 6507
12180 6400
12180 6556
12180 6407
12180 6875
12180 6410
22206 3594
12180 6428
12180 6510
12180 6432
12180 5093
12180 6446
12180 6524
12180 6366
12180 6908
22206 5081
12180 6423
12180 6399
12180 6510
12180 6409
12180 6371
12180 6523
12180 6390
12180 6356
12180 6367
12180 6400
12180 6401
12180 6383
12180 6395
12180 6802
12180 6911
22206 5729
12180 6370
12180 6396
12180 6489
12180 6424
12180 6431
12180 6379
12180 6355
12180 6952
22206 5182
12180 6375
12180 6397
12180 6393
12180 6398
12180 6384
12180 6370
12180 6456
12180 6408
22206 5499
12180 6535
12180 6453
12180 6457
12180 6372
12180 6575
12180 6825
12180 6822
12180 6546
12180 7056
22206 6759
12180 6495
12180 6411
12180 7002
12180 6384
12180 6833
12180 6404
12180 6346
22206 3647
12180 6393
12180 6513
12180 6386
12180 6395
12180 6842
12180 6398
12180 6413
22206 4981
12180 6394
12180 6573
12180 6388
12180 6416
12180 6807
12180 6490
12180 6417
12180 6362
22206 6205
12180 6889
12180 6397
12180 6545
12180 6501
12180 6378
12180 6452
12180 6420
12180 7027
22206 5551
12180 6544
12180 6388
12180 6412
12180 6386
12180 6401
12180 6384
12180 6405
12180 6731
22206 5161
12180 6362
12180 6522
12180 6517
12180 6686
12180 7144
12180 6381
12180 6371
12180 6370
12180 6873
22206 1006
22206 3721
22206 1293
22206 3662
12180 6526
12180 6446
12180 6438
12180 6543
12180 6395
12180 6449
12180 7584
12180 6375
22206 913
22206 3906
22206 1470
22206 3875
22206 3938
22206 3672
12180 6378
12180 6491
12180 6864
22206 237
22206 3655
52303 4723
7509 5168
14679 3752
1655 3791
45164 3713
12180 7157
22206 4126
12180 6865
22206 4503
12180 6511
12180 6433
12180 6609
12180 6532
12180 7170
22206 5456
22206 3844
22206 1102
22206 4699
12180 6404
12180 6676
12180 6553
12180 6574
12180 6430
12180 6345
12180 6395
12180 6465
22206 1334
22206 3813
22206 3884
22206 3895
22206 3678
22206 3628
22206 4753
12180 6365
12180 7114
12180 6409
12180 6692
12180 6696
12180 6625
12180 6779
22206 74
22206 2034
22206 3878
22206 3667
22206 3827
22206 5701
12180 6509
12180 6395
12180 9864
12180 6576
12180 6713
12180 6565
12180 6580
22206 4332
22206 3933
22206 3846
22206 3628
22206 4881
22206 2284
12180 6439
12180 6692
12180 6364
12180 6370
12180 6536
12180 8086
12180 6673
12180 6641
22206 1115
22206 3698
22206 3683
22206 3830
22206 351
22206 5137
12180 6649
12180 8841
12180 6601
12180 6502
12180 7029
12180 6475
12180 6768
12180 6387
22206 765
22206 121
22206 4141
22206 3694
22206 730
22206 786
12180 6507
12180 6526
12180 6446
12180 6583
12180 6405
12180 6836
12180 6574
12180 6558
22206 2043
22206 3823
22206 3728
22206 3666
22206 1246
22206 4698
12180 6704
12180 8252
12180 6851
12180 6495
12180 6473
12180 6883
12180 6478
12180 7378
22206 247
22206 298
22206 670
22206 595
22206 877
12180 6668
12180 6591
12180 6558
12180 6578
12180 6930
12180 6613
12180 6706
12180 7185
22206 1188
22206 3814
22206 3867
22206 3691
22206 3708
22206 3835
22206 3752
25655 4911
7957 7455
59160 5050
44995 5303
59160 4046
44995 3699
13941 3844
19426 4911
59160 5903
44995 5171
35863 3957
63510 3936
1047 3872
16407 3837
22206 6381
31717 4099
12180 3866
22502 3979
48150 3864
22502 6814
7957 6996
42001 4485
35863 3876
35863 7341
62482 3986
16407 3693
1042 3821
1047 3829
1047 7260
16407 6781
37907 3674
63510 3821
63510 6404
26641 5878
27721 4217
25619 3890
48150 3910
48150 7248
22502 6928
22502 6691
7957 1948
42001 3761
42001 12068
42001 6635
42001 6992
35863 5498
35863 4890
35863 5158
63510 3779
1047 3724
16407 3657
48150 3704
35863 6264
35863 4203
35863 3970
35863 3787
35863 3700
35863 6143
62482 3881
1042 3659
62482 7879
16407 6591
62482 6468
62482 6577
1042 9955
16407 8038
1047 5442
1042 6612
1042 6740
1047 995
37907 3631
37907 7449
63510 5934
37907 6502
37907 6554
63510 452
21531 4506
26641 3661
13951 3773
12180 1126
22206 4033
22502 6399
22502 6478
7957 4507
7957 5130
22502 6620
22502 7454
7957 792
25619 3685
25619 7811
25619 6404
25619 8663
48150 2466
48150 5601
42001 3775
42001 4333
35863 3856
42001 4597
35863 5285
42001 1447
25619 3784
48150 4033
42001 6375
42001 7279
35863 5416
42001 6424
42001 6463
35863 3884
42001 6253
42001 6305
35863 3735
62482 3748
1042 3819
16407 3862
1047 3652
37907 4779
63510 4563
22502 6683
22502 6395
7957 5075
7957 3710
22502 8646
22502 6569
22502 7190
7957 908
7957 6258
7957 3728
17044 3709
7154 4348
60224 3616
49886 4208
42001 4640
22206 5015
22206 3878
22206 3696
22206 4903
22206 5254
12180 3794
12180 6663
12180 6287
12180 3750
22206 3584
12180 3893
12180 3628
22206 3713
12180 6450
22206 6276
12180 6535
22206 6216
12180 6820
12180 6713
12180 8098
12180 6416
12180 6489
12180 6548
12180 6495
12180 6787
22206 4973
12180 7064
22206 5257
12180 6520
12180 6669
12180 6789
22206 5195
12180 6488
12180 6986
22206 5120
12180 6405
22206 5066
13306 4029
12180 6398
22206 3608
12180 6483
12180 6514
12180 6598
12180 6689
12180 6418
22206 4346
12180 6453
12180 6658
22206 5196
12180 6664
22206 5065
12180 7939
12180 6719
22206 5059
12180 6934
12180 6396
12180 6808
22206 5162
12180 6782
12180 6384
12180 6485
12180 6459
22206 6188
12180 6476
12180 6440
12180 6411
12180 6894
22206 5084
12180 6504
12180 6896
22206 5451
12180 6396
12180 7062
12180 6531
12180 7506
12180 6560
12180 6484
12180 6411
12180 7006
22206 5236
12180 6523
12180 6390
12180 6618
12180 7999
12180 6389
12180 6559
12180 6393
12180 6519
22206 6324
54407 3844
22502 6828
22502 6881
7957 1532
22502 6442
22502 6408
22502 6439
22502 6368
22502 6519
7957 2727
7957 3657
7957 3607
12180 6437
12180 7107
22206 6806
12180 6486
12180 6625
22206 5031
12180 6836
22206 4230
12180 6610
12180 6395
12180 6387
12180 6576
12180 7071
12180 7016
22206 5116
12180 6623
12180 6450
12180 6356
12180 6954
22206 5095
12180 6392
12180 6491
12180 6404
22206 6032
12180 6600
22206 3808
12180 6399
12180 6410
22206 5995
12180 6382
12180 7571
22206 6048
12180 6375
12180 6395
12180 6478
12180 6864
22206 5196
12180 6388
12180 6521
12180 6695
12180 6445
12180 6708
22206 5089
12180 6421
12180 8111
22206 7864
12180 6411
12180 6457
12180 7098
12180 6451
12180 6390
12180 6542
12180 6512
12180 6500
22206 6082
12180 6413
12180 6591
12180 6564
12180 6437
12180 6465
12180 6419
12180 6399
12180 6883
22206 6451
12180 6437
12180 6346
12180 6404
12180 6369
12180 6713
12180 6376
12180 6487
12180 6399
22206 5490
12180 6417
12180 6545
12180 6834
12180 7393
12180 6390
12180 6410
12180 6604
12180 6758
22206 4948
12180 6403
12180 6387
12180 6424
12180 6425
12180 6417
12180 6563
12180 6407
12180 6374
12180 7498
22206 5899
12180 6396
12180 6541
12180 6404
12180 6432
22206 5060
12180 6412
12180 6726
12180 6402
12180 6442
12180 6423
22206 6268
12180 6486
22206 3819
12180 6373
12180 7066
22206 5600
12180 7408
12180 6382
12180 6790
12180 6812
12180 6387
12180 6392
12180 6428
12180 6496
12180 6396
22206 6109
12180 6404
12180 6658
12180 6508
12180 6414
12180 6362
22502 6118
22206 3572
22502 3648
12180 6370
22206 4833
12180 6371
12180 6352
12180 6675
22206 5025
12180 6516
12180 6407
22206 5249
12180 6390
12180 6355
12180 6361
12180 6890
22206 4952
12180 6923
22206 6746
12180 6521
12180 6526
12180 6504
12180 6499
12180 6564
12180 6808
12180 6379
22206 6219
12180 7519
22206 4971
12180 6477
12180 6459
12180 6416
12180 6422
12180 6586
12180 6393
12180 6415
12180 6371
22206 6109
12180 6404
12180 6491
12180 6392
12180 6366
22206 6059
22502 6579
22502 6376
22502 6417
22502 6381
22502 6554
7957 5077
22502 7217
22502 6377
22502 6844
7957 5233
22206 4678
12180 10379
22206 8451
22502 6634
22502 6404
22502 6416
22502 6436
22502 6411
22502 6383
22502 6488
22502 6655
7957 5694
16045 3740
59071 3749
22206 4684
22206 5059
35863 3642
35863 4135
35863 3634
35863 4703
35863 5032
35863 3816
35863 3818
35863 3635
35863 6053
35863 3800
35863 3678
35863 3696
35863 4174
35863 4650
35863 5047
35863 3723
35863 3660
35863 3676
35863 6522
35863 3721
35863 3672
44995 3688
44995 6069
12180 3754
22206 3701
12180 6102
59160 3787
59160 3758
22206 3699
7957 4851
12180 6806
12180 6603
22206 6347
12180 6400
12180 7952
22206 6165
12180 6382
12180 6411
12180 6367
12180 6413
12180 5493
22206 3593
12180 3418
22206 4310
44995 3603
29824 3729
42001 1233
42001 1917
42001 3607
42001 3639
42001 3793
42001 3617
42001 3796
42001 3643
42001 4883
42001 5172
42001 3846
42001 1439
42001 3644
42001 3645
42001 3690
42001 1080
42001 3742
42001 6379
42001 6835
35863 5034
42001 6189
42001 6238
35863 5048
42001 6168
42001 6411
35863 5379
42001 6904
42001 6231
35863 3610
42001 6236
42001 6249
35863 5394
22502 3597
22502 6101
26920 3611
7957 3568
37116 3910
22827 1044
22827 5136
29093 3598
29093 3641
22827 3592
11910 4551
42001 6381
42001 6377
42001 6817
35863 5210
42001 6385
35863 5116
42001 6391
35863 6215
22206 5151
12180 6289
12180 1352
22206 5051
22206 5735
44995 3782
44995 4192
12180 6086
59160 3597
59160 3650
59160 3850
44995 4743
22206 4992
41645 3634
59160 3744
42583 3765
23126 3877
59054 3713
44995 4682
54654 4969
32037 3651
11863 3824
19270 29117
38918 27926
51950 24289
23126 19195
23279 12142
42583 7248
23126 7172
42583 6359
49876 3725
35185 3821
44995 4776
44995 5058
44995 3841
44995 3739
7957 6608
59160 4047
59160 3639
59160 3643
59160 3640
44995 3729
64236 3822
11863 4081
11863 7549
51950 4801
23279 4574
51950 8373
51950 6393
51950 6241
23126 4670
23279 7522
23279 6401
23279 6382
42583 4096
23126 5566
42583 998
23126 4774
23126 5139
23126 5100
23126 5040
23126 3795
10172 3633
22502 6391
22502 6401
22502 6422
7957 6257
22502 6937
22502 6413
22502 6366
22502 6389
22502 6500
22502 6404
22502 6391
7957 6105
23174 3809
40081 3755
59160 6195
4026 4120
64236 3600
64236 7263
64236 6652
64236 6297
11863 3624
11863 3726
49225 3786
4026 3688
4026 6990
49225 3581
44995 5261
49225 7231
49225 6397
49225 6215
4026 4096
4026 3752
4026 3681
4026 6135
51950 3743
51950 6052
23126 4631
23126 3723
51950 3790
23279 1083
42583 5009
42583 3718
51950 3639
51950 4050
23126 3909
51950 1282
23126 3639
49225 6160
49225 3678
49225 3784
4026 3679
4026 4627
51950 6524
23126 6391
59160 5121
22206 3738
22206 4687
22206 5044
22206 3726
22206 3693
22206 3672
22206 6036
22206 3690
22206 3678
22206 3708
22206 4244
22206 6040
22206 3676
22206 3683
22206 4677
22206 5009
22206 3682
22206 3831
22206 3700
22206 4662
22206 5490
22206 3658
22206 3661
22206 4678
22206 5001
22206 4121
49225 3598
51950 6344
51950 3643
23126 3582
12180 3608
12180 3586
12180 3660
12180 178
12180 6389
12180 6441
12180 6403
12180 6821
22206 5175
12180 6556
12180 7547
12180 6660
12180 6383
12180 3780
22206 3606
12180 6520
12180 6486
12180 6416
22206 6189
12180 6449
12180 6505
22206 5407
12180 6390
12180 6557
22206 6126
12180 6400
12180 6554
22206 6133
12180 6402
12180 6467
22206 4900
44995 4597
12180 6933
22206 5064
12180 6398
12180 6412
12180 6458
12180 6742
12180 6429
22206 6049
12180 6423
22206 4995
12180 6841
12180 6370
12180 6411
12180 6399
22206 4879
12180 6392
12180 6432
12180 6378
12180 6473
12180 6419
12180 6559
12180 6410
12180 6950
22206 5153
12180 6471
12180 6375
12180 6378
12180 6794
12180 6422
12180 6387
12180 6397
12180 6415
22206 6074
12180 6464
12180 6401
12180 6440
12180 6714
12180 6415
12180 6374
12180 6729
12180 6860
22206 5247
12180 7010
12180 6490
12180 6445
12180 6357
12180 6413
22206 5407
22502 6402
22502 6535
22502 6469
22502 6436
7957 5389
22502 6353
22502 6391
22502 6396
22502 6326
22502 6454
22502 7069
7957 5368
12180 6409
12180 6433
22206 6207
12180 6381
12180 6389
12180 6373
12180 6413
12180 6434
12180 6864
22206 5212
12180 6390
12180 6419
12180 6506
12180 6460
22206 6268
12180 6968
22206 6559
12180 6444
12180 6929
22206 4932
12180 6410
12180 6392
12180 6394
12180 6360
12180 6433
12180 6786
22206 5147
12180 6878
12180 7787
22206 7634
12180 6403
12180 6569
22206 6324
12180 6664
12180 6507
12180 6672
12180 6397
12180 6388
12180 6509
12180 6531
12180 7337
22206 5567
12180 6690
12180 6514
12180 6418
12180 6886
12180 8305
12180 6560
12180 6435
12180 6824
12180 6547
22206 5001
12180 6507
12180 6388
12180 6425
12180 6544
12180 6411
12180 6393
12180 6374
12180 8149
22206 6572
12180 6392
12180 6375
12180 6371
12180 6555
12180 6533
12180 6366
12180 6417
12180 6541
22206 6347
12180 6498
12180 6438
12180 6650
12180 6385
12180 6851
12180 6399
12180 6402
12180 6517
22206 6367
12180 7756
12180 6451
12180 6408
12180 6375
12180 6583
12180 6689
12180 6498
12180 6521
22206 5136
12180 6544
12180 6404
12180 6387
12180 6461
22206 6217
31804 5001
12180 6432
12180 6922
22206 5272
12180 6858
12180 6370
12180 6382
12180 6524
12180 6848
22206 5095
12180 6560
12180 6959
12180 6982
12180 6378
12180 6493
12180 6409
12180 6662
22206 5088
12180 8013
22206 6813
12180 6412
12180 6377
12180 7219
22206 5048
12180 6472
12180 6405
12180 7151
12180 6534
12180 6496
12180 6453
12180 6435
12180 6574
22206 6254
12180 6361
12180 6501
12180 6548
12180 6368
12180 6469
12180 6566
12180 6398
12180 7002
22206 5193
12180 6466
12180 6550
12180 6669
12180 6373
12180 6521
12180 6747
12180 6430
12180 6524
22206 5161
12180 8405
12180 6440
12180 6515
12180 6818
12180 6402
12180 6395
12180 6534
12180 6964
12180 7136
22206 5500
12180 6530
12180 6458
12180 6620
12180 6423
12180 6916
12180 6402
12180 6679
12180 7144
22206 5476
12180 6616
12180 6573
12180 6673
12180 6417
12180 7419
12180 6676
12180 6706
12180 6650
22206 5033
12180 6492
12180 6431
12180 6542
12180 8913
12180 6583
12180 6536
12180 6563
12180 7970
22206 6685
12180 6597
12180 7013
12180 6573
12180 6581
12180 6721
12180 6533
12180 6549
12180 6592
22206 6423
12180 7173
12180 6544
12180 6705
12180 6517
12180 6672
12180 8118
12180 6536
12180 6384
22206 4812
12180 6555
12180 6424
12180 6549
12180 6459
12180 6414
12180 6477
12180 6468
12180 6607
12180 8348
22206 5908
12180 6563
12180 6754
12180 6515
12180 6545
12180 6505
12180 6498
12180 6424
12180 6521
22206 5308
12180 6401
12180 6612
12180 6553
12180 6536
12180 6434
12180 6558
12180 6528
12180 6385
22206 4859
12180 6566
12180 6543
12180 6512
12180 6545
12180 6513
12180 6625
12180 6495
22206 5044
12180 6504
12180 6503
12180 8224
12180 6646
12180 6352
12180 6418
12180 6749
22206 5127
12180 6575
12180 6660
12180 6564
12180 6557
12180 6398
12180 6420
12180 6519
12180 6790
12180 6662
22206 5174
12180 7344
12180 6455
12180 6373
12180 6396
12180 6485
12180 6525
12180 6415
12180 7204
22206 5271
12180 7044
12180 6566
12180 6595
12180 6374
12180 6842
12180 6544
12180 6548
22206 5118
44995 5511
44995 4995
12180 6953
22206 5628
12180 6457
12180 6462
12180 6571
12180 6497
12180 6515
12180 6429
22206 5134
12180 6696
12180 6520
12180 6563
12180 6390
22206 4107
12180 6637
12180 6550
12180 6867
12180 6500
12180 7166
22206 5177
22206 5301
12180 6505
12180 6667
12180 6534
12180 6480
12180 6413
12180 8033
12180 6812
22206 5181
12180 6495
12180 6511
12180 6697
12180 6534
12180 6414
12180 6541
12180 6495
12180 6539
22206 5320
12180 7241
12180 6521
12180 6554
12180 6320
12180 6368
12180 6691
12180 6495
12180 7049
22206 5048
12180 6525
12180 6377
12180 6813
12180 6905
12180 6544
12180 6554
12180 6725
12180 6385
64236 6275
64236 3782
22206 3858
11863 5779
12180 6533
12180 6976
12180 6535
12180 6529
12180 6483
12180 6355
12180 6862
12180 6527
12180 6895
22206 5108
12180 6552
12180 6568
12180 6413
12180 6384
12180 6439
12180 6569
12180 6421
12180 6506
22206 6248
12180 6367
12180 6502
12180 6371
12180 6648
12180 6449
12180 6658
12180 6583
12180 6751
22206 5057
12180 6415
12180 6713
12180 6406
12180 7792
12180 6596
12180 6458
12180 6438
12180 8679
22206 7132
12180 6504
12180 6481
12180 7156
12180 6404
12180 6384
12180 6407
12180 6505
12180 6864
22206 4905
12180 6405
12180 6503
12180 6568
12180 6386
12180 6646
12180 6687
12180 6532
12180 6511
22206 5202
12180 6404
12180 6500
12180 6499
12180 6710
12180 6657
12180 6558
12180 6426
12180 6534
12180 7396
22206 6379
12180 6684
12180 6542
12180 6354
12180 6524
12180 6420
12180 6657
12180 6415
12180 6460
22206 5090
12180 6488
12180 6361
12180 6570
12180 6367
12180 6340
12180 6420
12180 6568
12180 6186
22206 4016
59160 3652
59160 3646
44995 3621
49225 215
4026 4786
44995 5046
44995 3724
51950 3605
59160 3826
59160 3649
44995 4856
44995 6477
22502 6905
22502 6380
7957 5277
22502 6662
22502 6553
22502 6496
22502 6522
22502 6495
22502 6556
22502 6527
22502 6918
7957 5191
44995 3680
44995 3761
22206 3720
22206 6206
22206 3884
22206 3800
22206 4107
22206 5956
22206 5026
22206 3642
22206 3747
59160 3712
59160 3720
22206 6137
22206 3686
44995 3673
44995 3798
7957 6698
59160 2355
12180 6518
12180 4872
12180 5051
22206 3618
12180 4050
12180 6571
12180 4953
12180 5091
22206 3645
12180 6407
22206 3708
12180 6436
12180 6351
12180 6395
22206 4855
12180 6489
12180 6701
12180 6814
12180 6419
12180 6493
22206 6059
12180 6382
12180 6375
12180 4805
22206 4971
12180 6577
22206 5095
12180 6730
22206 5073
59160 3663
44995 4621
12180 5904
22206 3767
12180 6359
12180 6729
12180 6519
22206 5357
12180 6407
12180 6415
12180 6448
22206 6101
12180 6384
12180 6409
22206 6160
12180 6477
12180 6538
12180 6364
12180 7490
22206 6173
12180 6393
12180 6450
22206 3628
12180 6402
12180 6351
12180 6385
12180 6405
12180 6393
12180 6367
12180 6370
12180 6417
22206 4880
12180 6466
12180 6399
12180 7342
22206 5488
12180 6358
12180 6384
12180 7008
22206 5402
12180 6522
12180 6439
22206 5322
12180 6378
12180 6399
12180 6361
12180 6402
12180 6515
12180 7019
22206 5109
12180 6547
12180 6642
22206 6398
12180 6390
12180 6830
22206 6572
22206 4686
59160 5025
12180 6442
12180 6285
22206 6103
12180 6410
12180 5027
22206 3620
59160 5039
14901 3825
44995 4151
44995 6043
59160 345
59160 3660
22502 6408
22502 6747
7957 5265
22502 6414
22502 6402
7957 6232
22502 6430
7957 5419
22502 6834
7957 5193
22502 6380
22502 6611
22502 6417
22502 6412
22502 6379
22502 6393
7957 6237
59160 5091
44995 4077
2067 3898
59160 4208
62482 4724
45074 5126
22502 3654
20556 4012
44995 3580
59160 4819
29271 5624
1622 3834
64087 3636
48727 3672
26731 3665
2154 3761
22633 3756
63594 4205
1622 4603
48727 3657
29271 4912
64087 3869
48727 7410
1622 6525
29271 4996
64087 5352
2154 4903
22633 3813
63594 5075
26731 3589
2154 9860
2154 6391
2154 6717
48727 4995
22633 7091
22633 6417
22633 3821
29271 3613
44995 3595
63594 7579
63594 6486
64087 3638
63594 5493
26731 7584
26731 6403
26731 6176
1622 4020
48727 3700
29271 3789
64087 1048
1622 698
29271 5140
23095 5844
48727 4195
48727 2084
48727 3683
48727 4653
41971 5375
14901 4065
14901 7247
2154 3793
2154 3807
48727 3621
48727 11545
22633 4025
29271 3618
22633 3659
29271 3649
63594 6190
63594 3639
64087 3799
64087 4812
22633 3761
29271 3773
63594 4582
64087 5218
2154 3784
26731 3871
26731 3957
1622 4587
1622 4967
2154 3616
26731 3791
1622 3614
2154 7068
48727 5486
2154 6897
2154 6822
2154 6433
48727 5293
2154 6417
48727 6226
2154 6405
2154 6409
48727 4872
59160 3909
48446 4988
16703 5053
1343 3657
63806 3693
36159 3673
28990 3687
22502 6386
22502 7081
22502 6502
22502 6382
7957 4975
22502 6813
22502 7151
7957 5064
22502 6431
22502 6371
22502 6613
7957 6432
22502 6496
22502 6402
7957 5254
22502 6520
7957 6209
2154 6549
48727 6407
2154 6544
2154 6402
2154 7768
48727 5593
2154 6383
2154 6373
48727 4952
2154 6537
2154 6384
2154 6965
48727 5172
2154 6403
48727 5187
2154 6519
2154 7900
2154 6455
2154 6569
2154 6558
48727 3627
2154 6940
48727 5134
2154 6553
2154 6417
2154 6433
2154 6557
48727 5033
2154 6421
2154 6396
48727 6194
2154 6398
2154 6475
48727 5166
2154 6351
2154 6574
2154 6522
2154 6564
48727 6359
2154 6430
2154 6694
48727 6309
2154 6392
2154 6393
2154 6918
48727 5173
2154 6527
48727 5437
2154 7543
2154 6433
2154 6664
48727 4975
44995 5115
2154 6362
2154 6353
2154 6381
48727 6200
2154 6460
2154 6685
48727 5034
2154 6415
2154 6385
48727 6207
2154 6355
2154 7332
48727 5859
2154 6412
2154 6859
2154 6642
2154 6411
2154 6389
2154 6395
2154 6494
2154 6373
48727 5068
2154 6829
2154 6849
2154 6408
2154 6740
2154 7041
48727 5243
2154 7386
2154 6681
2154 6826
48727 4881
2154 6410
2154 6360
2154 6783
48727 6599
2154 6855
48727 6386
2154 6395
2154 6663
48727 5060
2154 6392
2154 6667
37916 3929
2067 3595
2154 6848
2154 6416
2154 6829
2154 6672
48727 6432
2154 6389
2154 6429
2154 6493
48727 5016
2154 6407
48727 5219
2154 6444
2154 7050
48727 5311
2154 7652
2154 6794
48727 5485
2154 6428
2154 6443
48727 4859
2154 6392
2154 7000
48727 4927
2154 6906
2154 6952
48727 4950
2154 6916
2154 6498
48727 6282
2154 6690
2154 6594
48727 6435
2154 6367
2154 6933
48727 6739
2154 6557
2154 6380
2154 6978
48727 5190
2154 6537
48727 6226
2154 6390
2154 6871
48727 5201
1053 3953
62482 4624
62493 5923
45074 3655
2154 6506
2154 6951
2154 6376
2154 6526
2154 6391
2154 6430
48727 5017
2154 6370
2154 6419
2154 6472
2154 6530
48727 4175
26227 4696
41971 5033
41971 7800
41971 6367
41971 6805
14901 5030
25588 3850
23095 3755
64532 3708
16703 3687
15382 3732
28990 3604
44055 3783
36159 4618
22502 6397
22502 6351
22502 6543
22502 6423
22502 7223
22502 6568
7957 6114
22502 6414
22502 6411
7957 6125
22502 6888
22502 7120
7957 5490
22502 6356
22502 6407
22502 6377
22502 6423
7957 6227
27669 5359
48446 4031
3092 3712
1343 3611
2154 3874
48727 3648
48727 3725
2067 7148
62482 6534
45074 6615
23095 6804
16703 6484
28990 6526
36159 6409
48446 5023
1343 7107
14901 5219
14901 3777
14901 6726
14901 6227
2154 3720
2154 6502
2154 6443
48727 5150
2154 6401
2154 6381
2154 6465
2154 6361
48727 6219
2154 6791
48727 4896
2154 6557
2154 6707
48727 5062
2154 6407
2154 6343
2154 6370
48727 5419
2154 6982
48727 5216
2154 6565
22206 5289
2154 6394
2154 6830
2154 7000
48727 4924
2154 6392
2154 6411
2154 6467
2154 6454
2154 7494
2154 6365
2154 6420
2154 6453
2154 6692
48727 6533
2154 6496
2154 6470
2154 6373
2154 6525
2154 6365
2154 6558
48727 6321
2154 6367
2154 6402
2154 6430
48727 5018
2154 6531
2154 6837
2154 6789
2154 6405
2154 7167
48727 5077
22206 3671
22206 3717
4026 4792
4026 5041
4026 3787
2154 6397
2154 6487
2154 6373
2154 6597
2154 7084
2154 7002
48727 5108
4026 3819
2154 6409
2154 6610
48727 5122
2154 6398
2154 6446
2154 6531
2154 6568
2154 6418
2154 6499
2154 6524
2154 6535
48727 6348
2154 6412
2154 6357
2154 6404
2154 6428
2154 6222
48727 6076
44995 3676
12180 6311
12180 3775
22206 3676
12180 3688
49225 3609
12180 6376
12180 6583
12180 6745
22206 5091
12180 7161
12180 6147
22206 3837
12180 6959
22206 5111
12180 6380
12180 6397
12180 6474
12180 6386
12180 6564
12180 6389
22206 4882
12180 6377
12180 6378
12180 3778
22206 4330
49225 6368
49225 6406
49225 6411
49225 6617
4026 5030
49225 6490
49225 6384
4026 4853
49225 6543
49225 6404
49225 6378
49225 6497
4026 5034
22206 3854
22502 6377
22502 6419
22502 7196
22502 6390
22502 6393
22502 7048
7957 5249
22502 6521
22502 6713
7957 5048
22502 6408
22502 6489
22502 6385
22502 6762
7957 6315
22502 6418
22502 6419
22502 6497
22502 6895
7957 5102
12180 6379
12180 6377
12180 6735
12180 6485
12180 6402
12180 7076
22206 5304
12180 6421
12180 6351
22206 4842
12180 6506
12180 6376
12180 6364
12180 6867
22206 6538
12180 7424
12180 6851
12180 6546
12180 5068
22206 3731
49225 6394
49225 6376
49225 6404
4026 6189
49225 7566
4026 5745
49225 6543
49225 6583
49225 6862
4026 5171
49225 6690
49225 6428
49225 6791
4026 5115
49225 6434
49225 6394
49225 6850
4026 5183
49225 6840
4026 4889
49225 6425
49225 6536
4026 5048
49225 6636
49225 6831
49225 6416
49225 7237
4026 5646
12180 6108
22206 3668
4026 3685
49225 6865
4026 6588
49225 6439
49225 6402
49225 6709
49225 6508
49225 6382
49225 6416
49225 6862
4026 5066
49225 6369
49225 6567
4026 6086
49225 6457
49225 6390
49225 6858
49225 6433
49225 6400
4026 4900
49225 6403
4026 5302
49225 6469
4026 5190
49225 6430
49225 6434
49225 6398
49225 7154
49225 6676
49225 6415
49225 6495
49225 6348
4026 6221
49225 6364
49225 6864
49225 6437
49225 6393
49225 6430
49225 6492
49225 6426
49225 6483
4026 3620
49225 6497
49225 6643
49225 6389
49225 6414
49225 6422
49225 6502
4026 6276
12180 5092
4026 3725
4026 3799
22206 6158
59160 4052
49225 6411
4026 6249
49225 6497
49225 6365
49225 6440
49225 7234
49225 6524
49225 6719
49225 6368
49225 6417
49225 6884
4026 5222
49225 6372
49225 6434
49225 6353
49225 6654
49225 6425
4026 4900
49225 6592
49225 6440
49225 6954
4026 4937
49225 6529
49225 6427
49225 6682
4026 6411
49225 6649
4026 5047
49225 6474
4026 5140
49225 6484
49225 6420
4026 6043
49225 6372
49225 6418
4026 4138
49225 7103
4026 6952
49225 6450
4026 4962
49225 6585
4026 5285
49225 6406
4026 6040
49225 6377
49225 6859
4026 4936
49225 6526
49225 6376
49225 6413
49225 6398
49225 6442
49225 6396
49225 6391
4026 5416
49225 6427
4026 6247
49225 6457
49225 6450
4026 6231
12180 3715
22206 3792
49225 6415
49225 6370
4026 6154
49225 6344
49225 6378
49225 7069
49225 3725
4026 3742
49225 6400
4026 6202
49225 6611
49225 6917
4026 5259
49225 6410
49225 6918
4026 4883
49225 6417
49225 6460
49225 6805
49225 6386
49225 6408
49225 6421
49225 6384
4026 4879
49225 6383
4026 6018
49225 6393
49225 6910
4026 5336
49225 6382
49225 6428
49225 6392
4026 6025
49225 6423
4026 5118
49225 6847
49225 6418
49225 7234
4026 6936
49225 6407
4026 6014
49225 6396
49225 6385
4026 6077
49225 6365
49225 6818
4026 5209
49225 6728
49225 6939
4026 5185
49225 6383
49225 6954
4026 5486
49225 6387
49225 6396
49225 6775
4026 5049
49225 6840
49225 6379
4026 6234
49225 6437
49225 6502
49225 6929
4026 5188
49225 5043
12180 4983
49225 6387
49225 6979
4026 5138
49225 7057
49225 6441
49225 4766
4026 4939
49225 6354
49225 6395
4026 6060
49225 6398
49225 6379
49225 6659
4026 5081
49225 6413
49225 6823
4026 5066
49225 6460
49225 6525
49225 6361
49225 6946
4026 5164
49225 6416
49225 6505
49225 6397
49225 6413
4026 6215
49225 6387
49225 6717
49225 6371
49225 6430
49225 6423
49225 6392
4026 6226
49225 7405
49225 6566
4026 6689
49225 6376
49225 6647
49225 7106
4026 5359
49225 10347
4026 8656
49225 6583
49225 6540
4026 5171
49225 6355
49225 6853
4026 5040
49225 6728
49225 7308
4026 5355
49225 6355
49225 6366
49225 6499
49225 6269
4026 3645
64532 3747
15382 3650
64532 7676
64532 6499
64532 6308
16703 3611
15382 7261
15382 6500
15382 6685
28990 4817
44055 5601
44055 7343
44055 6496
44055 6925
36159 4987
16703 3716
28990 3842
25588 3802
36159 6043
25588 7399
25588 6393
25588 6453
16703 6315
23095 5221
28990 6289
36159 6503
23095 3731
41971 3712
41971 6112
41971 3672
14901 3622
14901 3626
27669 3631
3092 3832
27669 7533
27669 6381
27669 6361
48446 3719
3092 7386
3092 6395
3092 6755
1343 5431
48446 6111
22206 3646
1343 3704
48446 6277
1343 6335
41971 6378
41971 4445
41971 3647
14901 3731
1053 4807
37916 5092
1053 7328
1053 6485
1053 6141
62482 5454
37916 7226
37916 14183
37916 5480
2067 4921
62493 3756
62493 7637
62493 6408
62493 4969
45074 3640
62482 5108
62482 3678
62482 6232
2067 3831
45074 1182
2067 6137
2067 4886
22502 6362
22502 6455
22502 6824
22502 6893
7957 4928
22502 6538
22502 6370
22502 6542
22502 6426
22502 6491
22502 6373
22502 6707
22502 6945
22502 6921
7957 5226
22502 6375
22502 6351
22502 6862
7957 5173
64532 3790
15382 6290
64532 6644
16703 5170
15382 6364
28990 6212
44055 3852
44055 6347
36159 6083
25588 3759
25588 3649
23095 3639
27669 7387
27669 6681
48446 6502
3092 6611
3092 6407
1343 6240
41971 3852
1053 3820
1053 6608
62482 4932
1053 3838
62482 3800
57374 4948
37916 5246
37916 3791
2067 3776
2067 3779
37916 4958
37916 5404
2067 4371
62493 2473
45074 695
22502 6440
22502 6554
7957 6397
22502 6614
22502 6723
22502 6602
22502 6544
7957 5318
22502 8267
22502 7114
7957 5904
22502 6837
22502 6569
22502 6400
22502 6667
7957 5191
22502 6779
22502 6984
7957 5327
22502 6789
22502 6726
7957 5313
44562 3744
7199 4061
4026 4044
62476 3934
57374 3756
57374 7210
22502 6682
22502 6367
22502 6507
22502 6502
22502 6730
22502 6680
7957 5323
22502 6462
22502 6509
22502 6671
22502 7064
7957 5169
22502 8758
22502 6567
7957 5186
22502 6477
22502 6921
7957 5183
22502 6494
22502 6486
22502 6592
22502 6670
7957 4739
22502 6459
22502 6462
22502 6442
22502 7833
7957 6363
16703 6357
28990 6177
49225 3821
1053 3689
37916 3656
4026 3641
11771 4848
22502 6427
22502 6495
22502 6783
22502 6504
22502 6775
7957 5102
22502 6527
22502 6571
22502 6564
22502 8861
7957 6907
22502 6566
22502 6508
7957 5327
22502 6549
22502 7006
7957 5290
22502 6413
22502 6508
7957 3859
22502 6421
22502 6532
7957 5177
22502 6420
22502 6497
22502 6547
22502 6529
22502 6580
22502 6511
22502 6381
22502 6801
7957 5235
22502 6547
22502 6524
7957 5210
64532 6479
25613 4155
7199 3708
7199 6517
15382 6548
62476 6273
62476 10646
62476 6529
62476 5257
57374 3967
57374 4831
57374 5037
57374 6638
28990 4819
16703 4511
62205 4302
65304 4650
22502 6491
22502 6986
22502 6504
7957 6076
22502 6451
22502 6638
22502 6395
22502 6699
22502 6810
7957 5004
22502 6574
22502 6494
22502 6561
22502 6577
7957 5252
22502 6510
22502 6428
22502 6515
7957 5233
22502 6387
22502 8431
22502 6561
7957 6326
22502 6636
22502 6452
7957 5431
22502 6485
22502 7062
7957 5012
22502 6629
22502 6439
22502 6374
22502 6957
7957 5371
22502 6550
22502 6394
22502 6433
22502 6482
7957 5061
25613 4752
25613 7568
25613 6475
25613 6251
7199 4061
7199 3926
62476 3597
62476 6649
62476 3997
57374 3854
57374 3717
62476 6329
62476 3773
57374 6428
22502 6955
22502 6533
7957 3784
22502 6474
22502 6512
22502 6616
22502 7633
22502 6722
22502 6397
22502 6553
22502 6507
7957 5231
22502 6475
22502 6562
22502 6533
22502 6461
22502 6571
22502 6575
22502 6694
22502 6527
22502 6521
7957 5163
22502 6978
22502 6495
22502 6567
22502 6462
22502 6414
22502 6555
22502 6688
22502 7066
7957 5060
22502 8532
22502 6487
22502 6361
22502 6341
22502 6424
22502 6791
22502 6669
7957 3579
4026 3808
2067 3850
23126 4816
25613 5794
25613 3662
7199 3836
49225 6836
49225 6128
49225 5799
4026 5153
62476 3592
22502 6687
22502 6575
22502 6552
22502 6917
7957 5213
22502 6576
22502 7079
7957 5127
22502 6533
22502 6393
22502 6501
22502 6518
22502 6520
22502 8307
7957 6419
22502 7095
7957 5143
22502 6371
22502 6541
22502 6582
7957 5134
51950 3620
51950 6227
51950 5787
23126 4989
37916 3795
37916 4070
14901 6273
14901 6542
2067 3772
4026 6574
49225 4750
4026 3753
41971 3661
41971 3787
41971 4747
41971 6555
41971 5033
41971 5448
14901 3608
23126 4832
63806 5230
51950 1188
51950 5107
23126 3833
23126 3594
39957 5063
63806 3624
63806 7353
39957 3778
39957 7742
39957 6420
39957 6825
63806 5157
63806 5099
39957 3813
63806 4799
48727 5147
2154 6442
2154 6428
2154 6725
48727 6474
2154 6492
2154 6470
2154 6528
2154 6412
2154 6397
2154 6587
48727 6347
2154 6463
2154 6360
2154 6426
2154 6827
2154 6116
2154 6551
2154 7726
2154 6383
48727 6189
2154 6392
2154 6504
48727 5303
2154 6561
48727 6709
23126 6212
23126 3767
2154 321
48727 4954
23126 3727
22206 3671
23126 7100
12180 4102
22206 3602
51950 2985
51950 1087
23126 3610
51950 6500
51950 2545
23126 4375
23126 5072
22206 3677
48727 3701
48727 4663
48727 5072
48727 4550
12180 6345
12180 6344
12180 6527
12180 6522
22206 5043
12180 6418
12180 6820
12180 6406
12180 6421
12180 6392
12180 6450
12180 6915
22206 4949
12180 6387
12180 6410
12180 6398
12180 6342
12180 6379
22206 5255
12180 6626
22206 6363
2154 6407
2154 6798
2154 6404
2154 6389
48727 6131
2154 6428
2154 6429
2154 6441
2154 6512
2154 7006
48727 6830
2154 6434
2154 6422
2154 6433
2154 6571
2154 6477
2154 6416
2154 6395
2154 6391
48727 4934
2154 6829
2154 6394
2154 835
48727 6381
48727 5183
48727 3769
2154 6344
2154 6681
2154 6383
48727 6191
2154 6376
2154 6463
2154 6629
2154 6452
2154 6403
2154 6762
48727 5718
2154 6563
2154 6380
2154 6381
2154 7368
48727 7039
2154 6378
2154 6571
2154 6360
48727 6188
2154 6473
2154 6460
48727 4983
2154 6564
48727 3712
2154 6393
2154 6930
2154 6412
48727 6044
2154 6454
2154 6416
2154 6580
48727 6198
2154 6470
48727 4800
2154 6351
2154 6383
2154 6404
2154 6398
2154 6455
2154 6444
2154 6405
2154 6411
48727 6248
2154 6867
2154 6460
2154 6934
2154 1876
48727 6528
2154 6394
2154 6831
48727 5179
2154 6744
2154 6571
2154 6344
2154 6403
2154 6386
2154 6414
48727 6238
2154 6429
2154 7045
48727 4988
2154 6376
2154 6820
48727 5222
2154 6393
2154 6401
2154 6399
2154 6464
2154 6849
2154 6499
48727 6069
2154 6397
2154 6368
2154 6383
2154 6384
2154 6440
2154 7426
2154 6438
2154 6504
48727 5102
2154 6429
2154 6390
2154 6404
2154 6489
2154 6670
2154 6505
2154 6487
2154 6397
48727 6097
2154 6925
2154 6378
2154 6407
2154 6814
2154 6668
2154 6420
2154 6390
2154 6425
48727 6037
2154 6435
2154 6444
2154 65330
2154 6398
2154 6524
2154 6503
2154 6436
2154 6746
48727 5096
2154 6432
2154 7993
2154 6683
2154 7269
48727 5803
2154 6535
2154 6397
2154 6421
48727 6218
2154 6390
2154 6546
48727 6098
2154 6362
2154 6850
48727 5222
2154 6851
48727 5537
2154 6773
2154 6427
48727 6261
2154 7523
2154 6421
2154 7069
48727 5101
2154 6484
2154 6758
48727 5306
2154 6401
48727 5031
2154 6569
2154 6430
2154 6383
48727 5082
2154 7362
2154 6452
2154 6699
48727 5024
2154 6778
2154 6489
2154 6515
2154 6426
2154 6480
2154 6457
2154 6574
2154 6402
2154 6374
48727 4864
2154 6507
2154 6423
2154 6458
2154 6370
2154 6414
2154 6387
2154 6680
2154 6761
48727 5184
2154 6436
2154 6468
2154 6420
2154 6364
2154 6453
2154 6392
2154 6415
2154 7035
48727 5186
2154 7516
2154 6460
2154 6386
2154 6464
2154 6802
2154 6400
2154 6457
2154 6853
48727 5198
2154 6379
2154 6436
2154 6408
2154 6475
2154 6671
2154 6376
2154 7594
2154 6801
2154 6388
48727 3628
2154 6426
2154 6392
2154 6356
2154 6559
2154 6797
2154 6386
2154 6374
2154 6501
48727 6223
2154 6497
2154 6554
2154 6599
2154 6438
2154 8216
2154 6707
2154 6386
2154 6399
48727 6083
2154 1776
48727 3772
51950 6515
51950 3822
51950 3644
23126 3739
37180 4649
3901 5265
6912 3633
3216 3820
9517 4052
34006 3759
44995 3652
44995 3640
44995 6044
27412 3598
11863 3630
59160 3595
59160 3752
59160 3764
59160 3601
59160 6763
44995 5054
28304 3768
37521 3716
7106 3677
28304 5205
35779 4591
37521 3680
28304 7417
37521 5392
7106 5022
35779 3677
35779 10950
35779 6367
35779 3761
37521 4636
37521 5677
37521 3662
37521 6480
7106 7407
7106 5105
28304 2266
35779 1667
35779 2334
37521 1766
35779 3688
7106 3728
7106 3691
28304 4055
35779 1103
37521 3719
44995 3787
44995 6547
59160 4259
59160 4981
59160 3739
44995 3600
54890 3786
26596 3724
27412 5049
24562 5311
54890 3669
54890 7175
64236 3850
11863 3650
24562 4019
24562 7384
24562 6357
24562 5649
54890 3585
54890 5947
54890 3787
54890 6534
24562 3843
24562 3870
24562 3717
54890 3725
54890 4748
24562 5328
54890 3714
24562 3619
24562 6347
24562 6244
24562 6503
24562 7788
24562 6975
54890 5188
24562 6570
24562 6848
24562 6387
24562 6527
24562 5661
54890 3691
54890 6148
54890 3812
54890 3731
54890 3750
54890 6111
54890 3685
54890 3752
54890 3782
54890 4681
54890 5143
54890 3733
54890 3744
54890 6067
24562 3784
24562 3726
24562 3848
54890 4045
24562 6400
54890 5227
24562 6850
54890 6570
24562 6962
24562 8147
24562 6498
54890 5232
24562 6344
24562 6399
24562 6395
24562 6439
24562 1941
24562 3683
54890 3586
24562 4713
24562 5184
54890 3699
24562 6513
24562 6668
54890 4506
24562 3536
24562 3659
54890 3887
24562 6621
24562 6920
54890 5278
24562 6447
24562 6932
54890 5090
24562 6387
24562 583
54890 3657
24562 6550
54890 3732
24562 6786
24562 6204
24562 3079
54890 3627
24562 3822
24562 6518
24562 6445
54890 4788
24562 1811
24562 3726
54890 3635
24562 6878
24562 6760
24562 6554
24562 7768
54890 6457
24562 6360
24562 6854
54890 5192
24562 6583
24562 6486
54890 3608
24562 6383
24562 6515
54890 5223
24562 6617
24562 6924
54890 4981
24562 7625
24562 6952
54890 5104
24562 6445
24562 6992
54890 5275
24562 6575
24562 6439
54890 6206
24562 6378
24562 6473
54890 6119
24562 6656
24562 6624
54890 6405
24562 6415
24562 6369
54890 4988
24562 6824
24562 6947
54890 5105
24562 6396
24562 6391
24562 6423
54890 6067
24562 6369
24562 6911
54890 4901
24562 6725
24562 6637
54890 5069
24562 6534
24562 8118
54890 6633
24562 6481
24562 6618
54890 5020
24562 6381
24562 6361
54890 4862
24562 6398
24562 6663
54890 5194
24562 6939
54890 7116
24562 6590
24562 8101
54890 6593
24562 6698
24562 7018
54890 5033
24562 6502
24562 6349
54890 3761
24562 2299
24562 6409
54890 4940
24562 6627
54890 4009
24562 6572
24562 6421
54890 5118
24562 6461
24562 8187
24562 6837
54890 5201
24562 6480
24562 6434
24562 6562
54890 6186
24562 6396
24562 6441
24562 6372
54890 4856
24562 6386
24562 6429
54890 6276
24562 6496
24562 6752
54890 5481
24562 6405
24562 6688
54890 6504
24562 6629
54890 4949
24562 6556
24562 6937
54890 5124
24562 6397
24562 6532
24562 3795
54890 3599
24562 6522
24562 6414
24562 6476
54890 6154
24562 8169
24562 6605
24562 6457
54890 4341
24562 6567
54890 5237
24562 6748
24562 5123
54890 3681
24562 4022
24562 3725
54890 3594
24562 6514
54890 6358
24562 6447
24562 6404
54890 4175
24562 6380
24562 6410
24562 6460
54890 6134
24562 6500
24562 6327
54890 4086
24562 6523
54890 5133
24562 6428
24562 6427
24562 6945
54890 5207
24562 8795
24562 6377
24562 6370
24562 3738
54890 4596
24562 6418
24562 6412
54890 5123
24562 6457
24562 6990
54890 4981
24562 6374
24562 6518
54890 6124
24562 6439
24562 3800
54890 3678
24562 6721
24562 6507
24562 6395
24562 6411
24562 6455
54890 5178
24562 4939
54890 5086
24562 3052
24562 3711
54890 3733
24562 6509
24562 6527
24562 6507
24562 7865
54890 5746
24562 6938
54890 4925
24562 6487
24562 7221
24562 6551
24562 6335
24562 4304
54890 4612
24562 6640
24562 6471
24562 6421
54890 6031
24562 6412
24562 6548
24562 7325
54890 5648
24562 6468
54890 4775
24562 2191
24562 3836
54890 4609
24562 6369
24562 6350
54890 3776
24562 7362
54890 5283
24562 6485
24562 6511
24562 6397
24562 7972
24562 6832
54890 5048
24562 6859
24562 6558
54890 5244
24562 6503
54890 5055
24562 6711
24562 7125
54890 5634
24562 6468
24562 6382
24562 6882
54890 6377
24562 6355
54890 5000
24562 6557
24562 23302
24562 3978
54890 3888
24562 6944
24562 6420
24562 6654
24562 6353
54890 6024
24562 6364
24562 6967
54890 5321
24562 6567
24562 6545
54890 6320
24562 8710
24562 6575
24562 6657
54890 5173
24562 6695
24562 6308
54890 5395
24562 6488
54890 3835
24562 6457
24562 6523
24562 6277
54890 3816
24562 6518
54890 4410
24562 6386
24562 7824
54890 5741
24562 6499
24562 6992
24562 6312
54890 4396
24562 6959
54890 5210
24562 6528
24562 6908
54890 5540
24562 6406
24562 6550
54890 6405
24562 6618
24562 7862
24562 6480
24562 5345
54890 4064
24562 6548
24562 6384
24562 6727
24562 6562
24562 6741
54890 5018
24562 9353
54890 3603
24562 6763
24562 6566
24562 6565
24562 6943
54890 6686
24562 6492
24562 6502
24562 6859
54890 5002
24562 6854
54890 4944
24562 6546
24562 6388
54890 4985
24562 6389
24562 6415
24562 6558
24562 7044
54890 5387
24562 6435
24562 8597
24562 6497
24562 6605
24562 4034
54890 3627
24562 6721
54890 4618
24562 6515
24562 6426
54890 5057
24562 6490
24562 6202
54890 3725
24562 8263
24562 6853
54890 5605
24562 6717
24562 6359
24562 6386
24562 6489
24562 6954
54890 5212
24562 6828
54890 5171
24562 6385
24562 6675
24562 6685
24562 6584
24562 6558
54890 6230
24562 7052
24562 6526
24562 8377
24562 4866
54890 5568
24562 6964
54890 5159
24562 6813
24562 7025
24562 3868
54890 4198
24562 3788
54890 3806
24562 6524
24562 5213
54890 3741
24562 6698
24562 6801
54890 5070
24562 6451
24562 6523
54890 3765
24562 6508
24562 6435
54890 3871
24562 6858
24562 6382
24562 6556
24562 6247
54890 5384
54890 4303
24562 6512
24562 8098
24562 6583
24562 6582
54890 5402
24562 6430
24562 6538
54890 6378
24562 6441
24562 3166
54890 3612
24562 6483
24562 6041
54890 3647
24562 6457
24562 6960
54890 5077
24562 6463
24562 6577
54890 5354
24562 6410
24562 6937
54890 5177
24562 7037
54890 5379
24562 6489
24562 6434
24562 6580
54890 5097
24562 6386
24562 6627
54890 5252
24562 7871
54890 6746
24562 6356
24562 6530
24562 6588
54890 5191
24562 6578
24562 6981
54890 5059
24562 6618
24562 6920
54890 5243
24562 6642
24562 6529
54890 6294
24562 6345
24562 6496
54890 4367
24562 6447
24562 6507
24562 6781
24562 6460
24562 6952
54890 5166
24562 6500
24562 6589
24562 6401
24562 6535
24562 6558
24562 2640
24562 1615
24562 7003
54890 5168
24562 6637
24562 6346
24562 7496
24562 6413
24562 6371
24562 6614
24562 6415
24562 6401
24562 7121
54890 5158
24562 6548
24562 6382
24562 6579
24562 6822
24562 6669
24562 6544
54890 6147
24562 6824
24562 6399
54890 6160
24562 6718
24562 7018
54890 4950
24562 6584
24562 6575
54890 3645
24562 6657
24562 6868
54890 5092
24562 8184
24562 6648
54890 4957
24562 6557
24562 6385
24562 6937
54890 5117
24562 2148
24562 3642
54890 3729
24562 6814
54890 6371
24562 6710
24562 6335
54890 5089
24562 6409
24562 6787
54890 5034
24562 6432
24562 6407
54890 5263
24562 6526
24562 6949
54890 5637
24562 6800
54890 6641
24562 6431
24562 6506
24562 6812
54890 5542
24562 8298
24562 7187
54890 5728
24562 6399
24562 6884
54890 5055
24562 6407
24562 6631
24562 6881
24562 6544
24562 6537
24562 6601
54890 5465
24562 6491
24562 6483
54890 6157
24562 6401
24562 8080
54890 6759
24562 6519
24562 6392
24562 6784
54890 5806
24562 6600
24562 6373
24562 6895
54890 5081
24562 6588
24562 6966
54890 4939
24562 6537
24562 7023
54890 5241
24562 8072
24562 6414
54890 4970
24562 6781
24562 6510
54890 6109
24562 6722
24562 6555
54890 5091
24562 6544
24562 6972
54890 5143
24562 6500
24562 6630
54890 6384
24562 6593
24562 6518
54890 6351
24562 3681
24562 3777
24562 6563
54890 5190
24562 6649
24562 6505
54890 6150
24562 6413
24562 6481
24562 6567
24562 6559
24562 6556
24562 6471
54890 5323
24562 5036
54890 3625
24562 6432
24562 4989
54890 4252
54890 4014
54890 6650
54890 6539
54890 3813
54890 3706
54890 3806
54890 6741
54890 3771
54890 3695
54890 4858
54890 5243
54890 3702
24562 3589
24562 3709
24562 3737
24562 4754
24562 5090
54890 3603
24562 3669
24562 3708
54890 3740
24562 6717
24562 6871
54890 5227
24562 6502
24562 6725
54890 5179
24562 7697
24562 6559
54890 6095
24562 6415
24562 5152
24562 6380
24562 6420
54890 5114
24562 6614
24562 6409
54890 4860
24562 6377
24562 6391
54890 5188
24562 6561
24562 6897
54890 5198
24562 9954
24562 6420
54890 6143
24562 6411
24562 6409
54890 4877
24562 6369
24562 6879
54890 4924
24562 6346
24562 6792
54890 5200
24562 6392
24562 6759
54890 5116
24562 7241
24562 6501
54890 5042
24562 6366
24562 2775
24562 5495
54890 4469
24562 6457
54890 6095
24562 6422
24562 6390
54890 4933
24562 6486
24562 6787
54890 5205
24562 6343
24562 6489
54890 4281
24562 6383
24562 6966
54890 5238
24562 6379
24562 7064
54890 5063
24562 6517
24562 6420
54890 5248
24562 6385
24562 6934
54890 5491
24562 6822
24562 6411
54890 4978
24562 6854
24562 6375
54890 4970
24562 6418
24562 6482
24562 5045
24562 6201
54890 3832
24562 6502
54890 3599
24562 6859
24562 6437
24562 6525
24562 6457
24562 6396
24562 6442
54890 6034
24562 6399
24562 6848
54890 5192
24562 6384
24562 6432
24562 6949
54890 5083
24562 6884
24562 6688
54890 5008
24562 6408
24562 7123
54890 6676
24562 3590
54890 3586
24562 3856
54890 3615
24562 6413
24562 6658
54890 5067
24562 6386
24562 6504
54890 6152
24562 6365
24562 6406
24562 6384
24562 6566
54890 3637
24562 6445
24562 6409
54890 4888
24562 6390
24562 6411
54890 5771
24562 6375
24562 6416
54890 4857
24562 6531
24562 6401
54890 6105
24562 6409
24562 6389
54890 5006
24562 3387
54890 3640
24562 6216
24562 6803
24562 6845
54890 5180
24562 6504
24562 6374
54890 6194
24562 6414
24562 6380
54890 6209
24562 6560
24562 6428
54890 6233
24562 6417
24562 6763
54890 5056
24562 6681
24562 6526
54890 5363
24562 6395
24562 6406
54890 6047
24562 6412
54890 4862
24562 6382
24562 6513
24562 7067
54890 5312
24562 6850
24562 6973
54890 5065
24562 6428
54890 4930
24562 6547
24562 6946
54890 5195
24562 6276
24562 2839
24562 3695
54890 3582
24562 6526
24562 6964
24562 3027
54890 3746
24562 3677
24562 6432
24562 6412
54890 6171
24562 6361
24562 6384
54890 4871
24562 6426
24562 6399
54890 5034
24562 3700
54890 3658
24562 879
24562 4623
54890 3768
24562 6429
24562 6430
54890 6317
24562 6400
24562 6398
54890 4941
24562 6419
24562 6906
54890 5075
24562 6389
24562 6691
54890 5286
24562 7273
54890 4917
24562 6371
24562 6427
24562 6870
54890 5055
24562 6560
24562 6413
54890 5273
24562 6377
24562 6406
54890 6207
24562 6384
24562 6474
54890 6068
24562 6455
24562 6963
54890 4933
24562 6851
24562 6389
54890 6207
24562 6347
24562 6402
54890 6018
24562 6427
54890 6232
24562 6522
24562 7332
54890 5493
24562 6393
24562 6332
24562 7047
54890 5081
24562 6548
24562 6433
54890 6198
24562 6941
54890 4911
24562 6633
24562 6425
24562 7011
54890 5117
24562 6412
24562 6397
24562 6428
54890 6136
24562 6326
24562 6503
24562 7001
54890 5220
24562 7372
54890 7021
24562 6377
24562 6414
54890 6172
24562 6373
24562 6410
24562 6183
54890 3626
24562 6664
54890 5036
24562 6385
54890 5028
24562 6482
24562 6422
24562 6642
54890 4951
24562 6379
54890 6080
24562 6398
24562 6793
54890 5159
24562 6446
24562 6378
24562 6804
54890 5066
24562 6623
24562 6448
54890 3705
24562 6662
54890 5576
24562 8265
24562 6837
24562 6385
54890 5346
24562 6395
54890 5230
24562 7605
24562 6409
54890 4033
24562 7070
24562 6368
24562 7019
54890 5347
24562 6924
54890 5073
24562 6881
24562 6938
54890 5217
24562 6443
24562 6873
24562 6822
54890 6410
24562 6902
54890 5182
24562 6539
24562 6460
54890 6256
24562 6370
24562 6422
24562 6683
54890 5027
24562 6378
24562 7761
24562 6963
54890 5109
24562 6652
24562 6478
24562 6781
54890 5008
24562 6428
24562 6395
24562 7005
54890 5544
24562 6871
24562 6509
24562 6383
54890 4808
24562 6350
54890 5658
24562 6348
24562 6392
54890 5311
24562 6352
24562 6375
24562 7028
54890 5237
24562 6888
54890 5306
24562 6349
24562 6463
54890 5001
24562 6496
24562 6811
24562 6568
54890 6140
24562 7609
54890 6800
24562 6553
24562 6851
54890 6657
24562 6397
24562 6413
24562 6345
54890 5216
24562 6380
24562 6412
24562 6759
24562 6366
24562 6397
24562 6985
54890 4954
24562 6400
24562 6357
24562 6558
24562 6452
24562 6888
24562 6586
24562 2785
24562 7218
54890 5081
24562 7049
24562 6557
24562 6525
24562 6343
24562 6366
24562 6252
24562 6186
24562 4164
54890 3758
23095 3572
7199 4593
44995 4995
44995 3840
10859 3905
54890 3721
59160 4834
59160 5077
44995 3782
53235 3850
10859 3772
24562 4850
13429 5232
24562 3681
54890 3693
10859 7491
24562 6565
24562 6477
24562 3918
54890 3752
14294 3847
53235 3633
13429 3775
13429 7344
53235 11612
53235 6597
53235 7547
10859 7403
10859 3815
10859 3852
10859 6283
14294 3617
14294 4716
13429 3734
13429 6443
13429 4924
53235 5111
53235 4137
10859 3742
10859 3716
53235 5699
14294 3632
14294 5188
14294 3719
14294 3859
13429 3811
13429 4785
14294 4987
14294 4215
13429 3582
10859 4707
53235 6397
53235 3773
53235 6269
10859 5013
53235 6192
10859 3901
14294 3723
25588 4434
23095 3625
25613 3696
7199 4899
55771 3662
54890 5206
44522 4192
24562 3620
24562 3681
54890 3730
24562 6799
24562 6867
54890 6690
24562 6406
24562 7009
54890 5166
24562 6563
24562 6682
24562 6417
24562 2516
54890 4751
44995 5132
44995 3865
54890 3697
54890 6463
54890 3683
54890 6475
39957 5186
63806 3896
59160 85
44995 5504
23715 3871
24562 178
24562 216
54890 3873
24562 5027
24562 4362
54890 3693
65455 3949
23715 3641
23715 7483
24562 6456
24562 3796
54890 3638
65455 3600
65455 7486
65455 6471
65455 7067
23715 5513
23715 4996
23715 3702
23715 4790
23715 6450
23715 6523
65455 3819
65455 6065
23715 6481
23715 3706
65455 4650
65455 3731
65455 4615
23715 6494
65455 877
65455 6156
65455 3727
23715 3675
24658 3597
24607 4627
27629 3911
15773 4872
1763 3618
44734 3881
30754 3634
40705 3620
7192 3826
19948 3669
58394 3780
54890 4772
54890 6869
24562 5230
24562 3658
45572 3583
24562 4915
24562 4981
54890 3677
3074 3645
27085 3838
39277 3914
46086 3662
55785 4619
40965 3630
10732 4742
63806 5141
44995 3931
44995 4169
59160 4255
59160 3653
44995 3592
39957 4557
59160 5077
26079 3983
39390 3659
44995 3814
5927 3647
34598 3785
39390 4686
26079 3589
26079 7037
39390 6109
40053 3716
40053 5143
25926 3611
40053 3756
25926 16
40053 3604
5927 3595
34598 3625
5927 7571
5927 6451
39390 6196
5927 6948
34598 7493
34598 6528
34598 6391
26079 5138
5927 6653
39390 5007
34598 6422
26079 6021
39390 3822
26079 6243
39390 4938
5927 5022
5927 3652
39390 3738
34598 3827
34598 3696
26079 4771
5927 410
39390 3614
44995 3622
44995 6064
59160 3643
44995 3607
59160 3764
61297 4896
4976 5060
48028 3610
64180 3723
37764 3753
42414 4410
61297 3605
61297 7927
13743 3709
4976 4048
4976 6793
23189 3784
1365 3614
42414 3737
42414 7549
42414 6406
42414 6351
61297 6077
42414 6473
61297 5127
61297 6075
61297 3706
61297 4826
13743 3627
13743 7357
13743 6884
4976 4922
13743 6357
13743 6417
4976 5095
4976 5189
42414 3821
42414 3659
42414 6199
42414 3654
61297 3588
61297 3727
13743 5378
13743 4977
13743 3635
13743 3661
4976 3600
42414 3625
42414 586
61297 4047
42414 3612
61297 4619
42414 4560
42414 651
61297 4049
42414 3039
42414 3653
61297 3579
34980 3855
54890 3658
54890 6158
44995 3635
44995 4710
44995 5133
44995 3733
59160 3784
59160 4083
24562 4653
53159 5239
44995 3625
34980 4220
34980 6762
24562 3781
24562 3733
54890 3610
53159 4724
53159 7447
53159 6443
53159 6201
34980 4906
34980 3682
34980 4724
34980 5205
34980 6396
53159 4111
53159 3784
34980 3677
53159 3651
34980 4735
53159 5024
53159 3653
34980 3730
53159 4754
53159 4996
34980 3626
42414 6372
42414 7220
42414 6550
42414 6656
61297 5071
42414 6372
42414 6499
42414 7323
61297 5108
42414 6557
61297 5420
42414 6468
42414 6478
42414 6951
61297 5180
42414 6458
61297 4944
42414 6420
42414 6449
61297 6194
53159 3626
42414 6379
42414 6375
42414 6367
42414 6438
42414 6397
61297 5434
42414 6555
61297 6378
42414 6507
42414 6866
61297 6342
42414 6375
42414 6444
61297 4922
42414 6541
42414 6940
61297 5063
42414 6401
42414 7202
42414 6353
42414 6814
42414 6387
42414 6452
42414 6710
42414 6512
61297 6186
44995 3728
44995 4151
59160 1671
59160 5114
59160 3755
44995 4588
5221 3785
24676 5151
40037 3654
55397 3656
42414 6556
42414 6446
42414 6633
61297 1234
59160 5803
29080 3911
24676 3622
16794 3835
24676 6998
5221 4342
5221 7119
57753 3680
40037 4130
40037 6680
4505 3690
55397 3596
55397 7316
44995 3673
42414 3693
42414 6204
61297 3630
42414 6407
42414 6439
42414 6970
61297 5319
42414 6485
61297 5090
42414 6691
42414 6403
42414 6468
61297 6204
42414 6414
42414 6776
61297 6341
42414 6477
42414 6554
42414 6105
42414 3622
61297 3598
42414 6409
42414 6412
61297 3616
42414 6403
61297 6104
42414 7487
42414 6717
61297 5231
42414 6392
42414 6417
42414 6617
42414 6712
61297 5238
44995 3642
44995 4692
29080 5052
29080 7777
29080 6371
24676 3599
29080 6813
16794 5163
16794 7430
16794 6395
16794 6467
5221 5139
29080 6796
24676 5060
16794 6604
5221 5525
24676 3975
5221 3694
24676 3681
5221 4651
24676 5133
5221 6104
57753 4041
57753 7321
57753 6825
57753 6859
40037 5220
4505 3623
4505 7330
4505 6412
4505 6498
55397 6345
57753 6411
40037 6209
4505 6363
55397 5111
40037 3780
55397 3682
59160 3607
59160 3581
59160 3611
44995 4602
38545 5197
9537 4278
29080 3749
29080 3810
29080 5091
29080 5016
29080 3610
29080 3657
29080 6313
24676 3711
16794 3959
16794 5155
16794 5095
16794 3657
16794 6691
16794 6368
16794 7200
16794 6428
5221 6056
29080 6424
29080 6497
29080 6753
24676 5034
5221 4926
24676 3677
16794 6404
16794 6542
57753 6092
57753 3803
57753 3717
57753 3662
4505 498
4505 3662
4505 3691
5221 3595
40037 3771
55397 5944
59160 3753
24676 3711
44995 4742
29080 6439
24676 6297
29080 6395
29080 6366
29080 6489
29080 6989
29080 6385
29080 6701
29080 6846
24676 5157
16794 6374
16794 6382
16794 6405
16794 6511
16794 6353
16794 6430
16794 6401
16794 6822
16794 6838
16794 6427
16794 6403
16794 7197
5221 4969
44995 3776
44995 3713
44995 6158
44995 3709
29080 3617
44995 3646
44995 6041
29080 3800
29080 3779
24676 3744
29080 6255
59160 3772
59160 4238
59160 3741
44995 5342
59160 3702
59160 4928
24676 3658
59160 3608
5221 3679
5221 3672
5221 4683
28304 4963
44995 3823
5221 4827
5221 5153
5221 3815
5221 4249
5221 3809
5221 6112
5221 3729
5221 3843
5221 3716
59160 520
59160 3673
7106 3594
28304 3726
16794 6371
16794 6496
16794 6394
16794 6365
16794 6429
16794 6837
5221 6617
16794 6953
16794 6409
16794 6757
16794 6421
16794 6473
5221 6138
44995 3824
59160 6215
44995 3644
44995 3780
59160 4860
59160 4392
16794 4683
16794 4045
16794 4052
16794 6511
59160 5239
44995 4926
24676 3761
5221 3603
16794 6383
16794 6413
16794 6402
5221 4833
16794 6645
5221 6408
16794 6545
16794 6576
16794 6481
16794 6497
16794 6397
16794 7297
16794 6391
16794 6388
5221 6052
16794 6979
5221 5091
59160 6133
44995 3640
44995 3744
59160 6144
44995 4028
29554 3792
44995 3637
44995 3728
59160 3612
59160 4804
59160 4941
26956 3622
26956 3655
10337 3590
26956 3609
10337 3629
10337 3633
16794 6493
16794 6536
5221 3813
29080 3706
29080 3882
29080 6055
24676 3680
16794 6435
16794 6984
5221 6817
16794 6404
16794 6479
5221 5196
16794 6436
16794 6438
16794 7215
5221 6795
16794 6465
16794 6538
16794 6404
16794 6502
16794 6386
16794 6636
16794 6478
16794 6392
5221 5328
16794 6525
5221 3801
60102 4881
60102 5014
60102 3615
30655 1240
26956 3787
60102 3716
16794 6795
16794 6436
5221 6218
59160 3732
51898 3840
62888 4291
29554 3630
29554 6744
59160 6138
44995 3668
29799 3790
16794 7107
16794 6380
5221 6215
16794 6367
16794 6836
16794 6574
16794 6402
16794 6377
16794 6645
5221 5029
16794 6416
16794 6542
16794 6378
16794 6398
16794 6395
16794 6830
16794 6396
16794 6834
5221 6633
16794 6449
16794 6485
16794 6441
16794 6393
16794 6404
16794 6385
16794 6414
16794 7348
5221 5615
16794 6427
16794 6434
5221 4981
38151 3928
51898 3609
51898 6964
62888 3762
62888 7457
62888 6457
62888 6381
29554 3679
62888 6369
29554 5057
29554 4682
33181 5365
29799 3617
29799 6830
16794 6421
16794 6541
16794 6755
16794 6794
5221 5179
16794 6499
16794 6425
16794 6505
16794 6504
16794 6517
5221 6141
16794 6343
16794 7230
5221 5394
16794 6918
16794 6407
5221 6219
16794 6562
16794 6897
16794 6700
16794 6514
16794 6911
5221 4920
16794 6528
5221 6344
16794 6511
59160 3899
16794 6437
16794 6371
16794 6415
5221 6031
16794 6378
16794 6629
16794 6917
5221 4932
16794 6479
5221 6017
44995 3743
16794 6419
16794 6403
5221 5139
16794 6401
16794 6498
5221 5351
38151 4528
38151 8293
38151 6573
51898 5092
38151 6360
38151 6566
51898 3911
51898 3698
62888 4773
62888 4976
62888 3643
62888 3697
29554 3588
33181 3620
33181 7568
33181 6391
33181 6672
29799 5061
33181 6582
29799 6092
29799 3874
16794 6370
16794 6410
16794 6397
16794 6396
5221 6017
16794 6413
16794 6411
16794 6408
5221 6153
16794 6790
16794 6424
5221 5139
16794 7162
16794 6797
5221 5318
16794 6435
5221 5398
16794 6536
16794 7001
5221 5411
16794 6873
16794 6919
5221 5270
16794 6515
16794 6397
5221 5413
16794 6485
16794 6365
16794 6515
16794 6491
16794 6497
16794 6404
16794 6402
5221 5371
16794 6397
5221 4883
16794 6843
5221 5101
16794 6408
16794 6405
16794 6887
5221 5016
16794 7303
16794 6552
5221 5088
16794 6420
16794 6836
16794 6815
5221 4908
16794 6551
16794 6835
5221 6597
16794 6406
16794 6389
16794 6354
16794 6683
5221 5885
38151 3684
33181 3945
33181 3688
29799 6009
33181 2058
29799 3676
16794 6413
16794 6399
16794 6403
5221 5321
16794 6389
16794 6434
16794 6851
5221 5190
16794 6564
16794 6433
16794 7530
16794 6506
5221 6228
16794 6538
16794 6398
5221 6192
16794 6556
16794 6448
16794 6378
16794 6463
16794 6806
16794 6715
5221 4912
16794 6468
16794 6387
16794 6604
5221 5039
16794 6964
5221 5121
16794 6693
16794 6382
5221 6155
16794 6398
16794 6391
16794 6419
5221 5020
51898 3768
59720 3775
48635 5191
5221 5055
44995 4072
44995 3713
59160 4233
59160 3654
44995 4619
16794 4990
16794 3767
5221 3628
16794 6554
16794 6400
16794 6363
16794 6435
5221 6038
16794 6385
5221 6184
16794 6408
16794 7203
5221 5284
59160 5822
61297 4928
44995 3727
64917 3730
42414 4920
42414 3661
42414 3783
61297 3596
44995 5066
44995 5195
59160 3698
44995 3678
27280 3665
59160 6098
46400 3911
44995 4169
61297 3780
51842 152
51842 4091
35774 3622
35774 4087
5221 3685
51842 3614
42414 3785
42414 4708
42414 530
61297 3608
42414 3651
42414 6404
61297 6235
42414 6388
42414 6420
42414 6414
42414 6402
42414 6984
61297 5096
42414 6376
42414 6395
42414 326
61297 4918
42414 6390
42414 6544
42414 6974
61297 5135
16794 4465
16794 6220
5221 5017
16794 6418
16794 6694
16794 6875
5221 4898
16794 6680
5221 5009
44995 3637
44995 3679
59160 4740
59160 3683
44995 4901
59160 3741
61297 3657
61297 6046
61297 3689
61297 3792
61297 6105
61297 3676
44995 3721
42414 3617
42414 3773
42414 1263
42414 4934
42414 3632
42414 3627
42414 3825
61297 3624
42414 6424
42414 7108
42414 3764
61297 4148
42414 4728
61297 4944
42414 3785
42414 6397
42414 6405
61297 6209
42414 7191
61297 5372
42414 6920
42414 6551
42414 6716
61297 5204
42414 6420
42414 2080
42414 4736
61297 3650
42414 6418
61297 6268
42414 6386
42414 6402
42414 5167
42414 6272
61297 3645
42414 6395
42414 6844
61297 5369
42414 6389
42414 6267
61297 4295
61297 4241
61297 3832
61297 6110
61297 3694
42414 3616
42414 6260
61297 3619
42414 6941
61297 4991
42414 6458
42414 6510
42414 6356
42414 6542
42414 6232
61297 5300
42414 3627
42414 4134
42414 6538
61297 4849
42414 6473
42414 6724
61297 5068
42414 6547
42414 6276
61297 5091
61297 3843
61297 6199
42414 3781
42414 3716
61297 3841
42414 6591
42414 7252
42414 6400
61297 6084
42414 6458
42414 6415
61297 5122
42414 6213
61297 5178
42414 6376
61297 5155
42414 6409
42414 6901
61297 5172
42414 6464
42414 535
42414 3758
61297 3633
42414 6817
42414 6407
42414 6392
42414 5020
61297 3727
42414 4941
42414 3784
61297 4029
42414 6479
42414 6411
42414 1853
61297 3654
42414 7005
42414 6396
61297 4905
42414 6578
42414 6412
61297 5369
61297 6476
61297 3727
61297 3808
44995 4871
44995 5106
59160 3799
59160 3607
42414 3681
44995 3626
42414 6374
42414 6405
42414 6427
42414 6375
42414 6494
42414 6540
42414 6838
42414 6983
61297 5251
42414 6392
42414 6366
61297 6179
42414 4164
42414 4840
61297 3836
42414 6383
61297 4974
42414 6911
42414 6792
61297 5187
42414 6381
61297 6242
42414 6397
42414 6814
61297 5160
42414 6388
42414 6384
61297 4618
42414 6413
42414 6394
42414 6154
61297 3671
42414 3813
61297 3575
42414 6190
42414 6512
42414 6395
42414 6468
42414 6501
42414 4820
61297 5023
42414 3644
42414 3772
61297 4064
42414 6755
61297 5047
42414 6369
42414 6541
42414 7141
61297 3989
26871 3612
49864 3803
59160 3789
44995 3652
61297 6057
61297 3696
61297 3724
61297 6038
61297 3776
61297 3919
42414 4688
42414 5235
42414 6940
61297 5066
42414 6386
42414 6387
42414 6204
61297 3764
42414 3689
42414 4745
42414 6417
61297 6118
42414 6361
42414 6490
42414 6294
61297 5245
42414 3657
42414 6320
61297 3631
42414 6927
61297 5100
42414 6871
42414 6401
61297 6134
42414 6801
61297 5194
42414 7374
61297 5646
42414 6636
61297 4898
42414 5207
42414 3875
61297 3574
42414 6392
61297 4167
42414 6574
61297 3619
42414 6375
61297 6039
42414 6526
42414 3404
61297 3604
42414 3664
42414 4741
61297 4950
42414 6503
42414 6531
61297 6153
42414 6741
42414 6534
42414 6695
61297 5081
42414 4592
42414 6120
61297 3627
42414 6377
42414 6414
42414 6529
42414 6291
61297 3583
61297 3731
61297 6065
61297 3752
61297 3723
61297 6100
61297 3709
50486 3647
50486 3702
50486 3600
36283 3800
36283 4728
42414 5087
42414 3799
61297 3652
42414 6557
61297 6373
42414 6412
42414 6388
42414 6711
61297 4896
42414 4931
42414 5140
61297 3585
42414 6456
42414 9068
61297 7403
42414 6902
61297 5169
42414 6406
61297 3645
42414 6536
42414 6389
42414 6417
61297 3651
42414 6382
42414 6401
42414 1145
61297 5263
42414 3716
42414 3803
61297 3598
42414 6407
61297 5243
42414 6378
42414 6863
42414 7232
61297 4947
42414 3652
42414 3799
61297 4614
42414 6390
42414 6450
61297 5412
42414 6885
42414 5758
61297 3621
42414 4185
42414 3696
42414 6111
61297 3744
42414 6375
42414 6413
42414 6534
42414 6417
42414 6438
42414 6215
42414 6367
42414 6393
42414 3784
42414 3164
61297 3632
42414 6390
42414 6678
61297 5520
50486 4505
42414 6439
42414 6404
61297 6019
42414 6791
61297 5578
61297 5076
61297 3678
61297 4855
61297 5163
61297 3655
61297 3796
42414 5204
42414 5088
61297 3606
42414 6429
61297 5298
42414 6398
42414 6395
42414 6933
61297 5310
42414 6451
42414 6775
42414 6362
61297 4874
42414 5334
61297 3696
42414 3904
42414 6406
61297 4850
42414 6431
61297 4797
42414 6399
42414 6322
61297 5315
42414 6413
42414 6835
61297 5055
42414 3680
42414 6119
61297 3772
42414 6397
42414 6589
61297 6354
42414 7057
61297 5559
42414 6446
42414 6445
42414 6218
42414 6616
61297 5024
42414 3698
42414 6096
61297 3596
42414 6443
61297 5188
42414 6416
42414 6370
42414 6379
42414 6380
42414 6544
42414 6146
61297 3718
42414 3654
42414 3839
61297 3602
42414 6961
61297 4958
42414 6392
42414 6527
42414 4753
61297 5130
42414 3756
42414 3863
61297 3618
42414 6429
61297 4250
42414 6860
42414 6401
42414 6955
61297 5192
42414 6542
42414 6964
61297 5079
42414 6683
42414 7166
42414 3808
61297 3598
38918 4825
38918 1301
32037 4033
32037 3634
38918 3659
31804 3674
40081 3718
31804 3604
40081 3639
61297 6046
61297 3684
61297 3744
61297 6213
61297 3710
42414 4765
42414 5098
61297 4041
42414 6412
61297 6118
42414 6905
42414 6396
61297 6058
42414 4980
61297 3601
42414 3812
42414 6417
61297 6138
42414 6385
42414 3025
61297 4891
42414 3708
61297 3628
61297 5105
42414 6436
42414 6406
42414 6265
61297 3712
42414 4824
42414 5206
61297 4046
42414 6366
61297 5281
42414 6753
61297 4957
42414 3672
42414 3886
61297 3622
42414 6503
42414 6952
42414 6595
61297 5115
42414 6322
42414 6393
42414 7193
61297 5545
42414 6394
61297 6077
42414 6511
42414 6461
61297 5167
42414 7014
61297 5416
42414 6632
31804 4863
42414 4099
42414 3658
61297 3645
42414 6837
61297 6561
42414 6396
42414 6384
42414 6326
42414 6394
42414 6289
61297 3699
23174 3651
23174 3640
23174 3587
10172 2440
23174 5393
61297 1942
61297 1400
61297 3852
61297 6164
42414 3602
42414 3764
61297 3597
42414 6422
42414 6548
42414 6382
61297 5286
42414 3810
61297 3659
42414 6096
42414 6428
61297 3669
42414 6488
42414 6938
61297 4962
42414 4953
42414 5057
61297 3795
42414 3821
42414 6388
42414 6406
42414 6447
42414 6383
42414 6270
61297 5338
42414 7159
42414 3847
61297 3602
42414 7271
61297 5874
42414 6421
42414 6632
61297 5030
42414 6638
61297 5033
42414 6391
42414 21709
61297 19945
42414 6902
61297 5082
42414 7532
61297 5119
42414 6436
42414 6375
42414 6374
42414 6415
42414 6499
42414 3684
61297 3617
42414 3663
42414 6197
61297 4165
42414 6516
42414 6368
42414 6432
61297 4961
42414 4756
42414 3743
61297 3812
42414 6590
61297 4985
42414 6579
42414 6528
42414 6212
61297 5180
4976 3722
26079 4796
61297 5049
61297 3736
61297 4706
61297 5062
61297 3706
13743 3736
4976 3755
42414 4647
42414 5682
61297 5109
42414 6405
42414 6365
42414 6262
61297 5242
42414 3767
34598 3630
42414 3638
42414 6215
26079 4329
61297 3724
42414 6846
61297 5067
42414 7867
61297 5667
42414 6415
42414 6851
61297 4927
42414 6122
61297 3931
42414 3637
42414 4894
61297 5130
42414 7022
61297 4919
42414 7919
61297 6030
42414 6374
61297 3633
42414 6424
42414 6654
42414 3758
61297 3641
42414 3653
42414 6231
61297 3599
42414 6806
61297 5196
42414 6696
61297 5055
42414 6379
42414 3726
61297 3658
42414 3811
42414 6194
61297 3630
42414 7512
42414 6493
42414 6424
42414 3807
61297 3606
11771 3642
11771 3606
44562 3893
44562 4740
5221 5111
11771 3767
44562 3629
27198 3827
27198 3711
27198 6332
11771 3614
19379 415
19379 3857
19379 3667
19379 6510
27198 5031
19379 6293
19379 3729
27198 3708
19379 3616
27198 3753
16794 4639
16794 5149
5221 3775
16794 6405
16794 6982
16794 6616
16794 6564
5221 6200
16794 6555
16794 6366
16794 6400
16794 6514
5221 4847
16794 6557
16794 6394
16794 6412
16794 6135
16794 3654
5221 3737
16794 6719
16794 6703
16794 6592
16794 6891
5221 5064
16794 6431
5221 5378
16794 6418
16794 6514
16794 6558
16794 6357
16794 6528
16794 6380
16794 205
5221 3586
16794 6422
16794 6977
5221 4543
19379 3615
29554 3919
40037 4594
55397 4777
29799 1659
51898 3621
44995 4086
44995 3851
59160 3604
59160 4802
44995 4926
57753 3766
40037 3652
4505 3712
55397 3741
38151 3689
51898 3703
62888 4041
29554 3589
59160 6098
53429 3804
11444 3656
44995 3627
14437 4264
11444 3794
43108 3670
53429 3637
53429 7036
11444 6393
14437 4901
43108 4996
14437 7870
14437 6414
14437 6701
11444 4061
43108 7355
43108 6513
43108 6258
53429 3625
11444 3702
53429 1552
11444 6071
11444 3886
14437 6271
11444 4284
14437 4874
14437 5407
11444 4149
11444 3798
14437 3629
43108 4941
43108 5060
53429 3829
53429 3626
14437 6262
11444 3698
22132 3635
22132 3726
22132 3619
29774 837
44995 6020
44995 3725
59160 3634
59160 6090
44995 3653
7787 4090
62908 3696
7787 3873
7787 7426
62908 3721
62908 7457
62908 6390
62908 6735
7787 5070
62908 6400
7787 6067
62908 3677
7787 4799
7787 5036
7787 3957
14437 4827
62908 3682
62908 5161
62908 3694
7787 3611
7787 4753
62908 6255
7787 3686
62908 6358
62908 6357
62908 8069
7787 6340
62908 7734
62908 6216
7787 5165
62908 6537
62908 6532
62908 6469
62908 6390
62908 6252
62908 6432
62908 6307
7787 4745
7787 5000
7787 3669
7787 3889
7787 3657
7787 3874
7787 3673
7787 4795
7787 5065
62908 2603
62908 6330
62908 6813
7787 5202
62908 6226
7787 3799
62908 6419
62908 6190
62908 6879
62908 6415
7787 6257
62908 6389
62908 7071
62908 6484
62908 6503
62908 6384
62908 6429
7787 6015
62908 6360
62908 6307
62908 6641
62908 6553
62908 6515
62908 6299
62908 6318
62908 6369
62908 6505
7787 4854
62908 6941
7787 5232
62908 6266
62908 6847
62908 6562
7787 5023
62908 6755
62908 6336
7787 6121
62908 6480
62908 6238
7787 5021
62908 6309
7787 6137
62908 6365
62908 6474
62908 6973
7787 4887
62908 6817
62908 6728
7787 5091
62908 6410
7787 6055
62908 6394
62908 6436
62908 6383
7787 4813
62908 7282
62908 5612
7787 4802
62908 6510
62908 6657
62908 6416
7787 5363
62908 6393
62908 6543
7787 5013
62908 6359
62908 6391
62908 6400
7787 4901
62908 6970
7787 4959
62908 6404
62908 6513
7787 6371
62908 6528
62908 6434
62908 7114
7787 5820
62908 6468
7787 5225
62908 6832
62908 6448
7787 6257
62908 6423
62908 6514
62908 6653
7787 5071
62908 6413
7787 6017
62908 6499
62908 6419
7787 6153
62908 6365
7787 5423
62908 6467
62908 6423
62908 6431
62908 6788
7787 5279
62908 6496
62908 6570
62908 6670
7787 5027
62908 6571
7787 5221
62908 6557
62908 6630
7787 5155
62908 7155
62908 6336
7787 6125
62908 6526
62908 6298
7787 5083
62908 7233
62908 6407
62908 6373
62908 6418
62908 6724
7787 4919
62908 6362
7787 6164
62908 6404
62908 6389
62908 6970
7787 5188
62908 6414
7787 4859
62908 6444
62908 6331
62908 6961
7787 4912
62908 6350
7787 5394
62908 6302
62908 6359
7787 4876
62908 6388
62908 6309
7787 5298
62908 7103
7787 5743
62908 6545
7787 5151
62908 6378
62908 6513
62908 6536
7787 5355
62908 6390
7787 6163
62908 6422
62908 6516
62908 6404
62908 6431
7787 6161
62908 6520
62908 6688
7787 5042
62908 6692
62908 6690
7787 5066
62908 6420
62908 7208
7787 5284
22132 4015
62908 6393
62908 6417
62908 7040
7787 5368
62908 6697
7787 5099
62908 6860
62908 7179
62908 6799
7787 4863
62908 6545
62908 6491
7787 6222
62908 6374
7787 5081
62908 6430
62908 6386
7787 5012
62908 6389
62908 6366
7787 3640
62908 6395
62908 6412
7787 6037
62908 6356
62908 6404
7787 4843
62908 6373
62908 6217
7787 6108
62908 6377
62908 6501
62908 6440
62908 6526
7787 6324
62908 6430
62908 6450
62908 4806
7787 4103
62908 6412
7787 6222
62908 6476
62908 6382
62908 6360
62908 6433
62908 6748
7787 5135
62908 6364
62908 6716
62908 6567
7787 6364
62908 6418
62908 7232
7787 6917
62908 6444
62908 6403
7787 6265
62908 6346
62908 6521
62908 3779
7787 3626
62908 6366
7787 5184
62908 6391
62908 6406
7787 4875
62908 6542
62908 7157
62908 6669
7787 5187
62908 7012
7787 6643
62908 6388
62908 6510
7787 6302
62908 6568
62908 6476
7787 6266
62908 6704
62908 6413
62908 6404
62908 6705
7787 5180
62908 6362
62908 6452
62908 6330
7787 3630
62908 6425
7787 5330
62908 6365
62908 6414
7787 4841
62908 6411
62908 6374
62908 6853
7787 5051
62908 6450
62908 6524
7787 6375
62908 6403
7787 4012
62908 6456
62908 7098
62908 3746
7787 4886
62908 6505
7787 6075
62908 6415
62908 6485
62908 6540
7787 4913
62908 6385
62908 6436
62908 6184
7787 5132
62908 6359
62908 6849
7787 6535
62908 6356
62908 6956
7787 5052
62908 6529
62908 6767
7787 4922
62908 6402
62908 6372
62908 6427
62908 6556
62908 6611
7787 4932
62908 6422
62908 6368
7787 6186
44995 3798
44995 4254
44995 3654
44995 4652
44995 5073
44995 3880
62908 6501
62908 5112
7787 3738
62908 6311
62908 7604
62908 6858
7787 5176
62908 6884
62908 6765
7787 5139
62908 6439
62908 6442
62908 6088
7787 3761
62908 7021
7787 5060
62908 6596
62908 6599
62908 6997
7787 4963
62908 6484
62908 4681
7787 3639
62908 6449
7787 3674
62908 6576
62908 7360
62908 5891
7787 4909
62908 6407
7787 4188
62908 6394
62908 6444
62908 4486
7787 3595
62908 6439
62908 12324
7787 10007
62908 6463
62908 6517
7787 6589
62908 6451
7787 5283
62908 6587
62908 6607
7787 5014
62908 6405
62908 6403
62908 6430
7787 5025
62908 9309
7787 7552
62908 6366
62908 6797
62908 6388
7787 6210
62908 6658
7787 5083
62908 6675
62908 7898
62908 6555
62908 5735
7787 4870
62908 6507
62908 7282
62908 6468
62908 6305
7787 6087
62908 6871
62908 6555
62908 6347
62908 6259
7787 3649
62908 6508
62908 6365
62908 6421
62908 6437
62908 6410
7787 6213
62908 6381
62908 6433
7787 6009
59160 3598
59160 3763
59160 3622
59160 4597
44995 5081
62908 6695
7787 5056
62908 6378
62908 6417
62908 7162
62908 6276
59160 3815
7787 3645
59160 4886
44995 4898
62908 6509
62908 6805
62908 6498
62908 5232
7787 4009
57722 3963
62908 6866
62908 6403
7787 6115
62908 6393
62908 6553
62908 6832
7787 4926
62908 6395
62908 7118
7787 5268
44995 3864
44995 6083
62908 6410
7787 6191
62908 6414
62908 6495
7787 6063
62908 6371
62908 6467
7787 6247
62908 7569
62908 4223
7787 4653
7787 4999
7787 3608
44995 3808
44995 3707
44995 4700
44995 5090
62908 6398
62908 6891
7787 5258
62908 6365
62908 6405
62908 6581
62908 6666
62908 5026
7787 4636
62908 6383
7787 6215
62908 6511
62908 6391
7787 3677
62908 6529
62908 6549
7787 5163
62908 6588
7787 5105
62908 6388
7787 5117
62908 6845
62908 6414
62908 7439
62908 6379
62908 6582
7787 6416
62908 6392
7787 3687
62908 7695
7787 6390
62908 6655
62908 6498
7787 3606
42313 4869
62908 6874
62908 3741
7787 3648
57722 3600
57722 7563
62908 6392
7787 6230
62908 6825
62908 6430
62908 6568
7787 5492
62908 6424
7787 5411
62908 6944
62908 6407
62908 6392
7787 6004
62908 7421
62908 6675
7787 6537
62908 7931
7787 6222
62908 6574
7787 6418
62908 6450
62908 6519
62908 6419
7787 6009
62908 6688
62908 6767
62908 6515
7787 6220
62908 6579
7787 5032
62908 6530
62908 6853
62908 3828
7787 3708
62908 6397
7787 4956
62908 6621
62908 6383
62908 6776
7787 5074
62908 6724
7787 5567
62908 6503
62908 6820
62908 6846
7787 5250
62908 6418
7787 6263
62908 8023
7787 7752
62908 6615
62908 6378
7787 4847
62908 6415
7787 6125
62908 6558
62908 6463
62908 6413
7787 5172
59160 3763
62908 6747
7787 4093
62908 6426
62908 6532
62908 6808
62908 6751
7787 5151
59160 3875
44995 3831
62908 6458
62908 6419
7787 5055
62908 6407
62908 7208
62908 5333
7787 3793
62908 3598
42362 3981
59160 3859
59160 4176
59160 7589
44995 3660
59160 6084
23147 3919
7787 3980
42313 3641
42313 9463
42313 6798
42313 7734
57722 5992
62908 6429
7787 6174
62908 6532
62908 6392
62908 6551
62908 6529
7787 6236
62908 6441
62908 6387
62908 7083
7787 5171
42313 6728
57722 5050
62908 6417
7787 5395
62908 6734
7787 5126
62908 6798
62908 7039
7787 5037
62908 6417
62908 6763
62908 7937
62908 3781
7787 4727
62908 6845
62908 6839
7787 5645
62908 6534
62908 6748
7787 5188
62908 6563
7787 4957
62908 6434
7787 6203
62908 7202
62908 6990
7787 4984
62908 6490
62908 6904
7787 5072
62908 6494
62908 6807
7787 5198
62908 6427
62908 6616
62908 6384
62908 6441
7787 5313
62908 7198
7787 5432
62908 6374
7787 4958
62908 6405
62908 8124
62908 6330
7787 4572
21833 3966
42362 3702
42362 7993
62908 6521
62908 6355
62908 6425
62908 6380
62908 6509
7787 4349
62908 6398
7787 6166
62908 6556
62908 6543
62908 6499
7787 6326
62908 6821
62908 3959
7787 3593
42313 4852
57722 5006
1468 3734
23147 3872
23147 7084
62908 6334
62908 6591
62908 6526
7787 4149
62908 6508
62908 6229
62908 8052
62908 6419
62908 6094
7787 3659
62908 6502
62908 6426
62908 7009
7787 5083
62908 6434
62908 5180
7787 3628
62908 6390
62908 7155
7787 5246
62908 6769
62908 6395
7787 5358
62908 6372
62908 6353
62908 6235
7787 3752
62908 5179
7787 3755
62908 6627
62908 6935
62908 7019
7787 5284
62908 6805
62908 6344
62908 6659
62908 6537
62908 8958
7787 7268
62908 6850
62908 6603
62908 6543
7787 3637
62908 6535
62908 6220
7787 4823
21833 3720
21833 7716
21833 6521
21833 6352
42362 4794
21833 6400
42362 4227
59160 3788
44995 4737
20072 4380
42313 5119
1468 3710
1468 7430
1468 6513
1468 6927
23147 5177
1468 6398
23147 5152
21833 4122
42362 6219
62905 3859
20072 3647
20072 7038
21833 5147
1468 4071
23147 6512
23147 3781
23147 4871
62905 4140
62905 7397
62905 6395
62905 6962
20072 4949
57722 3659
62905 6443
20072 3643
1468 5147
59160 4975
12423 5354
1468 3873
23147 3628
23147 3856
42362 3571
1468 6342
1468 6907
23147 5191
1468 6418
1468 6352
1468 6413
1468 6187
23147 3571
1468 7049
1468 6823
1468 6461
1468 7708
1468 6401
1468 6381
1468 6960
23147 5076
1468 6461
23147 3719
62905 3647
20072 4666
1468 6519
1468 6783
23147 5103
25901 3836
12423 3584
1468 6544
1468 6424
1468 6393
1468 6592
1468 6889
23147 5058
1468 6376
1468 6948
23147 4961
1468 6398
23147 5006
1468 6386
1468 6880
23147 5214
1468 6696
1468 6482
23147 4906
1468 6524
1468 7099
1468 6924
23147 5064
1468 6368
1468 6357
23147 5424
12423 7168
1468 6382
1468 6608
1468 6830
1468 6555
1468 6405
1468 6542
1468 6381
1468 6768
23147 5200
1468 6579
1468 6388
1468 6851
23147 5185
62841 4869
44995 5026
44995 3837
62905 6127
42362 3733
7787 3942
7787 4104
7787 3663
7787 5061
42362 5195
21836 3911
62841 3664
62841 7464
21833 4108
1468 6504
42362 3646
1468 6385
23147 3673
1468 6489
1468 7077
23147 5220
1468 6749
1468 6972
23147 5058
1468 6539
1468 6950
23147 5052
1468 6530
1468 7198
23147 5327
1468 6547
1468 6444
23147 3587
21833 6432
42362 3777
21833 6915
42362 4931
21833 6402
21833 6241
42362 3613
21833 6577
21833 6539
21833 6413
21833 6281
42362 4866
1468 7378
1468 7398
23147 4939
25901 3630
1468 6432
1468 6546
1468 6453
25901 5300
23147 5028
1468 6941
23147 5204
1468 6459
1468 6717
23147 6456
1468 6404
1468 6500
12423 3651
23147 3656
12423 4863
12423 5247
1468 6433
1468 6772
23147 5192
1468 6425
1468 6915
23147 5137
59160 3758
59160 4718
1468 6378
1468 6878
23147 6723
1468 7246
1468 6604
23147 5039
1468 6455
1468 6368
1468 7581
23147 6103
1468 6371
59160 3776
62908 4607
23147 3585
44995 4951
1468 6405
1468 6483
23147 5268
1468 6535
1468 6404
23147 5255
1468 6500
1468 6433
23147 5215
1468 6461
1468 6786
23147 5163
1468 6375
1468 6824
23147 4908
62908 3621
62908 5034
62908 6803
7787 5184
62908 6364
62908 3020
7787 3602
21836 3629
21836 7476
21836 6832
21836 6821
62841 4911
21836 7403
62841 5808
20072 3659
1468 6406
1468 6560
1468 6423
1468 6584
1468 6428
23147 6207
1468 6389
1468 6852
1468 6374
1468 6700
1468 6473
1468 6443
1468 6793
1468 6898
23147 6670
1468 6428
1468 3757
1468 6648
1468 6400
1468 6412
1468 6467
1468 7768
1468 6825
1468 6686
23147 5017
1468 6378
1468 6416
1468 6849
1468 6379
1468 5246
23147 4213
25901 5108
25901 3634
12423 3642
25901 6430
25901 6798
12423 5205
25901 6400
25901 6491
25901 6396
25901 6388
25901 6815
25901 6991
12423 5114
21836 3695
62841 6041
62841 3693
62841 3805
21836 6104
21836 3825
21836 6351
21836 6735
21836 7119
21836 6334
21836 6240
21836 6353
21836 6539
21836 6382
62841 3645
62841 4998
25901 6333
25901 6389
25901 6370
21836 6363
21836 6356
21836 6382
21836 6314
21836 6517
21836 6564
21833 5206
12423 3709
62841 3682
25901 6388
25901 6522
25901 6398
25901 6435
25901 6384
25901 6487
25901 6353
25901 6696
12423 5030
25901 7190
25901 6799
12423 5184
21836 6935
62841 4987
21836 6380
21836 6551
21836 6378
21836 6955
62841 5078
21836 6379
21836 6431
21836 6408
21836 6549
21836 6402
21836 6452
21836 6384
21836 6833
62841 5248
21836 6839
21836 6495
21836 6650
21836 6374
62841 4883
21836 6407
21836 6535
62841 5137
21836 6355
21836 6414
21836 6468
21836 6379
21836 6878
21836 5053
62841 5109
21836 4621
21836 4133
21836 6391
21836 6385
21836 6444
21836 6426
62841 6182
21836 6455
21836 6743
62841 5032
21836 6641
21836 6389
21836 6396
21836 6369
21836 6477
21836 6410
21836 6388
21836 6499
21836 6390
21836 6820
21836 6543
21836 6912
21836 6431
21836 6691
62841 5076
21836 6506
21836 6608
21836 6362
21836 6397
21836 6679
62841 5066
21836 6770
62841 3833
21836 7041
21836 6963
62841 5083
21836 6424
21836 6442
62841 6196
21836 6574
21836 6446
62841 4476
21836 6439
21836 6381
21836 6939
62841 5162
21836 6552
21836 6475
21836 6939
62841 5083
21836 6525
21836 7026
62841 5238
21836 6537
21836 6427
21836 6553
21836 6672
62841 5043
21836 6594
21836 6883
62841 5164
21836 6814
21836 6438
62841 6073
21836 6851
21836 6544
21836 6566
62841 6277
21836 6821
21836 6496
21836 6410
21836 6351
21836 6426
21836 6518
21836 6504
62841 5038
21836 6421
21836 6757
21836 5374
62841 4122
21836 6499
21836 6428
21836 6395
21836 6514
21836 6841
21836 6390
21836 7062
62841 5056
21836 6534
21836 6364
21836 6602
21836 6807
62841 5190
21836 6344
21836 6396
21836 6570
62841 6232
21836 7434
62841 5468
21836 6436
21836 6377
62841 5464
21836 6364
21836 6370
21836 6917
62841 5688
21836 6554
21836 6367
21836 3858
62841 3648
21836 6444
21836 6281
62841 4899
7787 6151
7787 3800
7787 3718
7787 4830
7787 5063
62908 6421
62908 6274
62908 6700
7787 5053
62908 6367
62908 6402
62908 6222
7787 5166
62908 6361
62908 6476
7787 6316
62908 6969
62908 6600
7787 5011
62908 6398
62908 6805
7787 5109
62908 6489
7787 6365
62908 6396
62908 6430
62908 6345
62908 6379
62908 3962
7787 3696
62908 6153
62908 7153
7787 4883
62908 6481
62908 6294
62908 6316
7787 5073
62908 6793
7787 4939
7787 5094
7787 3649
7787 3673
7787 3657
7787 3796
12423 6012
7787 3707
7787 3758
62908 7155
62908 6637
62908 6622
7787 5103
62908 6296
62908 6396
62908 6225
7787 4988
62908 6377
62908 6722
62908 6402
62908 6299
7787 5186
62908 6321
62908 6330
7787 5148
62908 6439
62908 6363
62908 6534
62908 6408
62908 6386
62908 6528
62908 6543
62908 3778
7787 4034
62908 6404
62908 6508
62908 470
7787 5086
25901 6843
25901 6414
25901 6921
25901 6454
25901 6412
25901 6392
25901 6510
25901 6383
25901 5046
12423 3614
62908 3614
62908 6230
7787 4829
62908 6256
7787 4957
64647 4294
62841 3801
21836 6348
21836 6510
21836 6622
62841 5051
21836 6303
21836 6386
21836 6704
62841 4895
21836 6403
21836 6390
21836 6544
21836 6872
62841 5166
21836 6379
21836 7427
21836 6411
21836 6398
62841 4877
21836 6817
21836 6412
21836 6331
21836 6739
62841 5118
21836 6385
21836 6907
62841 4896
21836 6437
21836 6422
21836 6382
21836 6408
21836 6434
62841 3606
21836 6492
21836 6376
21836 6521
21836 6878
62841 5082
21836 6379
62841 4073
21836 6499
21836 6367
21836 6388
21836 7069
62841 5107
21836 6362
21836 6395
21836 6505
21836 6513
62841 3612
21836 7095
21836 6371
21836 6413
21836 6472
21836 6894
62841 5197
13614 3783
64647 3616
64647 7105
13614 3622
13614 7409
64647 3702
64647 3663
64647 6089
13614 3752
13614 3689
64647 3647
13614 6547
64647 6054
13614 6430
13614 6389
64647 6236
13614 6413
13614 6514
13614 6400
13614 6637
13614 6666
64647 6394
13614 6831
13614 3784
64647 3640
40162 3641
43996 5356
44995 4977
44995 3755
59160 3627
59160 3786
59160 6100
44995 3784
44995 3723
7787 7109
7787 4455
44995 3688
44995 3740
44995 3636
44995 6009
44995 3738
44995 3741
44995 4646
44995 5009
44995 3698
44995 3758
44995 4610
44995 5148
59160 3647
62908 3636
59160 3605
44995 3654
59160 3656
59160 4940
59160 3655
59160 3665
44995 4111
59160 4103
62908 6417
62908 6301
7787 5192
44995 4640
62908 6717
62908 3685
7787 3627
59160 6069
27495 3995
44995 3676
17768 3881
27495 3618
27495 7103
17768 3641
17768 7272
17768 6851
17768 6554
27495 5036
59160 6104
12135 4004
27495 3758
27495 3633
27495 6149
44995 3787
54118 3954
27495 6047
46440 3958
12135 3602
17768 3805
17768 4740
27495 4199
17768 6389
17768 6363
27495 4975
59160 4506
38360 3820
59160 6085
44995 3630
9577 3849
54118 3595
54118 6955
17768 6875
27495 5211
31998 6535
38360 1853
17768 5481
9577 3901
9577 7306
9577 6484
9577 6774
54118 4904
54118 3857
31998 3577
31998 7450
31998 6778
38360 5086
31998 6367
31998 6395
31998 6407
31998 6905
38360 5191
31998 6924
31998 6484
31998 6384
31998 6183
38360 5398
31998 4752
38360 5078
38360 3676
38360 4764
45164 5004
45164 3648
14685 3633
45164 3632
14685 3787
31717 3803
31717 3648
14679 4620
14685 5221
14679 3603
31717 3577
14679 3579
19426 3691
19426 3628
7509 1165
19426 3648
7509 3625
1655 4712
1655 4931
47182 3598
47182 3616
1655 3637
47182 4967
9577 6130
9577 3635
54118 3716
42362 3686
59160 6137
7787 3686
7787 3732
7787 5186
7787 5063
7787 3672
7787 3666
7787 4746
21833 4919
21833 6312
21833 6883
42362 5077
31998 3598
31998 6097
31998 4104
38360 3600
38360 3771
31998 6266
7787 3806
42362 4727
62908 5160
21833 6297
42362 3634
21833 6318
21833 6463
21833 6654
21833 6381
21833 6221
42362 5401
21833 6433
21833 6212
21833 6488
42362 6054
21833 6857
21833 6394
42362 6137
21833 6409
21833 6412
21833 6385
42362 5039
21833 6451
21833 6560
21833 5986
42362 5455
21833 6396
21833 6795
21833 6523
42362 6076
59160 3882
44995 3588
11444 6320
21833 6298
21833 7208
21833 6423
21833 6284
42362 3934
38360 4195
21833 6835
21833 6450
42362 4870
21833 6366
21833 6446
21833 6434
42362 6173
21833 6364
21833 6419
21833 6399
21833 6171
42362 5221
31998 6204
38360 3822
62908 3602
62908 6231
62908 4712
7787 5080
62908 6198
62908 6274
7787 3657
62908 3693
62908 6873
7787 5060
62908 6186
62908 6193
7787 3765
62908 4775
44995 5122
62908 6617
7787 5157
62908 6793
62908 6315
7787 5364
62908 6162
62908 6809
7787 5037
62908 3806
14437 3573
31998 3647
7787 3640
59160 4625
31717 4957
45164 3602
19426 3621
1655 3597
38360 3843
38360 6231
14437 6520
14437 6385
14437 6858
11444 5201
14437 6374
11444 3875
25655 3677
25655 3749
54358 5195
25655 3656
54358 3771
31998 3630
31998 6231
38360 6100
13941 4123
13941 3765
52303 39
13941 3597
52303 3650
13951 5971
13951 3664
13951 3989
27721 3658
27721 3589
25655 5533
13941 3623
13951 3683
7787 6042
7787 3696
7787 3677
7787 3672
44995 4630
44995 5507
11444 3762
44995 4668
44995 5191
7787 3735
7787 3683
62908 3694
62908 6330
62908 6230
7787 5288
59160 3786
59160 4964
59160 718
59160 3758
44995 3620
62908 6470
62908 6348
7787 3637
62908 6258
62908 6416
62908 6583
7787 5014
62908 6379
62908 6247
7787 3913
7787 3833
62908 6449
62908 6670
62908 4824
7787 3696
62908 6958
7787 5013
62908 6317
62908 6456
62908 6202
7787 5375
62908 6073
7787 3575
7787 3683
7787 3669
62908 6268
62908 6854
7787 5189
62908 6503
62908 6945
7787 6521
62908 6701
62908 7055
7787 5594
62908 6391
62908 6379
62908 6684
7787 5051
62908 6323
7787 5196
62908 6320
62908 6424
7787 5317
62908 6299
62908 6402
62908 6235
7787 3635
62908 6410
62908 6809
62908 1222
7787 4872
62908 6451
62908 6311
7787 5359
62908 4773
62908 6320
62908 6177
7787 5320
62908 6611
7787 5070
62908 6996
62908 6411
62908 6201
7787 3589
62908 11238
7787 8108
14437 5514
59160 6109
161 3778
14437 6826
14437 1123
11444 3681
7787 4142
7787 6068
44995 3606
14437 3791
11444 3810
62908 3606
62908 6264
62908 6374
62908 6342
62908 6341
62908 3808
7787 4770
62908 6781
62908 6267
62908 6388
62908 6282
62908 6708
7787 5358
62908 6403
7787 4653
64672 3852
34420 3877
161 3596
161 7163
5749 3675
64672 3575
64672 6357
34420 3618
34420 7153
161 3652
161 3821
161 6194
59160 6144
11444 6094
44995 3624
14437 3705
14437 6283
5749 3593
5749 7025
64672 3611
11444 3585
34420 3621
34420 4103
161 4644
34420 5133
35779 4075
37521 3695
37521 4062
161 3647
35779 3595
5749 4848
64672 5419
34420 4680
17044 3604
7154 3790
60224 3673
49886 3839
44995 3629
44995 6022
44995 3655
44995 3862
44995 3724
44995 5077
44995 5086
44995 3787
7787 4716
7787 5187
42362 3703
42362 4693
13306 4921
7787 3704
59160 3684
59160 3719
59160 3643
44995 3604
59160 3700
59160 4570
59160 5103
44995 3776
59160 4150
34209 4304
54407 4795
62908 6461
62908 6792
62908 6427
7787 6242
62908 6491
7787 3613
62908 6396
62908 6645
7787 4867
62908 6678
62908 6858
7787 4947
62908 6415
62908 7255
7787 5405
62908 6406
62908 6386
7787 6117
62908 6388
62908 6816
7787 5177
62908 6401
62908 6503
7787 6164
62908 6527
62908 6929
7787 5223
62908 6424
7787 6283
62908 6400
62908 6450
7787 6047
62908 7114
62908 6543
7787 6065
62908 6350
62908 6429
7787 4938
62908 6491
62908 6410
7787 6041
62908 6416
62908 6388
7787 5274
62908 6437
62908 6521
7787 6347
62908 6384
62908 6632
7787 5003
21833 3648
62908 6542
62908 6966
7787 4967
62908 6386
62908 6899
7787 5161
62908 6392
62908 6877
7787 5056
62908 6402
62908 6869
7787 5224
62908 6436
62908 6851
7787 6659
62908 6386
62908 6675
7787 5079
62908 6408
62908 6429
7787 3636
62908 7331
62908 6510
7787 5025
62908 6499
21833 6412
21833 6458
21833 6441
42362 6281
21833 6387
21833 6332
21833 6846
42362 4857
44995 3736
21833 6298
59160 3882
7787 6133
57120 3887
34209 3622
34209 7098
62908 3844
62908 6397
7787 5222
42362 3608
44995 3837
62908 4385
57120 3731
57120 7526
57120 6401
57120 3936
34209 3641
34209 4737
34209 5464
34209 6323
34209 5267
62908 6156
7787 3657
62908 4096
7787 3766
62908 3601
57120 6152
57120 3664
34209 3638
34209 3778
57120 857
34209 4993
57120 3584
34209 5687
57120 4454
57120 3771
57120 4630
34209 4916
59160 3859
17283 3846
14210 3814
52099 4179
36739 3790
44995 4723
44995 5506
42885 4388
59160 3609
59160 3713
57120 3672
34209 4808
44995 5017
44995 3675
59160 3613
59160 3653
59160 6207
44995 4048
2958 3790
4936 3649
9034 3663
29513 3763
14210 4754
17283 3650
36739 4911
33609 3929
52099 3641
36739 7320
17283 6389
14210 6392
52099 5084
54080 5020
35394 3829
42885 3760
2958 3645
2958 7414
42885 6479
59160 4164
58245 3660
35394 5075
35394 7259
35394 6459
35394 6263
2958 4900
2958 3687
2958 3752
2958 6117
59160 3955
44995 3603
7787 6198
62908 4045
29513 3597
35394 3608
9034 4061
35394 3712
35394 6424
35394 3643
33609 3641
35394 6364
35394 6743
35394 6426
4936 6214
4936 7117
4936 6550
4936 5806
2958 5063
14210 3651
35394 8080
35394 7011
2958 944
35394 6435
35394 6391
35394 6839
35394 6473
33609 7380
29513 7176
33609 6383
33609 6266
29513 6419
2958 6285
52099 3736
36739 3689
29513 6280
35394 6420
35394 6370
35394 6850
35394 6823
35394 6379
35394 6611
2958 5143
35394 6402
35394 6412
2958 6187
35394 6406
35394 6390
2958 4938
9034 7382
9034 6563
9034 6799
17283 4026
35394 6368
35394 6471
2958 6172
14210 5077
35394 6481
35394 7011
2958 5389
52099 5620
35394 6475
2958 6314
35394 6420
2958 3649
36739 6074
4936 3763
35394 6502
35394 6394
33609 6093
29513 3799
35394 6398
35394 6392
35394 6964
14210 5358
52099 3877
36739 3764
2958 4774
35394 6848
35394 7736
2958 5886
17283 3673
52099 3776
36739 5304
17283 4951
14210 3788
42885 3566
14210 6215
14210 6123
14210 3785
14210 6281
14210 6325
14210 6691
35394 6368
35394 6538
2958 6378
35394 6398
2958 5012
9034 3801
17283 4836
54080 4938
54080 7285
42885 7132
54080 6365
54080 6249
54080 6127
42885 770
42885 3604
9024 3815
58245 3597
35394 6417
2958 6229
35394 6486
35394 6637
2958 5053
35394 7298
35394 6542
35394 6344
35394 6409
35394 6395
35394 6495
35394 6377
35394 6837
35394 6822
2958 6455
35394 6362
35394 6377
35394 6901
2958 4956
35394 6384
35394 6504
35394 6358
35394 6946
2958 5223
35394 6423
35394 6700
2958 5075
35394 6654
35394 6443
2958 5151
35394 6492
35394 6534
2958 6379
35394 6381
35394 6399
2958 4866
35394 6877
35394 6898
2958 5171
35394 6396
35394 6434
2958 6118
35394 6566
35394 6893
35394 6588
2958 4988
35394 6446
2958 5842
35394 6408
35394 6401
2958 4803
35394 6553
35394 6395
2958 6190
35394 4685
2958 3659
35394 6484
35394 6808
2958 5034
35394 6440
35394 6544
2958 4043
35394 6425
35394 6884
2958 5222
11910 3678
11910 3715
29824 4205
29824 5071
35394 6393
35394 6827
2958 4900
35394 3818
2958 4069
62908 5259
62908 6043
7787 3802
4936 3805
4936 3769
14210 4744
14210 4997
33609 3807
33609 3625
52099 3662
52099 4777
29513 5170
29513 3753
36739 3604
36739 3614
9034 6141
9034 3741
17283 3593
17283 3586
4936 489
4936 5044
4936 3652
54080 3656
33609 4087
42885 3637
52099 3577
4936 1919
4936 3669
9034 3781
17283 3605
14210 3648
4936 4129
29513 4567
36739 5175
4936 3659
14210 3619
13429 3810
13429 4670
16045 5067
14294 3607
14294 3624
14294 3715
14294 3783
13429 3708
14294 6071
59071 4041
13429 3612
4936 3767
11910 3787
13429 6377
14294 3643
14294 3775
13429 3760
26920 5312
37116 5192
35185 3709
35185 534
54654 3591
54654 1035
59054 3831
59054 5954
41645 3655
59054 3630
41645 3630
41645 3624
35863 3601
35185 3696
54654 3624
59054 4041
42001 3742
7787 6295
7787 3747
62908 460
62908 6292
62908 6435
7787 5115
62908 6396
62908 6218
7787 3647
62908 6416
62908 4265
7787 4082
62908 6365
62908 6373
62908 6424
7787 6267
62908 6343
62908 6386
62908 6388
7787 6110
62908 6534
62908 6397
62908 6466
7787 4772
62908 6900
7787 5092
62908 6377
62908 6749
7787 4901
62908 6758
62908 6295
7787 6047
62908 6375
62908 6323
7787 3761
62908 6382
62908 6403
62908 6429
62908 6318
7787 6019
62908 6406
62908 6382
62908 6931
62908 6789
7787 6610
62908 6414
62908 6514
62908 6391
62908 6636
7787 5033
62908 6399
62908 6368
62908 6403
62908 6755
7787 4956
62908 6393
7787 4829
19270 4603
49876 3859
26227 4915
26227 3695
20556 3599
26227 3770
20556 731
26227 3602
36159 3602
1343 3587
48446 4673
44055 5699
3092 3736
27669 3973
27525 3761
44995 3658
44995 5220
59160 4922
59160 3744
44995 3731
26723 3951
31840 3716
62482 4619
33603 5134
27525 3649
27525 7348
29188 3733
33281 3852
26723 3644
31840 3630
26723 6684
31840 7017
33603 5283
33603 7207
33603 6453
33603 5113
27525 3928
27525 4682
27525 5029
27525 583
33603 6228
27525 3808
29188 3603
33281 3695
29188 7491
29188 6380
29188 6431
29188 7252
26723 5550
29188 6433
33281 7469
29188 3719
26723 3595
33281 6702
33281 5479
33281 6423
33281 6404
31840 4897
31840 3668
26723 380
31840 5136
31840 4213
33603 6109
33603 3679
33603 3607
27525 3725
33603 6512
27525 3627
16703 3706
28990 3833
42313 3693
42313 3634
57722 3612
42313 3616
57722 3634
33281 3978
29188 3721
26723 6605
33281 3695
31840 4091
31840 3691
33281 4181
57722 4749
44995 5046
44995 4573
42313 3650
1053 3784
59160 3637
59160 4620
59160 5532
44995 5004
47939 3962
62905 3657
62905 4656
20072 3647
62905 4919
20072 3598
31840 3633
42875 3875
47939 3640
47939 7381
42875 3710
42875 4430
33603 4617
47939 5091
47939 3734
47939 6171
42875 4855
42875 3715
47939 4166
33281 4022
42875 3831
62205 4618
65304 5818
47939 4954
42875 3646
64532 3752
57374 3622
47939 4086
7957 3616
42875 3632
2067 3700
62476 6390
22502 3817
4026 3595
49225 3640
14901 3621
37916 3659
42875 6318
42875 6517
42875 6338
47939 5216
42875 6356
42875 6254
42875 6347
42875 6429
42875 6381
42875 6278
42875 6364
42875 6389
42875 6433
42875 7311
47939 5678
42875 6374
42875 7137
42875 6520
42875 6846
47939 6365
47939 6158
42875 6403
42875 6376
47939 6132
42875 6385
42875 6481
42875 6387
42875 6653
47939 3774
42875 7302
47939 4971
42875 6396
42875 6798
42875 6579
47939 6354
42875 6378
42875 6232
47939 3615
44995 4980
44995 3897
44995 3658
44995 6266
20072 3619
44995 3838
44995 3882
47939 7112
47939 3715
47939 4737
47939 5137
47939 3742
47939 6083
26871 4980
42875 5269
59160 3643
59160 3622
59160 3627
62905 3599
59160 3714
44995 3648
59160 3572
59160 4600
42875 6339
42875 6313
42875 6317
42875 6488
42875 6259
47939 3637
42875 6613
42875 6390
42875 3759
42875 6410
42875 6532
42875 4155
42875 6786
47939 5205
42875 6390
42875 7269
42875 7133
42875 6654
42875 6342
42875 6403
42875 6459
42875 6372
47939 3761
49864 3666
49864 6375
49864 6420
26871 6195
49864 6373
49864 6681
49864 6370
26871 5428
49864 6372
49864 6429
26871 6270
42875 3591
42875 3579
44995 3704
44995 6079
42875 6615
42875 6318
42875 6333
47939 6092
42875 6391
42875 6358
47939 4651
42875 6368
42875 6401
42875 4975
47939 4139
42875 6390
42875 6372
42875 6379
47939 6224
42875 7310
47939 5517
42875 6380
42875 6389
47939 6156
42875 6405
42875 6400
42875 7021
47939 5071
42875 6926
47939 4923
42875 6427
42875 6846
47939 5241
42875 6389
42875 6761
47939 5175
42875 6372
42875 6579
47939 4984
59160 3964
42875 6456
42875 6858
47939 5491
42875 6364
42875 6447
47939 6388
42875 6853
42875 6359
42875 6408
42875 6387
42875 6536
42875 6379
42875 6551
42875 6835
42875 6417
47939 6245
42875 6505
42875 6708
42875 6367
47939 6099
59160 3756
44995 3616
59160 3819
59160 4622
59160 5082
44995 3742
37221 4306
42875 6310
42875 6427
47939 5323
42875 6834
42875 6358
42875 6224
47939 3590
42875 6557
42875 6379
42875 6399
42875 6757
47939 5076
42875 7017
47939 5592
42875 6860
42875 6375
42875 6403
47939 5258
42875 6409
42875 6395
42875 6452
42875 6443
42875 6393
47939 6268
42875 6252
47939 3611
59160 3748
8506 3804
18578 4638
37221 5047
37221 7409
42875 6392
42875 6335
42875 6391
47939 5350
42875 6383
42875 6195
47939 5492
42875 6467
42875 4757
47939 3609
42875 6840
42875 6386
42875 6415
42875 6545
47939 5076
42875 6402
42875 6454
47939 5308
42875 6442
42875 6396
42875 6557
42875 6512
47939 5060
42875 6409
42875 6363
42875 6772
47939 5117
24257 3793
8506 3581
8506 6826
18578 4065
18578 7014
37221 3717
37221 3857
37221 6209
42875 6739
42875 6344
47939 5005
42875 6845
47939 4931
42875 6521
42875 6219
47939 4155
42875 6385
42875 6517
42875 6430
42875 6294
47939 6004
42875 6399
42875 6432
47939 5233
42875 6465
42875 6413
42875 6600
47939 6271
42875 6632
47939 5050
42875 6390
42875 6599
42875 6555
42875 6883
47939 5186
42875 6445
42875 6760
47939 5063
42875 6403
42875 6372
42875 6697
47939 6635
42875 6438
47939 6239
42875 6370
42875 6523
42875 6457
42875 6921
47939 5591
24257 3574
42875 7104
42875 6414
47939 6303
24257 7347
24257 6363
24257 6400
8506 6177
24257 6912
8506 5273
42875 6340
42875 6800
42875 6687
47939 5391
42875 6852
47939 4943
42875 6393
42875 6320
47939 5151
42875 6294
42875 6378
42875 6209
47939 3719
42875 7247
47939 5385
42875 6493
42875 5198
47939 3689
42875 6381
42875 6395
42875 5470
47939 3714
42875 6432
42875 6884
47939 5183
44995 4047
18578 3673
18578 4642
37221 5005
24257 4810
18578 6330
18578 6476
18578 6316
37221 5191
18578 6454
18578 6204
37221 3703
18578 6367
18578 6350
18578 6535
18578 6876
18578 6513
18578 3672
18578 6492
18578 6121
37221 4060
8506 3720
41971 3787
24257 6173
18578 3638
8506 3786
47939 4210
37221 5162
37221 5142
37221 3928
37221 3779
37221 6503
47939 3647
47939 3825
47939 6004
47939 3703
18578 3605
18578 323
18578 855
18578 3537
42875 4605
18578 6780
18578 6442
18578 6632
37221 5046
18578 6372
18578 6222
18578 6542
18578 6356
18578 3772
18578 6801
18578 6187
18578 6848
37221 5265
18578 6588
18578 6564
18578 6387
18578 6279
18578 7423
37221 5931
18578 6380
18578 3806
18578 6759
37221 5176
18578 6350
18578 6700
37221 4296
18578 6373
18578 6405
37221 5140
18578 6252
37221 3585
18578 6383
18578 6486
18578 6376
18578 6344
18578 6198
18578 6385
18578 4109
37221 3648
18578 6643
18578 6578
37221 4996
18578 6379
18578 6743
37221 3634
18578 6409
18578 6633
18578 6902
37221 6726
18578 7306
37221 5403
18578 6524
18578 6398
37221 6190
42875 6170
18578 6397
18578 6827
18578 6430
37221 6075
42875 6315
47939 4776
18578 6491
18578 6372
18578 6378
37221 6006
18578 6398
18578 6882
18578 6419
37221 3665
37221 6264
18578 6370
18578 6384
18578 6545
37221 5094
18578 6565
18578 6531
37221 5226
18578 6356
18578 7087
37221 5625
18578 7388
37221 5773
18578 6450
18578 6506
18578 6916
37221 5484
42875 113
47939 3621
18578 6424
18578 6416
37221 6022
18578 6406
18578 6485
37221 6168
18578 6608
37221 5145
18578 6686
18578 6540
18578 6423
18578 6472
37221 5089
18578 6515
18578 6511
37221 6236
18578 6387
18578 6853
37221 5457
18578 6400
18578 6871
37221 5173
18578 6474
18578 6845
18578 6368
18578 6432
37221 6245
18578 6378
18578 6667
18578 6917
18578 6416
37221 6228
18578 6454
18578 6394
37221 6112
18578 6395
42875 6370
18578 6483
18578 6371
18578 6288
37221 3617
42875 6306
47939 5457
47939 3752
54118 3642
42875 4044
47939 3713
47939 4668
42875 5032
47939 3759
9577 4005
54118 3804
42875 1777
42875 6822
42875 6884
47939 6773
42875 7553
47939 5488
42875 6673
42875 6537
47939 3619
42875 6342
44995 4958
44995 3795
42875 6506
42875 4382
47939 4366
42875 6379
42875 6323
42875 6395
47939 5019
42875 6485
42875 6849
42875 6949
47939 5011
42875 7066
47939 5040
42875 6410
42875 6551
42875 6258
47939 5229
42875 6662
47939 5092
42875 6565
42875 6621
47939 4919
42875 7696
42875 6419
42875 7929
47939 5988
59160 4657
42875 7008
47939 5396
42875 6362
42875 6376
42875 6753
47939 6603
59160 5459
59160 3846
44995 3595
7000 3842
42875 6317
47939 4834
42875 6526
42875 6397
42875 6370
47939 4903
42875 6441
42875 3835
47939 3612
53338 3758
7000 3749
7000 7312
53338 7951
53338 6579
7000 5120
53338 6671
53338 4187
7000 6063
7000 448
7000 6323
7000 5046
53338 3937
53338 5194
53338 3627
53338 3648
7000 3751
7000 3750
53338 6186
53338 6759
53338 6500
53338 1744
7000 3752
53338 3641
47939 4900
47939 5132
44995 3687
44995 3712
44995 5000
44995 5052
42875 4626
59160 4843
59160 3812
59160 6111
44995 3759
59160 4824
37221 3812
37221 4655
59160 6075
44995 4072
18578 3730
18578 6287
18578 6288
18578 7096
37221 5177
18578 6404
37221 4180
18578 6201
18578 6517
18578 6644
18578 3970
37221 3690
18578 6380
18578 6500
18578 6481
18578 6925
18578 6396
18578 5145
37221 3710
18578 6486
18578 6742
37221 5087
18578 6325
18578 6378
37221 3616
18578 6599
18578 6363
37221 3608
18578 6429
18578 7328
18578 3751
37221 4042
18578 6782
37221 3662
18578 6355
18578 6480
18578 6369
18578 6389
18578 3755
37221 3629
18578 6443
37221 5179
42875 6435
47939 4979
37221 3863
37221 3670
18578 3629
18578 6464
18578 6365
18578 6314
37221 3985
18578 3898
37221 3595
18578 6330
18578 7566
37221 5915
18578 6428
18578 6243
37221 4086
18578 6379
18578 6545
18578 5390
37221 3921
18578 6905
37221 4937
18578 6510
18578 6561
37221 3764
18578 6714
18578 6670
37221 3617
18578 6398
18578 6679
18578 5239
37221 3788
42875 6798
42875 6414
47939 4038
42875 6280
47939 4174
22206 3629
12180 3972
48727 4058
2154 3793
37221 3860
18578 6868
18578 6525
18578 6807
37221 5179
18578 6380
37221 4608
18578 6594
18578 6424
18578 6157
37221 3689
18578 6557
18578 6392
18578 6379
37221 5418
18578 6517
18578 6949
37221 4995
18578 6452
18578 6365
37221 5331
64672 4777
44995 4982
44995 3753
59160 3612
59160 3638
59160 6238
44995 3607
60449 3834
56637 3696
60449 3679
60449 7164
23126 3586
56637 3611
56637 8467
56637 6440
56637 6884
60449 5087
56637 6564
60449 5199
56637 6217
60449 6061
60449 5052
60449 3924
56637 6124
56637 3716
60449 3632
60449 4374
56637 6387
56637 6300
56637 6574
60449 3593
56637 6422
56637 6298
56637 6956
60449 5093
56637 6372
56637 6407
56637 6978
60449 5186
56637 6555
56637 6375
56637 6705
56637 6570
56637 6440
60449 6058
56637 4618
5749 5111
64672 3831
51950 4403
37180 3634
3901 3813
6912 3731
3216 4451
9517 3635
34006 3915
44995 4719
44995 5087
59160 4186
59160 3857
59160 4702
44995 5067
24065 3888
41472 3861
2453 3665
24065 3836
39316 3797
41472 3585
41472 7196
24065 6879
39316 3638
2453 3740
39316 7425
39316 6532
41472 6122
39316 6538
39316 6656
39316 6383
39316 3627
41472 3702
2453 7373
2453 6437
2453 6433
2453 6387
2453 6399
2453 4787
24065 4464
41472 6459
24065 1549
41472 3691
41472 6111
39316 4267
39316 3731
39316 6138
41472 3589
41472 3841
2453 3589
2453 3710
39316 3761
39316 3688
2453 6165
24065 3617
2453 3641
2453 3634
24065 3800
39316 3578
39316 1747
41472 3601
44995 3664
44995 3871
59160 4588
59160 5016
59160 3893
44995 3623
41472 6144
39316 4657
39316 6376
39316 6423
39316 6370
39316 6585
39316 6839
39316 6422
39316 6398
39316 6915
41472 4946
39316 6505
39316 6466
39316 7024
41472 4916
39316 6401
39316 6431
41472 6025
39316 6514
39316 6402
39316 6658
39316 6283
39316 6455
41472 4970
39316 6373
39316 6430
41472 6280
39316 6406
39316 6390
39316 6407
41472 5042
39316 4178
41472 3617
41472 7811
41472 4803
41472 5047
41472 3713
39316 3828
39316 4096
39316 3586
39316 6400
41472 6223
39316 6453
39316 6528
39316 6404
39316 6360
41472 4855
39316 17618
39316 6705
39316 6447
39316 6667
39316 6362
39316 6438
39316 6516
39316 6887
41472 5087
39316 6381
39316 6908
39316 6388
39316 6577
39316 6450
41472 6154
39316 6845
39316 6640
39316 6531
39316 8144
39316 6367
39316 5132
39316 6792
39316 7028
39316 6918
41472 5074
39316 6927
39316 6394
39316 6382
39316 6530
39316 6633
39316 6945
39316 6842
39316 6388
41472 3742
39316 6269
41472 4122
39316 6395
39316 6414
39316 6557
39316 6515
39316 6487
39316 6411
39316 6500
39316 6431
41472 6050
39316 6759
41472 4966
39316 5406
39316 6629
41472 5116
39316 7756
39316 6190
41472 3680
39316 6914
39316 6403
41472 6121
39316 6550
39316 6593
41472 5375
39316 6565
39316 6398
39316 6656
39316 6394
39316 6479
39316 6397
39316 6401
39316 6710
39316 6404
41472 5020
39316 6661
39316 6557
39316 6863
39316 6560
41472 6411
39316 6405
39316 6484
39316 6526
41472 6078
39316 6369
39316 6721
41472 5072
39316 6398
39316 8521
39316 6474
41472 6267
39316 7189
41472 5285
39316 6376
39316 6421
39316 6569
39316 6419
41472 4910
39316 6383
39316 6564
41472 5463
39316 6541
39316 6735
41472 6514
39316 6559
39316 6667
39316 6468
39316 6415
41472 5261
39316 6761
39316 6797
41472 5333
39316 6397
39316 6789
41472 4944
39316 6389
39316 6534
39316 6388
41472 6237
39316 6402
39316 7565
39316 6678
39316 6425
41472 5152
39316 6910
41472 5065
39316 7006
39316 6405
39316 6358
39316 6424
41472 5024
39316 6397
39316 6573
39316 6423
39316 6852
39316 6478
39316 6452
39316 6531
39316 6409
41472 5027
39316 6366
39316 6577
39316 6713
41472 5125
39316 6410
39316 6471
39316 6465
39316 6443
39316 6434
41472 6060
39316 6448
39316 6870
39316 7536
41472 6298
39316 6472
39316 6571
39316 6380
39316 6613
41472 5037
39316 6407
41472 6088
39316 6440
39316 6408
39316 6357
39316 6456
41472 4808
39316 6368
39316 6378
39316 6413
39316 6550
39316 7304
41472 4993
39316 6396
39316 6780
41472 5027
39316 6520
39316 6485
39316 6589
39316 6563
39316 6519
39316 6377
41472 6176
39316 6831
39316 6914
41472 4988
39316 7633
39316 7462
39316 6517
39316 6783
41472 5509
39316 6390
39316 6471
41472 4212
39316 6405
41472 5374
39316 6621
39316 6453
39316 6440
39316 6510
39316 6414
41472 6165
39316 6438
41472 6068
39316 6452
39316 6632
41472 5044
39316 6557
39316 6821
39316 6367
39316 6370
39316 6419
41472 5050
39316 6387
39316 6705
41472 5059
39316 6878
39316 6518
41472 5249
39316 7494
39316 6369
39316 6353
39316 6425
39316 6368
39316 6703
39316 6546
39316 6985
41472 4951
39316 6742
39316 6451
39316 6819
41472 5164
39316 6394
39316 6564
39316 6367
41472 4958
39316 6437
39316 6841
41472 5512
39316 6445
39316 6546
39316 6543
39316 6452
39316 7083
41472 5119
39316 6593
39316 6859
39316 7401
39316 6660
41472 5196
39316 7737
39316 6796
39316 6424
39316 6374
41472 6097
39316 6456
39316 6479
39316 6506
39316 6362
39316 6466
39316 6386
39316 6498
39316 6835
39316 6512
39316 7138
41472 5062
39316 6813
39316 6404
39316 6476
39316 6954
39316 6481
39316 6365
39316 6387
39316 6413
41472 5135
39316 6506
39316 6858
39316 6539
39316 6390
39316 6486
39316 6698
39316 6488
39316 7104
41472 5774
39316 6810
39316 6979
39316 6462
39316 6625
39316 6471
39316 6383
39316 6378
39316 6963
41472 5397
39316 6386
39316 6350
39316 6848
39316 6381
39316 6538
39316 6513
39316 6468
39316 6403
39316 6802
41472 5035
39316 6375
39316 6474
39316 893
41472 4119
41472 4780
41472 5017
41472 3687
41472 6143
41472 3762
41472 4805
41472 6089
39316 1100
39316 6350
39316 6402
41472 6095
39316 6426
39316 6380
39316 6418
39316 6889
41472 4925
39316 6387
39316 6464
39316 6761
39316 3391
41472 3672
39316 3635
39316 3642
39316 3596
39316 3783
39316 6305
41472 6163
39316 6055
39316 6395
41472 6151
39316 6416
39316 6813
39316 1521
41472 3731
39316 3723
39316 4328
41472 3677
41472 3806
41472 3718
41472 6053
41472 3706
41472 3664
41472 3725
41472 4801
41472 5032
41472 3672
41472 3812
41472 6110
39316 4033
39316 3596
39316 3617
39316 760
39316 3644
39316 3708
39316 3594
39316 4628
39316 2551
39316 539
39316 946
41472 3602
39316 1897
41472 4397
39316 6306
39316 3681
41472 4072
39316 6084
39316 4286
41472 3728
39316 3775
39316 3678
41472 3641
39316 6500
39316 518
41472 3753
39316 6382
39316 6388
39316 3753
39316 3757
39316 535
41472 3631
39316 6402
41472 6222
39316 6418
39316 6508
39316 6529
39316 6457
39316 928
39316 6298
39316 3795
41472 3805
39316 6824
39316 3644
41472 3645
39316 694
41472 4887
39316 6360
39316 1881
41472 3609
39316 753
41472 4400
41472 5052
41472 4092
41472 3740
41472 6041
41472 3717
39316 3702
39316 4603
39316 1909
39316 3589
39316 3648
39316 6508
39316 6397
39316 6366
39316 6411
39316 6383
39316 6569
39316 6379
39316 7262
39316 2044
41472 3612
39316 6431
39316 6677
41472 4988
39316 6365
39316 6414
39316 6451
41472 14482
39316 6374
39316 6803
39316 5550
39316 3667
41472 3659
39316 6773
41472 5192
39316 6480
39316 6363
39316 6468
39316 6394
39316 6977
41472 5103
39316 6487
39316 6388
39316 6415
39316 6549
41472 6383
39316 6404
39316 6367
39316 667
39316 6408
39316 6433
39316 6897
41472 5182
39316 6360
39316 6815
39316 6918
41472 5102
39316 2565
39316 6446
39316 6376
39316 6383
39316 6407
39316 6829
39316 6369
39316 6753
41472 5111
39316 6403
39316 6387
39316 6462
39316 6315
39316 6835
39316 6515
39316 6465
39316 6764
39316 6921
41472 5062
39316 6849
39316 6377
39316 6602
39316 6961
39316 2235
39316 3677
41472 3614
41472 5999
41472 3675
41472 3734
41472 4685
41472 5019
41472 3720
39316 4006
39316 3606
39316 3585
39316 6432
41472 6260
39316 6376
39316 6495
39316 6496
39316 6544
39316 6399
39316 1690
41472 4783
39316 6645
41472 4945
39316 6412
39316 6376
39316 6543
39316 6483
39316 6393
39316 7140
41472 6877
39316 6831
39316 6560
41472 6428
39316 6341
39316 6378
39316 6399
39316 6523
39316 7139
39316 511
41472 3597
39316 4689
39316 4954
39316 6987
41472 5399
39316 6920
41472 4941
39316 6389
39316 6391
39316 6376
39316 6495
39316 1826
41472 3729
39316 4306
39316 6523
39316 6396
39316 6812
41472 5199
39316 6528
39316 6392
39316 6912
39316 6533
39316 6880
39316 6653
39316 6357
39316 6508
39316 6505
39316 6412
41472 6116
39316 6425
39316 6373
39316 6566
39316 6485
39316 6422
39316 6355
39316 6852
39316 650
41472 3792
39316 6806
41472 6060
39316 6382
39316 6412
39316 6392
39316 6559
39316 6367
39316 3759
39316 4804
41472 3645
39316 6504
41472 6201
39316 6832
39316 7006
41472 6805
39316 6407
39316 6333
39316 6381
39316 6377
39316 3782
39316 3796
41472 3628
41472 6089
41472 3993
39316 3678
41472 4716
41472 4992
39316 6391
39316 6429
41472 6183
39316 6565
39316 6438
39316 6396
39316 6498
39316 6448
39316 6812
39316 6384
39316 6391
39316 6402
39316 6662
41472 5025
39316 6388
39316 1929
41472 4168
39316 3735
39316 3645
39316 6362
41472 6226
39316 6796
39316 6408
39316 6376
41472 6173
39316 6373
41472 5067
39316 6838
39316 6383
39316 6810
39316 6367
39316 6969
41472 5050
39316 6513
39316 6432
39316 1316
41472 3621
39316 6442
39316 6772
41472 5184
39316 6855
41472 5054
39316 6977
41472 5049
39316 6398
39316 6699
39316 6456
39316 7153
39316 6527
39316 6407
39316 4659
41472 3614
41472 5084
41472 3825
39316 3630
41472 6060
41472 3696
41472 3774
41472 6232
41472 3704
41472 4724
39316 357
39316 3761
39316 3822
41472 3692
39316 14
39316 341
39316 766
39316 3605
39316 3793
39316 6403
39316 4803
39316 5008
41472 3635
39316 6222
39316 3713
41472 4531
39316 7059
39316 6413
41472 5225
39316 3797
39316 6399
39316 6452
39316 6369
39316 6410
39316 6371
39316 6699
41472 5158
39316 6516
39316 6533
39316 3694
39316 3671
41472 3598
41472 6062
41472 3697
39316 3563
41472 3692
39316 2128
41472 3592
39316 4056
39316 3822
39316 4659
41472 5183
39316 6352
39316 3671
39316 3675
41472 3634
39316 6828
39316 6453
41472 6021
39316 6395
39316 6929
41472 5220
39316 6511
39316 6438
39316 6413
39316 6382
41472 5179
39316 6798
41472 5075
39316 6463
39316 6802
39316 6876
41472 5156
39316 6446
39316 6889
39316 6389
39316 6563
39316 6496
41472 5236
39316 6813
39316 6418
39316 6411
39316 6687
39316 6583
39316 7537
39316 6559
39316 6476
41472 6334
39316 8439
39316 6690
39316 6420
39316 6515
39316 6392
39316 6415
39316 6460
39316 6380
41472 4970
39316 6512
39316 6611
39316 6517
39316 6628
39316 6520
39316 6552
39316 6395
39316 6757
41472 5686
39316 6397
39316 6113
39316 6500
39316 6526
39316 6238
39316 6474
39316 6520
39316 6553
39316 6667
39316 6621
41472 5038
39316 6831
39316 6600
39316 7729
39316 6396
39316 6485
39316 6605
39316 6376
39316 6949
41472 5050
39316 6649
39316 6571
39316 6406
39316 6512
39316 6547
39316 6614
39316 6474
39316 6619
39316 6756
41472 5141
39316 6511
39316 6564
39316 6490
39316 6432
39316 6494
39316 6480
39316 6391
39316 7636
41472 5892
39316 7022
39316 6525
39316 6564
39316 6480
39316 6525
39316 6436
39316 7831
39316 6442
41472 4883
39316 6440
39316 6469
39316 6444
39316 6521
39316 6351
39316 6968
39316 5272
39316 7081
41472 5029
39316 6520
39316 6561
39316 6536
39316 6497
39316 6521
39316 6935
39316 6496
39316 6524
41472 4337
39316 6554
39316 6467
39316 6536
39316 6657
39316 6388
39316 6362
39316 6410
39316 7190
41472 5575
39316 6392
39316 7581
39316 6386
39316 6412
39316 6454
39316 6408
39316 6869
41472 6535
39316 6417
39316 6671
39316 6391
39316 6803
39316 6356
39316 6469
39316 6816
39316 4752
39316 6222
39316 6226
41472 3732
39316 3778
39316 6732
39316 4783
41472 4128
39316 3619
41472 3890
39316 686
41472 3598
41472 5034
41472 3840
39316 3827
39316 5688
39316 6533
39316 6425
39316 6398
39316 6531
39316 7755
41472 5073
39316 6645
39316 6502
39316 6378
39316 6371
39316 6523
39316 6412
39316 6847
39316 6543
39316 6463
39316 6709
39316 6373
39316 6415
39316 6389
39316 6432
39316 6390
41472 4041
39316 6620
41472 3851
39316 6395
39316 6412
39316 6420
39316 6486
39316 6576
39316 6372
39316 6525
39316 7723
41472 5313
39316 6890
39316 6480
39316 6497
39316 6469
39316 6355
39316 6377
39316 6607
39316 6390
41472 4806
39316 6654
39316 6499
39316 6397
39316 6374
39316 6552
39316 6480
39316 6400
39316 6621
41472 5046
39316 3798
41472 3630
39316 6485
39316 6538
39316 6367
39316 6341
39316 6403
39316 6575
39316 6380
39316 6393
39316 6701
41472 5084
39316 7631
39316 7012
39316 6449
39316 6513
39316 6834
39316 6381
39316 6511
39316 6386
41472 4843
39316 6492
39316 6366
39316 6898
39316 6863
39316 6387
39316 6409
39316 6708
39316 6494
41472 3659
39316 6520
39316 6457
39316 6407
39316 6530
39316 6477
39316 6493
39316 6485
39316 6442
41472 6137
41472 3732
41472 4754
39316 6393
39316 6515
39316 6416
39316 7262
39316 6433
39316 6364
39316 6385
39316 6401
41472 5362
41472 3740
39316 6381
39316 6533
39316 6400
39316 3804
39316 6391
39316 6404
39316 6534
39316 6486
39316 6581
41472 5166
39316 6553
39316 6455
39316 6823
39316 6607
39316 6417
39316 6457
39316 6573
39316 6561
41472 6125
39316 6387
39316 6408
39316 6492
39316 7234
39316 6483
39316 6668
39316 7626
39316 6424
41472 5023
39316 6836
39316 6563
39316 6418
39316 6360
39316 6389
39316 6462
39316 6375
39316 6474
41472 4800
39316 6616
39316 6467
39316 6364
39316 6377
39316 6424
39316 6361
39316 6511
39316 6388
39316 6891
41472 5185
39316 6387
39316 6749
39316 6560
39316 6402
39316 6868
39316 6429
39316 3620
39316 6603
41472 5364
39316 7955
39316 6408
39316 6398
39316 6508
39316 6621
39316 6513
39316 6430
39316 6378
41472 6098
39316 6739
39316 6425
39316 6385
39316 6415
39316 6573
39316 6497
39316 6848
41472 4908
39316 6516
39316 6880
39316 6367
39316 6585
39316 6617
39316 6548
39316 6391
39316 8392
41472 6873
39316 6505
39316 6517
39316 6437
39316 6405
39316 6497
39316 8423
39316 6589
39316 6679
39316 6510
41472 5262
39316 6533
39316 6746
39316 6513
39316 6491
39316 6380
39316 6523
39316 6559
39316 7176
41472 5054
39316 6514
39316 6548
39316 2626
39316 6547
39316 6393
39316 6423
39316 6367
39316 6605
41472 5338
39316 6466
39316 6854
39316 6390
39316 6809
39316 6549
39316 6508
39316 6660
39316 6509
41472 5352
39316 8048
39316 6382
39316 6371
39316 6589
39316 6390
39316 6495
39316 6399
39316 6953
41472 5108
39316 6944
39316 6481
39316 6573
39316 6528
39316 6489
39316 6500
39316 6857
39316 6456
39316 6687
41472 6319
39316 6728
39316 6628
39316 6817
39316 6373
39316 6375
39316 6700
39316 6371
39316 6432
41472 4335
39316 6575
39316 6403
39316 6528
39316 8338
39316 6488
39316 6594
39316 6486
39316 3735
39316 6908
41472 6670
39316 6470
39316 6408
39316 6546
39316 6663
39316 6389
39316 6872
39316 6405
41472 5223
39316 6383
39316 6378
39316 6578
39316 6563
39316 6525
39316 6560
39316 6445
39316 6567
41472 6402
39316 6433
39316 6402
39316 6572
39316 6475
39316 6395
39316 6514
39316 6457
39316 8022
41472 6557
39316 6725
39316 6487
39316 6574
39316 6484
39316 6640
39316 6388
39316 6386
39316 6505
39316 7229
41472 5552
39316 6438
39316 6385
39316 6375
39316 6380
39316 6444
39316 6521
39316 7051
39316 6427
41472 5414
39316 6447
39316 6359
39316 6130
39316 6379
39316 6374
39316 6542
39316 6716
39316 5156
39316 6635
41472 6474
39316 7943
39316 7385
39316 6501
39316 6512
39316 6466
39316 6403
39316 6546
39316 6552
41472 5071
39316 6410
39316 6553
39316 6362
39316 6399
39316 6570
39316 6387
39316 6869
39316 6417
41472 3792
39316 6553
39316 6495
39316 6612
39316 6497
39316 6762
39316 6358
39316 6584
39316 6434
41472 6216
39316 6546
39316 6488
39316 6449
39316 6397
39316 6409
39316 8401
39316 6552
39316 6588
41472 5095
39316 6619
39316 6490
39316 6453
39316 8122
39316 6532
39316 6457
39316 6548
39316 6834
41472 5244
39316 6365
39316 6675
39316 6505
39316 6398
39316 6576
39316 6438
39316 6443
39316 7039
41472 5329
39316 6398
39316 6594
39316 6810
39316 6712
39316 6527
39316 6540
39316 6393
39316 6920
41472 6560
39316 6441
39316 8036
39316 6532
39316 6708
39316 6515
39316 6507
39316 6517
39316 6422
41472 4969
39316 6476
39316 6547
39316 6499
39316 6476
39316 6746
39316 6519
39316 6930
39316 6473
39316 6891
41472 5313
39316 6566
39316 6520
39316 6462
39316 6708
39316 6572
39316 6577
39316 6831
39316 6750
41472 5072
39316 6478
39316 6614
39316 6588
39316 6516
39316 6399
39316 7014
39316 6358
39316 6433
41472 6182
39316 6581
39316 6644
39316 6475
39316 6383
39316 6398
39316 6379
39316 6479
39316 7102
41472 5082
39316 6438
39316 6681
39316 6444
39316 6402
39316 6370
39316 6568
39316 6486
39316 6826
41472 6336
39316 6379
39316 6864
39316 6395
39316 7197
39316 6494
39316 6369
39316 6389
39316 4107
41472 3600
39316 7491
39316 6716
39316 6403
39316 6410
39316 6830
39316 6470
39316 6422
39316 4580
39316 6401
41472 6044
39316 6380
39316 6688
39316 6397
39316 6533
39316 6363
39316 6655
39316 6502
39316 6967
41472 4916
39316 6904
39316 6494
39316 6401
39316 6347
39316 6477
39316 6431
39316 6826
39316 6410
41472 6052
39316 6635
39316 6433
39316 6383
39316 7104
39316 6406
39316 6423
39316 6358
39316 6865
41472 6404
39316 6577
39316 6491
39316 6418
39316 6847
39316 6370
39316 6416
39316 6379
39316 7114
41472 5255
39316 6836
39316 6381
39316 6481
39316 6437
39316 6816
39316 6441
39316 6586
39316 6372
39316 6839
41472 5017
39316 6377
39316 6385
39316 6431
39316 6411
39316 6400
39316 6454
39316 7453
41472 5870
39316 6547
39316 6494
39316 6464
39316 7093
39316 6438
39316 6449
39316 6414
39316 6410
41472 6244
39316 6838
39316 6382
39316 6373
39316 6390
39316 6479
39316 6397
39316 7438
41472 5067
39316 6572
39316 6419
39316 6444
39316 6548
39316 6403
39316 6398
39316 6820
39316 6746
41472 5044
39316 6425
39316 6431
39316 6444
39316 7219
39316 6393
39316 6879
39316 6511
39316 6420
41472 5172
39316 6528
39316 6432
39316 6376
39316 6635
39316 6401
39316 6837
39316 6416
41472 6276
39316 6391
39316 6829
39316 6438
39316 6849
39316 6390
39316 6382
39316 6426
39316 6940
41472 5182
39316 6371
39316 6516
39316 6367
39316 6668
39316 6392
39316 6365
39316 6588
39316 6982
41472 6223
39316 6376
39316 6434
39316 6518
39316 6378
39316 6456
39316 6372
39316 6423
39316 6426
41472 4980
39316 6532
39316 6382
39316 6520
39316 6411
39316 6415
39316 6689
39316 6547
39316 6662
41472 5021
39316 6501
39316 6830
39316 6379
39316 6469
39316 6521
39316 6384
39316 6862
39316 6400
39316 6699
41472 5066
39316 6939
39316 6414
39316 7080
39316 6408
39316 6364
39316 6365
39316 6571
39316 6396
41472 6243
39316 6414
39316 6386
39316 6380
39316 6382
39316 6518
39316 6558
39316 6948
41472 5187
39316 6385
39316 6387
39316 6421
39316 6370
39316 6408
39316 6396
39316 6412
39316 6655
41472 4974
39316 6354
39316 6400
39316 6376
39316 6390
39316 7387
39316 6453
39316 6496
39316 7234
41472 7020
39316 6532
39316 6381
39316 6564
39316 6356
39316 6557
39316 6551
39316 6540
39316 6527
39316 6404
41472 5989
39316 6532
39316 6824
39316 6348
39316 6397
39316 6365
39316 6347
39316 6822
39316 6485
41472 5311
39316 6378
39316 6457
39316 6454
39316 6380
39316 6426
39316 6468
39316 6505
39316 6961
41472 5060
39316 6408
39316 6410
39316 7130
39316 6448
39316 6411
39316 6551
39316 6391
39316 6427
41472 6182
39316 6478
39316 6585
39316 6432
39316 6515
39316 6373
39316 6843
39316 6371
39316 6524
41472 5298
39316 6399
39316 6405
39316 6381
39316 6392
39316 6447
39316 6386
39316 6834
39316 6543
39316 7703
41472 5710
41472 5242
41472 3729
39316 6486
39316 6466
39316 6368
39316 6528
39316 7010
39316 6397
39316 6936
41472 5098
39316 6654
39316 6399
39316 6402
39316 6420
39316 6409
39316 6408
39316 6364
39316 6381
39316 6375
41472 4269
39316 6380
39316 6606
39316 6632
39316 6433
39316 6429
39316 6385
39316 6952
39316 7005
41472 5166
39316 6435
39316 6487
39316 6533
39316 6870
39316 6372
39316 6516
39316 6814
39316 6899
41472 5228
39316 7348
39316 6505
39316 6412
39316 6351
39316 6380
39316 6393
39316 6423
39316 6947
41472 5094
39316 6499
39316 6378
39316 6405
39316 6497
39316 6429
39316 6511
39316 6364
39316 6947
41472 4959
39316 6447
39316 6522
39316 6527
39316 6520
39316 6511
39316 6380
39316 6543
39316 6419
39316 6922
41472 5342
39316 6389
39316 6852
39316 6468
39316 6543
39316 6977
39316 6412
39316 6416
39316 6365
41472 5368
39316 7108
39316 6403
39316 6366
39316 6453
39316 6374
39316 6748
39316 6426
39316 6927
41472 4917
39316 6367
39316 6380
39316 6447
39316 6418
39316 6411
39316 6404
39316 6867
41472 5224
39316 6446
39316 6462
39316 6413
39316 6419
39316 6578
39316 6359
39316 6484
39316 6377
41472 4933
39316 7105
39316 6451
39316 6535
39316 6525
39316 6429
39316 6817
39316 6449
39316 6705
39316 6567
41472 5239
39316 6551
39316 6458
39316 6399
39316 6366
39316 6500
39316 6407
39316 6837
39316 6419
41472 6186
39316 6464
39316 6514
39316 6360
39316 6375
39316 6376
39316 6373
39316 6558
39316 6395
41472 6277
39316 6391
39316 6525
39316 6365
39316 6419
39316 7141
39316 7166
39316 6394
39316 6389
41472 6210
39316 6429
39316 6361
39316 6379
39316 6398
39316 6376
39316 6399
39316 6473
39316 6891
41472 5001
39316 6419
39316 6392
39316 6358
39316 6401
39316 6374
39316 6473
39316 6386
39316 6365
39316 6761
41472 5295
39316 6371
39316 6650
39316 6478
39316 6491
39316 6378
39316 6391
39316 6387
39316 6849
41472 5101
39316 7085
39316 6517
39316 6429
39316 6358
39316 6516
39316 6391
39316 6496
39316 6940
41472 5185
39316 6389
39316 6564
39316 6373
39316 6406
39316 6525
39316 6366
39316 6447
39316 6678
41472 5096
39316 6503
39316 6386
39316 6424
39316 6411
39316 6518
39316 6453
39316 6350
39316 6992
41472 5236
39316 6872
39316 7366
39316 6377
39316 6440
39316 6379
39316 6932
39316 6404
39316 6376
39316 6471
41472 6319
39316 6513
39316 6397
39316 6487
39316 6355
39316 6478
39316 6358
39316 6379
39316 6947
41472 5089
39316 6401
39316 6459
39316 6391
39316 6394
39316 6387
39316 6534
39316 6374
39316 6641
41472 5023
39316 6393
39316 6407
39316 6399
39316 6357
39316 6364
39316 6366
39316 6449
41472 4854
39316 6922
39316 6494
39316 6652
39316 6619
39316 6398
39316 6356
39316 6540
39316 6450
41472 6189
39316 6394
39316 6374
39316 6633
39316 6415
39316 6541
39316 6354
39316 6399
39316 6483
39316 6431
41472 6032
39316 6436
39316 6413
39316 6510
39316 6393
39316 6360
39316 7190
39316 6398
39316 6433
41472 4884
39316 6532
39316 6408
39316 6406
39316 6774
39316 7258
39316 6403
39316 6465
39316 6817
41472 5059
39316 6412
39316 6451
39316 6417
39316 6387
39316 6390
39316 6394
39316 6363
39316 6608
41472 4929
39316 6402
39316 6504
39316 6401
39316 6462
39316 6379
39316 6358
39316 6539
41472 3774
39316 6377
39316 6678
39316 6386
39316 6384
39316 6374
39316 6567
39316 6405
39316 6372
39316 6701
41472 5220
39316 7052
39316 6393
39316 6397
39316 6474
39316 6428
39316 6391
39316 6407
39316 6501
41472 6016
39316 6415
39316 6386
39316 6472
39316 6350
39316 6816
39316 6359
39316 6844
39316 6569
41472 6135
39316 6423
39316 6622
39316 6350
39316 6419
39316 6372
39316 6369
39316 6420
39316 6425
41472 6162
39316 6421
39316 6385
39316 6458
39316 6397
39316 6513
39316 6883
39316 6354
39316 7191
41472 5609
39316 6412
39316 6388
39316 6411
39316 6478
39316 6421
39316 6512
39316 6477
39316 6745
41472 4921
39316 6765
39316 6384
39316 6507
39316 6534
39316 6413
39316 6479
39316 6485
39316 6451
39316 6426
41472 6247
39316 6522
39316 6439
39316 6544
39316 6387
39316 6451
39316 6411
39316 6381
39316 6491
41472 4958
39316 6956
39316 6362
39316 6423
39316 6386
39316 6354
39316 6389
39316 6718
39316 6385
41472 4852
39316 6508
39316 6818
39316 6361
39316 6416
39316 6365
39316 6388
39316 6673
41472 4985
39316 6553
39316 6509
39316 6371
39316 6830
39316 6349
39316 6423
39316 6945
41472 4913
39316 6407
39316 6389
39316 6385
39316 6388
39316 7767
39316 7005
39316 6351
39316 6403
39316 6635
41472 4879
39316 6342
39316 6883
39316 6355
39316 6435
39316 6398
39316 6365
39316 6409
39316 6859
41472 5074
39316 6843
39316 6391
39316 6762
39316 6353
39316 6428
39316 6372
39316 6941
39316 6399
41472 5296
39316 6387
39316 6451
39316 6841
39316 6385
39316 6849
39316 6574
39316 6381
39316 6733
41472 5098
39316 7565
39316 6489
39316 6389
39316 6494
39316 6566
39316 6523
39316 6401
39316 6487
41472 6164
39316 6388
39316 6363
39316 6380
39316 6399
39316 6524
39316 6493
39316 6421
39316 6560
39316 6413
41472 6052
39316 6391
39316 6503
39316 6588
39316 6510
39316 6441
39316 6378
39316 6396
39316 6419
41472 5598
41472 3705
39316 6493
39316 6501
39316 6431
39316 7162
39316 6597
39316 6489
39316 6474
39316 6388
41472 6069
39316 6666
39316 6409
39316 6413
39316 6403
39316 6390
39316 6359
39316 6475
39316 6643
41472 5295
39316 6823
39316 6819
39316 6531
39316 6402
39316 6474
39316 6835
39316 6338
39316 6873
41472 4944
39316 6419
39316 6363
39316 6427
39316 6388
39316 6436
39316 6366
39316 6379
39316 6557
41472 5100
39316 6988
39316 6388
39316 6430
39316 6862
39316 6503
39316 6689
39316 6454
39316 6436
39316 6520
41472 6196
39316 6404
39316 6472
39316 6365
39316 6406
39316 6382
39316 6370
39316 6368
39316 6404
41472 5152
39316 6353
39316 6398
39316 5103
39316 6510
39316 6364
39316 6853
39316 6553
39316 6584
41472 6435
39316 6515
39316 6545
39316 6542
39316 7315
39316 6477
39316 6429
39316 6385
39316 6816
41472 5183
39316 6506
39316 6475
39316 6843
39316 6565
39316 6538
39316 6356
39316 6382
39316 6494
41472 6172
39316 10727
39316 7057
39316 6538
39316 6367
39316 6435
39316 6386
39316 6372
39316 6466
39316 6418
41472 3635
39316 6359
39316 6365
39316 6842
39316 6382
39316 6524
39316 6435
39316 6426
39316 7539
41472 7051
39316 6358
39316 6396
39316 6754
39316 6510
39316 6385
39316 6365
39316 6422
39316 6491
41472 6098
39316 6366
39316 6844
39316 6560
39316 6871
39316 6424
39316 6396
39316 6545
39316 7073
41472 5354
39316 6460
39316 6455
39316 6444
39316 6866
39316 6393
39316 6496
39316 6443
39316 6394
41472 6042
39316 6376
39316 6386
39316 6447
39316 7073
39316 6416
39316 6921
39316 6434
39316 6387
39316 7060
41472 5266
39316 6381
39316 6584
39316 6883
39316 6392
39316 6362
39316 6406
39316 6462
39316 6948
41472 4941
39316 6419
39316 6475
39316 6396
39316 6418
39316 6377
39316 6399
39316 6389
39316 6441
41472 6085
39316 6424
39316 6410
39316 6550
39316 6532
39316 6365
39316 6445
39316 6453
39316 7283
41472 5604
39316 6554
39316 6416
39316 6458
39316 6394
39316 6361
39316 6395
39316 6565
39316 6900
41472 5166
41472 3760
39316 6451
39316 6564
39316 6401
39316 6464
39316 6516
39316 6398
39316 6372
39316 6373
41472 5062
39316 6369
39316 6386
39316 6955
39316 6351
39316 6408
39316 6431
39316 6388
39316 6372
41472 5704
39316 6417
39316 7259
39316 6551
39316 6495
39316 6407
39316 6354
39316 6490
39316 6435
41472 6108
39316 6447
39316 6804
39316 6888
39316 6402
39316 6564
39316 6369
39316 6522
39316 6847
41472 6422
39316 6362
39316 6507
39316 6434
39316 6359
39316 6384
39316 6519
39316 6543
39316 7044
41472 5050
39316 6428
39316 6385
39316 6539
39316 6838
39316 6410
39316 6411
39316 7013
39316 6811
41472 5165
39316 6405
39316 6479
39316 6432
39316 6852
39316 6444
39316 6473
39316 7149
39316 6549
39316 6448
41472 6246
39316 7219
39316 6429
39316 6424
39316 6493
39316 6410
39316 6390
39316 6522
39316 7006
41472 5075
39316 6644
39316 6532
39316 6476
39316 6417
39316 6912
39316 6383
39316 6426
39316 6795
41472 6578
39316 6536
39316 7141
39316 6382
39316 6439
39316 6456
39316 6413
39316 6383
39316 6840
41472 5224
39316 6801
39316 6454
39316 6378
39316 6373
39316 6354
39316 6512
39316 6430
39316 6382
41472 4891
39316 6402
39316 6508
39316 6798
39316 6414
39316 6406
39316 6460
39316 6383
39316 6378
39316 6363
41472 6142
39316 6397
39316 6462
39316 6526
39316 6360
39316 6701
39316 6865
39316 6803
39316 6833
41472 5183
39316 6398
39316 6368
39316 6419
39316 6418
39316 6381
39316 6386
39316 6815
41472 6032
39316 6558
39316 6425
39316 6380
39316 6493
39316 6381
39316 6522
39316 6707
39316 6625
41472 4994
39316 7246
39316 6392
39316 6335
39316 6410
39316 6402
39316 6823
39316 6381
41472 4839
39316 6431
39316 6900
39316 6380
39316 6500
39316 6418
39316 6379
39316 6386
39316 6963
41472 5107
39316 6391
39316 6524
39316 6415
39316 6484
39316 6387
39316 6561
39316 6822
39316 6605
39316 6609
41472 4977
39316 6385
39316 6411
39316 6452
39316 6637
39316 6361
39316 6423
39316 6373
39316 6389
41472 6186
39316 6431
39316 6430
39316 6505
39316 6394
39316 6438
39316 6877
39316 6363
39316 6948
41472 5198
39316 6401
39316 6485
39316 6467
39316 6354
39316 6398
39316 6380
39316 6390
39316 6551
41472 5063
39316 6392
39316 6399
39316 6437
39316 6435
39316 6434
39316 6979
39316 6536
39316 6395
41472 6130
39316 6507
39316 6383
39316 6419
39316 6362
39316 6400
39316 6393
39316 6438
39316 6399
39316 6423
41472 6121
39316 7465
39316 6486
39316 7553
39316 6532
39316 6378
39316 6406
39316 6611
39316 6880
41472 5525
39316 6431
39316 6371
39316 7018
39316 6446
39316 6368
39316 6882
39316 6824
39316 6995
41472 5423
39316 6694
39316 6407
39316 6389
39316 6825
39316 6556
39316 6424
39316 6410
39316 6833
41472 6432
39316 6382
39316 6404
39316 6361
39316 6567
39316 6438
39316 7111
39316 6437
39316 6835
41472 5182
39316 6773
39316 6385
39316 6654
39316 6371
39316 6408
39316 6454
39316 6365
39316 6438
39316 6845
41472 5202
39316 6458
39316 6615
39316 6388
39316 6527
39316 6572
39316 6439
39316 6394
39316 6537
41472 4946
39316 6401
39316 6369
39316 6360
39316 6861
39316 6417
39316 6398
39316 6384
39316 7806
41472 6011
39316 7491
39316 6648
39316 6525
39316 6419
39316 6347
39316 6401
39316 6394
39316 6894
41472 5077
39316 6660
39316 6392
39316 6431
39316 6554
39316 6438
39316 6397
39316 6402
39316 6905
41472 5088
39316 6488
39316 6510
39316 6359
39316 6412
39316 6489
39316 6529
39316 6405
39316 6389
39316 6462
41472 6331
39316 6545
39316 6496
39316 6539
39316 6423
39316 7160
39316 6830
39316 6354
39316 6511
41472 6294
39316 6512
39316 6528
39316 6604
39316 6406
39316 6361
39316 6379
39316 6404
39316 6917
41472 4989
39316 6439
39316 6407
39316 6360
39316 6549
39316 6887
39316 6412
39316 6393
39316 6754
41472 5172
39316 6381
39316 6385
39316 6435
39316 6957
39316 6387
39316 6474
39316 6366
39316 6478
41472 6163
39316 7253
39316 6577
39316 2309
39316 4620
39316 163
41472 3972
41472 3829
41472 3686
41472 3814
39316 6347
39316 6982
41472 4387
39316 6392
39316 6470
39316 6433
39316 6502
39316 6383
39316 6358
41472 355
41472 3705
41472 3653
41472 384
39316 6437
39316 6389
39316 6528
39316 6369
39316 6448
39316 7208
41472 40
41472 3656
41472 3672
41472 3670
41472 3744
41472 6056
41472 3660
41472 3691
41472 3825
41472 6608
39316 3766
41472 3730
39316 3701
39316 3739
39316 1775
41472 3721
39316 3646
39316 6405
41472 6185
39316 7101
39316 6531
39316 6346
39316 6936
41472 4932
39316 6408
39316 6491
39316 6809
39316 6406
41472 6067
39316 7351
41472 6002
39316 6715
39316 6437
41472 6023
39316 6452
41472 6145
39316 6568
39316 6842
41472 4904
39316 6933
41472 4919
39316 6418
39316 6415
39316 6686
39316 6562
39316 6849
41472 5179
39316 6436
39316 6440
39316 6359
39316 6554
41472 5343
39316 6409
39316 6828
39316 6430
39316 6453
39316 6376
39316 6548
39316 6391
39316 6613
41472 6429
39316 7396
39316 6410
39316 6396
39316 6384
39316 6461
39316 6537
39316 6403
39316 6416
41472 6251
41472 4866
39316 6357
39316 6521
39316 4778
39316 6556
39316 6398
39316 6407
39316 6479
39316 6415
41472 6220
39316 6364
39316 6480
39316 6452
39316 6400
39316 6395
39316 6515
39316 6368
39316 6403
41472 5167
39316 6397
39316 6420
39316 7393
39316 6400
39316 7072
39316 6558
39316 6465
39316 6677
39316 6619
41472 5040
39316 6416
39316 6398
39316 6392
39316 6381
39316 6387
39316 6413
39316 6707
39316 6554
41472 6396
39316 6411
39316 6385
39316 6405
39316 6373
39316 6453
39316 6389
39316 6560
39316 6413
41472 6090
39316 683
39316 3621
39316 6455
39316 3709
39316 956
39316 6853
39316 6512
39316 6388
39316 6400
39316 6841
41472 6761
39316 6464
39316 6424
39316 6394
39316 6554
39316 6412
39316 6564
39316 1435
41472 3606
41472 3679
39316 3608
39316 6494
39316 6544
39316 6484
39316 6445
39316 6426
41472 6285
39316 6409
39316 6519
39316 6544
39316 6488
39316 1089
41472 3656
41472 6711
41472 3685
41472 3837
39316 3767
41472 3814
39316 6408
39316 6401
39316 6492
39316 6483
39316 6386
39316 6378
39316 6403
39316 6397
39316 6826
39316 6541
39316 6395
39316 1147
41472 3614
39316 3591
41472 3679
39316 6459
39316 6561
41472 4283
39316 6597
39316 6374
39316 6865
39316 6376
39316 6392
39316 6496
39316 683
41472 4135
39316 3592
39316 3585
39316 74
39316 6465
39316 6357
39316 6408
39316 6491
39316 6398
39316 6354
39316 6377
39316 6370
39316 5624
39316 6454
41472 4907
39316 6551
39316 6414
39316 6466
39316 6399
39316 6813
39316 6352
39316 6383
39316 1590
41472 5049
39316 6380
39316 6386
39316 6391
41472 5378
39316 6422
39316 7236
41472 5433
39316 6348
39316 6384
39316 6431
39316 7033
41472 5233
39316 6671
39316 5171
39316 3706
41472 3616
39316 6383
39316 6485
39316 6392
39316 6692
39316 6808
41472 5460
39316 6380
39316 3395
41472 3617
39316 4038
39316 6181
39316 3879
41472 3604
10859 4610
53235 4880
24257 4090
24257 3637
24257 3717
8506 3575
41472 5191
41472 6629
41472 3662
41472 3803
41472 6054
41472 3896
39316 3636
39316 6852
39316 6725
41472 4597
39316 6388
39316 6377
39316 6746
39316 6521
39316 6466
39316 6401
39316 6400
39316 6358
39316 6491
39316 6408
39316 6381
39316 6566
41472 5005
39316 7593
39316 6532
39316 6357
39316 6947
41472 5127
39316 6408
39316 6505
39316 6358
39316 6484
39316 6513
39316 7891
39316 6377
39316 6871
41472 5226
39316 6814
39316 6472
39316 6854
39316 6458
39316 6867
39316 6422
39316 6449
39316 6393
41472 6132
39316 6630
39316 6382
39316 6430
39316 6356
39316 6404
39316 6427
39316 6506
39316 6450
41472 6241
39316 6491
39316 6431
39316 6465
39316 6130
39316 6461
39316 6442
39316 6372
39316 6357
39316 6464
41472 6292
39316 7383
39316 6582
39316 6478
39316 6398
39316 6498
39316 6938
39316 6677
39316 6782
39316 7086
41472 5427
39316 6406
39316 6812
39316 6437
39316 6369
39316 6582
39316 6442
39316 6494
39316 7101
41472 5322
39316 6377
39316 3100
39316 65
41472 3676
39316 3748
39316 6473
39316 6637
39316 6393
39316 6795
41472 4945
39316 6439
39316 7550
39316 6414
39316 7772
39316 6874
39316 6430
39316 6401
39316 6379
39316 6429
39316 6583
39316 7085
41472 5298
39316 6359
39316 6408
41472 4917
39316 6433
39316 6523
39316 6481
39316 6565
39316 6612
39316 7035
39316 6477
39316 7001
41472 5178
39316 6707
39316 6543
39316 6517
39316 6434
39316 6414
39316 6588
39316 6672
39316 6592
41472 4851
41472 4791
39316 6842
39316 6490
39316 6411
41472 5255
39316 6430
39316 6385
39316 6389
39316 6436
39316 6391
41472 5062
39316 6388
39316 6412
39316 6394
39316 6488
39316 5528
39316 6484
39316 6430
39316 6887
39316 6854
41472 5005
39316 6411
39316 6401
39316 6542
39316 6346
39316 6493
39316 6484
39316 6512
39316 6416
39316 7629
41472 6058
39316 6728
39316 7678
39316 6541
39316 6384
39316 6415
39316 6612
39316 6389
39316 6961
41472 5269
39316 6577
39316 6367
39316 6505
39316 6427
39316 6395
39316 6374
39316 6416
39316 7102
41472 5179
39316 6363
39316 6444
39316 6397
39316 6642
39316 6414
39316 6396
39316 6635
39316 6653
41472 5066
39316 6403
39316 6522
39316 6841
39316 6500
39316 6860
39316 379
39316 1736
39316 4094
39316 6534
39316 6632
39316 6396
41472 6101
39316 6457
39316 6824
39316 6347
39316 6368
39316 6419
39316 6398
39316 6381
39316 6390
41472 4891
39316 6434
39316 6772
39316 6368
39316 6421
39316 6465
39316 6891
39316 6370
39316 6613
41472 5133
39316 6396
39316 7813
39316 6532
39316 6489
39316 6466
39316 6383
39316 6431
39316 7349
39316 6780
41472 6459
39316 6388
39316 6411
39316 6572
39316 6403
39316 6397
39316 6814
39316 957
39316 6403
41472 3714
41472 4733
39316 6353
39316 6369
39316 6497
39316 6761
39316 6540
39316 6615
39316 6595
39316 6384
41472 4880
39316 6395
39316 6370
39316 6454
39316 6372
39316 6616
39316 6389
39316 6506
39316 6384
41472 6122
39316 7341
39316 6377
39316 6364
39316 6587
39316 6526
39316 6387
39316 6482
39316 6750
41472 5746
39316 6869
39316 6397
39316 6358
39316 6545
39316 6388
39316 6512
39316 6405
39316 7127
41472 5168
39316 6464
39316 6401
39316 6803
39316 6580
39316 6363
39316 6424
39316 6835
41472 6382
39316 6340
39316 6835
39316 6722
39316 5956
39316 7420
39316 6893
39316 6424
39316 6376
39316 6716
41472 5067
39316 6392
39316 6373
39316 6389
39316 6397
39316 6411
39316 6434
39316 6413
39316 6940
41472 4942
39316 6470
39316 6546
39316 6399
39316 6405
39316 6483
39316 6375
39316 6515
39316 6771
41472 4958
41472 4680
39316 6353
39316 6567
39316 3793
39316 5987
39316 6388
39316 6412
39316 6400
39316 6952
39316 6375
39316 6424
41472 4825
39316 7105
39316 6399
39316 6560
39316 6557
39316 6401
39316 6366
39316 6382
39316 6505
39316 6390
41472 5331
39316 6410
39316 6391
39316 6561
39316 6404
39316 6532
39316 6365
39316 6547
39316 6664
41472 5047
39316 6512
39316 6405
39316 6504
39316 6453
39316 6452
39316 6385
39316 6389
39316 6929
41472 5134
39316 7537
39316 6394
39316 6883
39316 6423
39316 6372
39316 6448
39316 6362
39316 6414
41472 5001
39316 6805
39316 6370
39316 6377
39316 6359
39316 6731
39316 4925
39316 6405
39316 6518
41472 5487
39316 6427
39316 6417
39316 6425
39316 6510
39316 6416
39316 7015
39316 6613
39316 6434
41472 6025
39316 6413
39316 6505
39316 6856
39316 2483
39316 110
39316 6393
39316 6366
39316 6509
39316 6381
39316 6481
41472 6143
39316 6395
39316 6385
39316 6553
39316 6381
39316 6530
39316 6825
39316 6388
39316 6440
41472 6037
39316 6379
39316 6372
39316 6373
39316 6483
39316 6495
39316 6357
39316 6386
39316 6406
41472 6064
39316 6415
39316 6369
39316 6503
39316 7443
39316 6565
39316 7187
39316 6419
41472 6055
39316 6392
39316 6775
39316 6396
39316 6736
39316 6415
39316 6386
39316 6809
39316 6642
39316 6993
41472 5502
41472 6290
39316 6411
39316 6400
39316 6350
39316 6686
39316 6459
39316 6454
39316 6360
41472 4876
39316 6789
39316 6381
39316 6400
39316 6363
39316 6742
39316 6408
39316 6401
39316 7003
41472 5234
39316 6564
39316 6971
39316 6488
39316 6515
39316 6402
39316 6578
39316 6487
39316 6934
41472 5067
39316 6417
39316 6383
39316 6552
39316 6808
39316 6448
39316 6368
39316 6503
39316 6567
39316 6394
41472 6045
39316 6392
39316 6408
39316 6398
39316 6416
39316 6378
39316 6406
39316 6383
39316 7631
41472 5562
39316 6390
39316 1743
39316 6641
39316 6414
39316 7244
39316 6486
39316 6377
39316 6372
39316 6629
41472 5162
39316 6383
39316 6401
39316 6480
39316 6374
39316 6391
39316 6349
39316 6425
39316 6392
41472 6198
39316 6546
39316 6410
39316 6375
39316 6654
39316 6371
39316 6834
39316 6542
39316 6818
41472 4962
39316 6590
39316 6368
39316 6361
39316 6395
39316 6351
39316 6377
39316 6426
39316 6484
41472 5198
39316 2053
39316 4016
41472 3723
41472 3891
39316 6138
39316 3798
41472 3571
39316 3615
39316 1261
41472 4598
41472 5032
39316 3614
39316 3730
41472 3864
7000 6219
39316 1216
39316 4932
41472 3607
39316 7010
39316 6389
39316 6477
39316 6680
41472 3625
39316 6400
39316 6516
39316 6472
39316 6555
39316 6435
39316 6817
39316 6373
39316 1390
41472 4901
39316 3716
39316 2206
41472 3634
53338 6084
7000 3607
23715 3626
65455 3696
41472 3710
8506 3607
44995 3693
44995 6066
41472 3790
39316 3589
24257 3634
59160 3661
39316 3610
59160 6230
44995 3631
41472 3646
39316 252
41472 3610
39316 3730
24607 4000
39316 6103
39316 3814
41472 4100
27629 3800
39316 6107
39316 4111
41472 3707
41472 3789
41472 6471
41472 6357
41472 6556
39316 3635
39316 3754
39316 3596
39316 3760
39316 6075
1763 4063
44734 3816
41472 4127
41472 6783
44995 3625
44995 6067
39316 215
59160 3688
59160 3655
39316 4861
59160 5066
44995 3669
44255 3851
20702 3976
27534 4237
44255 3687
64399 4312
20702 4611
20702 8325
44255 5448
41472 6184
64399 3626
27534 4959
64399 11481
64399 6393
64399 4955
20702 4910
27534 7297
27534 6385
27534 4689
44255 3707
20702 5023
44255 1431
20702 3653
20702 6193
64399 6195
20702 3683
64399 3698
27534 1860
44255 61
64399 4734
64399 4959
64399 3780
20702 3652
64399 6164
64399 4251
20702 3794
64399 3657
20702 3625
64399 3601
44995 6033
44995 3857
59160 3756
59160 3626
59160 4767
44995 5096
9434 4251
24971 3798
9434 3625
9434 7288
24971 5596
24971 7361
24971 6439
24971 5031
9434 3963
9434 3702
9434 3646
9434 6161
24971 3608
24971 6265
24971 3801
9434 3640
9434 3716
24971 213
40705 4020
24971 6270
24971 7600
9434 5711
24971 6804
24971 6411
24971 6559
24971 6418
9434 6275
24971 6507
24971 3806
9434 3606
24971 6380
24971 6393
24971 7036
9434 5569
24971 6419
24971 6552
9434 5425
24971 6958
9434 5040
24971 6405
24971 6394
24971 6401
9434 5173
24971 6505
24971 7036
9434 5061
24971 6821
9434 4866
7192 3970
24971 6480
24971 6400
24971 6421
9434 6023
24971 6936
24971 6620
9434 5046
24971 6418
24971 6759
9434 5045
24971 6561
24971 6772
9434 4535
24971 6463
24971 6757
9434 4940
24971 6744
9434 5395
24971 6415
24971 6534
24971 6961
9434 4940
24971 6407
24971 6867
9434 4926
24971 6419
24971 6614
9434 4934
24971 6434
24971 7665
9434 5871
24971 6947
9434 5070
24971 6409
24971 6321
9434 4238
24971 6378
24971 6398
9434 4849
24971 6437
24971 6376
9434 5390
24971 3778
9434 4636
24971 3746
44055 1961
36159 4134
27669 3727
27669 3587
48446 3660
3092 3673
3092 3701
1343 3600
19948 3693
58394 4793
9434 5128
9434 3710
9434 3693
9434 6097
24971 611
24971 3732
24971 4050
24971 6081
24971 6876
9434 5005
24971 7078
24971 6359
24971 6906
9434 5187
24971 7099
9434 5329
24971 6430
24971 6532
9434 5033
24971 6406
24971 6380
24971 6954
9434 5074
24971 6982
9434 5100
24971 6555
24971 6611
9434 5026
24971 6568
24971 6465
24971 6400
9434 6179
24971 7136
9434 5053
24971 6482
24971 6427
9434 6089
24971 6418
24971 6348
24971 6744
9434 6495
24971 7330
9434 4918
24971 7059
24971 6407
9434 6226
24971 6400
24971 6532
24971 6398
9434 6236
24971 6384
24971 6877
9434 4975
24971 7042
9434 5053
24971 6395
24971 6500
9434 3631
24971 6499
24971 6817
24971 6386
9434 6256
24971 6913
9434 5211
24971 6839
24971 6536
9434 6132
24971 6357
24971 6408
24971 6873
9434 6590
24971 6382
9434 6181
24971 6397
24971 7110
9434 5376
24971 6982
24971 3648
9434 3592
24971 6467
24971 6111
9434 3941
36159 3657
36159 3627
48446 3608
48446 3560
24971 6497
24971 6374
24971 6998
9434 5115
1343 753
44995 4886
44995 5038
24971 6977
9434 5103
24971 6541
24971 6906
9434 4943
24971 6379
24971 6458
24971 6948
9434 5085
24971 6419
24971 6896
9434 4942
24971 6498
9434 3655
24971 7763
24971 6400
24971 6805
9434 5220
24971 6729
9434 5399
24971 6393
24971 6972
9434 5182
24971 6411
24971 6500
24971 6844
9434 5479
24971 6986
9434 5110
24971 6429
24971 6669
9434 4988
24971 6436
24971 6541
24971 6806
9434 5149
24971 7044
9434 5138
24971 6853
24971 6559
9434 6101
24971 6375
24971 6407
9434 3669
24971 6585
24971 6399
24971 7431
9434 5614
24971 6802
24971 6391
24971 6891
9434 4906
24971 6521
24971 6433
9434 4804
24971 6434
24971 6459
9434 3629
24971 6784
24971 6926
9434 5177
24971 6407
24971 6485
24971 5217
9434 3575
24971 6795
9434 5475
24971 6418
24971 6370
24971 6372
24971 6995
9434 4931
24971 6402
24971 6364
24971 7511
24971 6287
9434 3710
59160 3658
59160 5322
59160 5083
44995 3664
44995 4104
44995 4862
26076 5132
24971 6390
24971 6456
24971 6399
24971 6394
24971 6522
9434 234
24971 7407
9434 5823
24971 6425
24971 6514
24971 6468
24971 6818
9434 5201
9434 3830
41243 3827
26076 3632
26076 7103
59160 3628
59160 3650
59160 6076
44995 3630
19263 3859
24971 3774
24971 3585
41243 3786
41243 7802
26076 3669
26076 3729
26076 6218
51468 3805
19263 3726
19263 6845
24971 4636
24971 5088
24971 4096
9434 3591
9434 3647
41243 2715
26076 3591
26076 4122
41243 6109
41243 6485
41243 6374
41243 6438
41243 6594
41243 6501
41243 6403
41243 6402
26076 4414
41243 6597
41243 6813
26076 5187
41243 6558
41243 6928
26076 5172
51468 3629
41243 7025
41243 6418
26076 4874
41243 6555
41243 6655
26076 5067
41243 6365
41243 6832
26076 4936
24971 3731
41243 6673
41243 6531
26076 6346
41243 6450
41243 6487
26076 4940
41243 6393
41243 6429
26076 6180
41243 6397
41243 6430
26076 4892
51468 4960
41243 6345
41243 6806
26076 5213
19263 3614
19263 3676
19263 6266
41243 6420
41243 6406
26076 3611
41243 7081
41243 6405
26076 5228
41243 6548
41243 6416
41243 6412
26076 4878
41243 6539
41243 6985
26076 5104
41243 6184
26076 3655
26076 3647
51468 1424
19263 3735
19263 3675
51468 4641
41243 4923
51468 3783
45572 4468
3074 3766
64532 4034
64532 3799
16703 833
15382 3729
15382 4578
28990 3667
27085 5222
39277 3746
44055 3654
36159 4086
27669 3713
48446 3640
3092 3617
1343 3616
51468 6245
51468 6553
19263 6207
51468 6396
51468 6461
51468 6520
51468 6380
51468 6761
19263 5242
51468 6502
51468 6373
19263 4976
51468 6460
19263 3734
51468 6702
51468 4808
19263 3707
51468 1030
19263 3594
19263 3643
51468 3668
9434 6097
24971 3764
24971 4088
24971 6953
9434 5067
24971 7020
24971 6431
9434 6107
24971 6414
24971 6369
9434 5182
24971 6534
24971 6377
24971 6779
9434 5480
24971 6415
9434 6169
24971 6507
24971 6407
24971 6393
24971 7167
9434 5127
24971 6361
24971 6372
24971 6525
24971 6387
9434 6066
24971 6389
24971 6458
9434 6191
24971 6387
24971 6451
24971 6398
24971 6911
9434 6537
24971 6405
24971 6403
24971 7571
24971 6420
24971 6532
9434 6221
24971 6409
9434 5006
24971 6394
24971 6441
24971 6376
24971 6241
9434 5258
9434 3650
24971 3753
9434 6602
16703 2732
28990 3618
28990 3804
44995 3862
44995 4726
9434 5184
9434 4187
24971 3662
59160 3727
59160 6027
24971 3714
24971 3622
24971 3702
24971 6575
9434 6136
24971 6154
24971 3675
9434 4240
9434 3658
59160 6118
44995 5120
24971 3770
24971 3663
9434 3628
24971 3653
24971 3650
9434 3585
24971 4780
64532 4887
16703 3624
15382 4069
28990 3577
46086 3596
55785 3760
40965 3588
10732 3667
39390 3594
5927 4597
48028 5034
64180 3586
37764 3815
23189 4110
54890 3699
24562 3586
34980 3635
53159 4131
38545 3609
9537 3744
24676 4666
29080 5728
44995 3648
44995 3680
59160 1918
59160 6157
44995 3604
155 3976
64666 3732
26076 4111
155 3687
155 7084
62941 3885
64666 3609
64666 6750
26076 4634
62941 3626
26076 7531
26076 6421
26076 6912
155 5073
62941 7428
62941 6400
62941 6756
64666 5213
155 4735
64666 429
155 3718
155 6191
26076 3917
26076 3681
155 5199
155 5019
62941 3743
64666 4022
62941 3651
62941 3677
64666 822
26076 3583
26076 6543
26076 6541
26076 6468
26076 7196
155 4972
26076 6414
26076 6387
26076 6358
26076 6381
26076 6502
26076 6637
155 5021
26076 6708
26076 6523
155 6130
26076 7231
26076 6430
26076 6440
26076 6366
26076 6608
26076 6404
26076 6326
155 6103
44995 4345
44995 6092
59160 3632
59160 3754
59160 4728
44995 3648
155 5064
155 3756
155 3721
155 6008
155 3724
155 3646
26076 3620
26076 3634
26076 6460
26076 6507
26076 6549
26076 6470
155 6034
26076 6386
26076 6381
26076 6453
26076 6427
26076 6800
155 5174
26076 6412
26076 6548
26076 6152
155 5271
26076 6461
26076 6467
26076 6963
155 5219
26076 6893
26076 6351
26076 6471
155 6115
26076 1508
26076 6449
155 5113
26076 6552
26076 6357
26076 6767
26076 6389
26076 6400
26076 6306
155 6082
26076 6429
26076 6776
155 5043
155 5996
26076 7281
26076 6453
155 6263
26076 6511
26076 6350
26076 6423
155 5056
26076 6467
26076 6556
26076 6516
26076 6465
26076 6373
155 5048
26076 7070
26076 6400
26076 6402
26076 6716
155 6255
26076 6580
26076 7041
155 4963
26076 6385
26076 6386
155 3620
26076 6384
26076 6689
26076 6559
155 6425
26076 6383
26076 6406
26076 6415
155 5093
26076 6518
26076 6432
155 5315
26076 6475
26076 6549
26076 6391
26076 6390
26076 6344
26076 6507
26076 6388
26076 6450
155 4036
26076 6527
26076 6949
26076 6371
26076 6890
26076 6470
26076 6391
26076 6392
26076 6794
155 5102
26076 6394
26076 6360
26076 6508
155 5406
26076 7014
26076 6429
155 6048
26076 6503
26076 6405
26076 5178
155 3606
155 4740
155 5052
155 3714
155 3695
155 6010
155 3683
26076 3809
26076 776
26076 6516
155 5057
26076 6390
26076 6896
155 6747
26076 6859
26076 6646
155 4876
26076 6510
26076 6442
155 5330
155 3688
155 3658
26076 6538
26076 6544
155 5691
26076 4834
155 5035
155 3690
26076 6167
155 3748
26076 6636
155 3794
26076 6372
155 3687
26076 6307
155 3704
26076 6191
155 4148
26076 6472
26076 6222
155 4923
155 3716
26076 6369
59720 3740
26076 6892
155 3830
26076 6514
26076 6385
26076 6366
155 3635
48635 3785
155 3766
155 3681
155 6147
47258 3836
17563 3790
20631 3712
44182 3648
26076 6393
26076 6340
26076 3666
155 3646
26076 3759
26076 6372
26076 6302
155 5164
26076 6963
155 4964
26076 6358
26076 6381
155 4853
26076 7292
26076 6508
26076 6370
1501 3929
155 3626
47258 4109
26076 6354
26076 6438
26076 6567
26076 6385
26076 6366
26076 6362
155 5423
26076 6404
26076 6395
26076 6402
26076 6692
155 5589
38364 4517
17563 3576
47258 7133
17563 6338
26061 3677
20631 3735
20631 6553
62924 3744
44182 3661
44182 6532
26920 6699
1501 4878
38364 3617
26061 3606
62924 3643
1501 7943
1501 6902
47258 5180
1501 6310
38364 7991
38364 6844
38364 6389
17563 6168
26061 7417
26061 6511
26061 6908
20631 4910
62924 7350
62924 6379
62924 6365
44182 5357
47258 3725
17563 3722
20631 4715
44182 4991
17563 3662
20631 3754
44182 3633
47258 3670
47258 6316
47258 3797
47258 4891
47258 5647
1501 3754
38364 6846
17563 4899
26061 3804
20631 3635
37116 3580
1501 6139
47258 3730
47258 4295
1501 3604
38364 3621
38364 3761
17563 3644
17563 4590
1501 3601
62924 5573
26061 4059
26061 3585
20631 3574
44182 3563
20631 4610
37116 6292
62924 1162
44182 3614
44182 3653
1501 6393
47258 6226
1501 6871
47258 6521
1501 6405
1501 6347
1501 6908
47258 5177
1501 6701
1501 6485
1501 6431
47258 6251
1501 6482
1501 6419
1501 6918
1501 6451
47258 6245
1501 6487
1501 6403
1501 6364
1501 6406
47258 6147
1501 6449
1501 6384
1501 6436
1501 6660
1501 6382
1501 6401
47258 5335
1501 6871
1501 6679
1501 6354
1501 6899
1501 6976
1501 7042
47258 3663
1501 6508
1501 6400
1501 6485
47258 5033
1501 6377
1501 6402
1501 6638
47258 5045
1501 6414
1501 6415
47258 4895
1501 6903
1501 6782
1501 6378
1501 6827
1501 6394
1501 6990
47258 4966
1501 6375
1501 6531
1501 6368
1501 6510
1501 6408
1501 6405
1501 7111
47258 5067
1501 6434
1501 6862
47258 6802
1501 6429
1501 6740
47258 5158
1501 6395
1501 6347
1501 6369
1501 6370
1501 6542
47258 5231
26920 4156
155 5004
155 3683
155 4195
155 4762
155 5036
155 3674
155 3773
155 3706
155 6005
26076 6875
26076 6168
155 3627
26076 6337
26076 6393
26076 1615
155 4929
26076 3805
26076 4037
26076 6395
26076 5156
155 4704
26076 6403
26076 6329
155 3600
26076 6391
26076 6376
26076 6867
155 4919
26076 6826
26076 6431
26076 6354
26076 6407
26076 7160
26076 7003
26076 6465
26076 6415
26076 6339
26076 6414
26076 6866
155 6617
26076 6395
26076 6350
26076 6399
26076 6337
26076 7097
155 5132
26076 6706
26076 6442
26076 6369
26076 6570
155 6401
26076 6474
26076 6700
26076 6419
26076 6875
26076 6409
26076 6448
26076 6473
26076 6800
155 5124
26076 6462
26076 6330
26076 6439
26076 6318
26076 6979
26076 6491
26076 6562
26076 6792
26076 6186
155 4121
26076 6827
26076 6144
155 3697
26076 6858
26076 6781
155 5406
26076 6872
26076 6457
155 4956
26076 6521
26076 6620
155 4922
26076 6379
26076 6821
155 4924
27280 4966
46400 3796
155 3696
155 3675
26076 3606
26076 6036
26076 7938
155 5922
26076 6462
26076 6412
26076 7337
155 5573
26076 7318
155 5776
44995 3888
44995 6222
59160 3588
59160 3648
59160 3737
44995 3615
38561 4838
27296 4980
58145 3681
38561 3718
38561 7203
29472 3953
27296 3594
27296 6911
58145 3617
29472 3623
58145 7275
58145 3520
38561 3623
29472 7150
29472 2287
27296 3756
38561 6114
27296 788
38561 3686
38561 6117
58145 4821
58145 5744
38561 3626
38561 3678
58145 3661
29472 4799
29472 5075
27296 3611
27296 3703
29472 3604
27296 3634
58145 3724
58145 6143
38561 3882
38561 3829
44995 3779
44995 3761
58145 4679
59160 4028
59160 5076
59160 3879
44995 3642
38561 3659
58145 5081
58145 4954
58145 6304
58145 6515
38561 4999
58145 3772
38561 4697
38561 4989
58145 4863
58145 6247
58145 7186
38561 7055
58145 6488
58145 3803
38561 3852
58145 6379
58145 6911
38561 5207
58145 6524
58145 6377
38561 6006
58145 6415
58145 6637
38561 6290
58145 6375
58145 6400
38561 6204
58145 6350
38561 3754
44995 3905
44995 4815
44995 5546
44995 3710
58145 3628
59160 3804
59160 3860
44995 3639
59160 6088
5281 3801
59160 3722
44995 4595
59552 5309
64675 4522
162 3719
17570 3704
47267 3777
52386 3631
29185 3642
5281 3872
5281 7076
57856 3785
59552 3650
4613 4707
64675 5016
33284 3782
162 3722
29188 3759
17570 3606
57861 3659
47267 3722
59552 8116
53767 3707
52386 3714
64675 6535
162 6491
47267 6441
17570 6376
52386 7710
29185 5951
29185 7217
29185 6402
29185 7070
5281 5188
57856 3725
4613 4259
33284 3682
57861 3603
29188 3626
53767 4685
57856 7217
57856 6394
57856 6627
59552 6350
4613 7439
4613 6404
4613 6632
64675 4058
33284 7388
33284 6384
33284 6633
162 5146
29188 7040
29188 6385
29188 6758
17570 6590
53767 7168
53767 6387
53767 6262
52386 6116
57861 7369
57861 6504
57861 6269
47267 6088
5281 3822
5281 6600
59552 3769
64675 4448
162 4718
17570 5062
52386 3891
47267 3786
59552 6364
64675 6226
162 6602
17570 4965
52386 5213
47267 6331
29185 3800
29185 4927
29185 6474
5281 5258
57856 6106
4613 3918
33284 6189
29188 3796
53767 6125
57861 3940
57856 6825
59552 6461
33284 6836
162 6598
57856 6362
57856 6393
57856 6582
57856 6367
57856 6853
57856 7350
57856 6864
4613 7218
33284 6371
53767 6391
53767 6547
52386 5695
59552 4851
64675 3615
53767 6394
53767 6372
53767 4821
29188 6821
52386 5190
57861 6401
57861 6406
57861 6774
57861 6407
57861 6475
57861 6544
57861 6403
57861 6523
17570 5415
47267 4891
57861 6414
57861 6943
47267 5185
57861 6378
57861 6948
47267 5236
57856 6367
57856 6944
59552 5073
57861 6418
57861 7558
47267 5738
57856 6619
59552 5024
57856 6418
57861 6375
57861 6420
47267 6124
57856 6494
57856 6524
59552 6065
57861 6913
57861 6794
47267 5601
57856 6332
57856 6607
59552 4929
57861 6406
57861 6399
47267 4872
57856 6511
57856 6386
59552 6260
57861 6383
47267 6046
57861 6491
57856 7408
59552 5266
57856 6366
57861 6482
57861 6169
47267 3607
57856 6935
57856 6910
59552 5167
57856 6392
57856 6930
59552 5200
57856 6409
57856 6417
59552 6248
57856 6838
57856 7208
59552 6790
57856 6458
57856 6793
59552 5015
57856 6442
59552 6039
57856 6397
57856 6370
57856 6460
59552 5232
57856 6998
59552 5198
57856 6406
57856 6410
57856 6948
59552 5083
57856 6620
57856 6386
59552 4864
57856 6953
59552 5235
57856 7054
57856 3727
59552 3607
162 3614
17570 6187
64675 6221
29188 6583
29188 6480
17570 6275
29188 6242
4613 1154
64675 3616
61297 3636
52386 6209
47267 6197
17570 4835
53767 6391
53767 6369
52386 4881
53767 6415
53767 6372
53767 6848
53767 6642
53767 6510
53767 6402
53767 7034
52386 5096
53767 6385
53767 6382
53767 6730
52386 5067
53767 6864
53767 6866
52386 5071
57861 6395
57861 6865
47267 5209
57861 6367
57861 6383
57861 6748
47267 5154
57861 6537
57861 6363
57861 6876
57861 6404
57861 6701
47267 6515
57861 6402
57861 6686
47267 5056
53767 6447
53767 6393
52386 6234
57861 6358
57861 6536
47267 6118
57861 6363
57861 6558
47267 6235
53767 6383
53767 6388
52386 5127
57861 6569
57861 7202
47267 5571
57861 6774
57861 6413
47267 6095
53767 6388
53767 6847
52386 5214
57861 6366
57861 6565
47267 6142
57861 6282
53767 6502
53767 6850
52386 6415
53767 6395
53767 6422
52386 5107
53767 7119
53767 6896
52386 5082
53767 6432
53767 6746
52386 5056
53767 6550
53767 6935
52386 5216
53767 6419
53767 6393
52386 5183
53767 6440
53767 6610
52386 6277
47267 5892
64675 5174
44995 4722
44995 5199
53767 6409
53767 6595
52386 6261
53767 6504
53767 6826
52386 4961
53767 6361
44995 3646
44995 3743
17570 6138
13306 3712
13306 6604
52386 4590
57861 6486
57861 6562
47267 6405
57861 6378
57861 6569
4613 1908
47267 3664
64675 3627
57861 6415
57861 6450
57861 6380
57861 6980
47267 5125
57861 6970
57861 6439
47267 4814
57861 6385
57861 6560
47267 6132
59160 5053
57861 6490
57861 6907
47267 4928
57861 6485
59160 5687
44995 5159
54407 3725
54407 3704
29188 6662
29188 6365
17570 6083
29188 6337
54407 3660
59160 3644
59160 4080
53767 2539
52386 3601
54407 3672
13306 3655
59160 3799
54407 6399
44995 5354
54407 7165
54407 7073
13306 5226
11730 4314
54407 6489
13306 6259
54407 6474
54407 6375
54407 6464
13306 6023
54407 6816
54407 6819
13306 5188
54407 6721
13306 5525
54407 6509
54407 7007
13306 5347
54407 6405
54407 6410
54407 6431
13306 4929
54407 6586
54407 6787
13306 5185
54407 6398
13306 3693
54407 6455
54407 6389
54407 6786
13306 5158
54407 6420
54407 6875
13306 4938
54407 6392
54407 7626
13306 5453
54407 6887
13306 4111
54407 6494
54407 6385
54407 6553
13306 6134
54407 6519
54407 6764
13306 5100
54407 6433
54407 6640
13306 5152
54407 6425
54407 6982
13306 5087
54407 6399
54407 6641
13306 5059
54407 6375
54407 6640
13306 5042
54407 6413
13306 5238
54407 6839
54407 6451
13306 6206
54407 6492
54407 7162
13306 5181
47267 3847
42414 4406
17570 3610
54407 6409
54407 6865
13306 4871
49421 3924
11730 3619
54407 6699
54407 6950
13306 4937
11730 7183
54407 3647
54407 3627
13306 3608
13306 3618
49421 3643
54407 3633
49421 7433
49421 6338
49421 6239
11730 4961
11730 3679
11730 3683
11730 6207
49421 6354
11730 3775
49421 3668
49421 3607
49421 6613
11730 4989
49421 6409
49421 6437
49421 6947
49421 6400
49421 6538
11730 3648
49421 6543
11730 3595
49421 6389
49421 6390
49421 6483
11730 6029
49421 6623
11730 5045
49421 6354
49421 6422
49421 6842
11730 6428
49421 6528
49421 6380
11730 5129
49421 6386
49421 6403
11730 5241
49421 6436
49421 6927
11730 5075
49421 6479
49421 6434
11730 6274
49421 6464
49421 6513
11730 6272
49421 6451
11730 5020
49421 7122
49421 6872
49421 6413
11730 6238
49421 1476
11730 3317
5221 3583
27198 3619
19379 3809
16794 3706
44995 3696
44995 6081
59160 4787
59160 4090
59160 3756
44995 3644
59569 3832
5296 4764
20656 5014
50250 3782
21579 3675
59569 3601
5296 3598
42059 3882
20656 3597
20656 6935
59569 6582
5296 6402
42059 3773
50250 4075
21579 3707
42059 7645
42059 6453
42059 6402
42059 6161
50250 7623
20656 5852
50250 6399
50250 6429
50250 3826
59569 3611
21579 7250
21579 6515
21579 6522
21579 6654
5296 5130
20656 4321
59569 3730
5296 6440
20656 4889
59569 5149
5296 6398
42059 6127
50250 3798
21579 6145
42059 6395
20656 5125
42059 6356
42059 6426
42059 6565
20656 6224
42059 6983
42059 6367
42059 6391
20656 6060
42059 6408
42059 6397
50250 6377
50250 6384
20656 6175
59569 3648
50250 6575
50250 6364
50250 6406
50250 6396
59569 5057
50250 6344
50250 6744
59569 5110
21579 6485
5296 4902
50250 6383
21579 6811
21579 6887
21579 6386
21579 6352
21579 6542
21579 6405
21579 6755
59569 5140
5296 3625
21579 6664
5296 5483
42059 6941
42059 6468
42059 6537
42059 6573
20656 5095
42059 6403
42059 6369
42059 6666
42059 6390
42059 6584
42059 6427
20656 6105
50250 6434
50250 7223
59569 5638
50250 6399
50250 6635
50250 7066
59569 5091
59569 5419
50250 6462
50250 6372
21579 6403
21579 6997
59569 4948
5296 3647
42059 6645
42059 7442
20656 5729
21579 6508
21579 6683
5296 5095
50250 7325
50250 7059
59569 5305
42059 6454
42059 6399
20656 5048
21579 6449
21579 6387
5296 6055
50250 6412
50250 6395
59569 6179
42059 6378
42059 6436
20656 6066
21579 6807
21579 6649
5296 5043
50250 6516
50250 6562
59569 6300
42059 6388
42059 6630
20656 4948
21579 6796
21579 6839
5296 6477
50250 6412
50250 6444
59569 6043
42059 6355
42059 7287
20656 4965
21579 6924
21579 7212
5296 6929
50250 6384
50250 6377
59569 4884
21579 6818
21579 6883
5296 4953
50250 6383
50250 6405
59569 4893
21579 6378
21579 6473
5296 6033
21579 6398
21579 6947
5296 5214
21579 6399
21579 6481
5296 6287
42059 6383
42059 6392
20656 4075
42059 6450
42059 6519
20656 5151
50250 6384
50250 6995
59569 5078
21579 6401
21579 7061
5296 5467
50250 6922
42059 6544
50250 6418
42059 6417
59569 6227
20656 3658
21579 6419
21579 6427
5296 6163
42059 6385
50250 6356
42059 6409
20656 6222
50250 6414
59569 3612
21579 6360
21579 6665
5296 6340
42059 6408
20656 6122
50250 6388
50250 6645
59569 5652
21579 6377
21579 6370
42059 6567
42059 7023
5296 6469
20656 4206
50250 6374
50250 6872
59569 5261
42059 7005
42059 6580
20656 5370
21579 6367
21579 6373
5296 6205
50250 6472
50250 6557
59569 4043
42059 6569
42059 6406
20656 4880
50250 6895
50250 6901
59569 5095
21579 6412
21579 6572
5296 5532
42059 6865
42059 6940
20656 5091
50250 6428
50250 6896
59569 6616
21579 6391
21579 6869
42059 6392
42059 6396
5296 6224
20656 4053
50250 6403
50250 7042
59569 5581
21579 6923
21579 6397
5296 5001
50250 6407
50250 6774
59569 5154
21579 6392
21579 6442
5296 6020
50250 6379
50250 6645
59569 6380
21579 6421
50250 6305
21579 6896
5296 5083
21579 6397
21579 6422
5296 6235
21579 7111
21579 6752
5296 5178
59569 3664
1468 4623
1468 4988
23147 2237
1468 3602
13306 3722
44995 3718
44995 4738
44995 5107
44995 4309
44995 3678
44995 3625
44995 6061
44995 3751
44995 3762
26920 6208
44995 3666
44995 3708
44995 4125
44995 6184
44995 4083
44995 5017
13306 5507
54407 4860
54407 3628
59160 3653
59160 6177
59160 3761
44995 3665
59160 4639
59160 5085
44995 4134
59160 3618
59160 822
37116 6342
54407 4763
54407 6994
13306 5121
54407 6461
54407 7391
13306 5808
54407 6371
54407 6959
13306 5112
54407 6591
54407 6794
13306 5338
54407 6386
54407 6480
54407 6839
54407 6305
13306 3841
54407 6424
54407 6399
13306 6218
54407 6365
54407 6392
54407 6391
13306 4841
54407 6413
54407 6884
13306 4905
54407 6397
54407 6473
54407 6441
13306 6243
54407 6436
54407 6389
13306 6199
54407 6488
54407 6500
54407 6901
13306 6770
54407 6460
54407 6934
13306 4968
13306 3836
54407 3681
54407 7016
13306 5158
54407 6470
54407 6410
13306 5342
59160 6379
59160 3814
44995 3627
54407 6483
54407 6402
54407 6391
54407 6557
54407 6405
13306 3642
35685 3815
54407 6897
13306 4951
54407 7319
54407 6545
54407 6379
54407 6976
13306 5122
49484 3675
54407 6414
54407 7075
54407 6380
54407 6695
54407 6387
13306 5271
38561 3831
39532 4835
49484 3642
49484 7001
54407 6422
54407 6272
13306 4887
54407 6186
13306 3631
59160 6245
44995 3617
54407 3650
64704 3866
35685 3628
35685 7130
26920 3665
39532 3627
39532 4612
49484 6195
58145 3638
39532 6872
39532 6393
39532 7067
49484 6362
49484 3899
49484 6143
64704 3785
64704 8396
64704 6352
64704 6452
35685 6248
64704 6413
35685 5196
35685 3639
35685 3784
35685 4743
39532 5106
39532 6118
49484 3588
39532 3960
58145 6488
58145 6507
38561 6066
58145 1106
38561 3593
38561 4630
64704 6190
35685 4865
64704 6116
35685 3632
64704 3837
35685 3643
58145 3627
49484 4081
64704 3611
64704 6280
35685 3583
21836 3695
21836 4578
62841 4079
62841 3631
21836 4036
2958 3783
2958 4634
2958 4994
44995 3695
44995 3754
44995 4638
44995 5051
44995 3677
44995 3736
35685 6022
59160 5284
59160 3645
59160 3842
44995 3626
59160 6850
35394 4885
35394 3696
35394 4692
2958 4937
35394 6381
35394 6467
35394 6421
35394 6426
35394 6403
2958 6210
35394 6397
35394 6743
2958 5332
35394 2507
2958 3731
35394 3619
2958 4724
35394 6223
35394 6525
2958 6321
35394 6381
35394 6860
35394 6782
2958 5279
35394 6357
35394 6868
2958 4936
35394 6414
35394 7491
2958 6144
35394 6408
2958 6197
35394 6385
35394 6421
35394 6475
2958 6176
35394 6906
2958 4935
35394 6407
35394 6567
35394 6418
2958 6272
53235 1479
10859 6657
10859 3818
35394 6443
35394 6390
2958 4800
35394 6411
35394 6621
2958 5032
35394 6500
35394 6403
2958 6167
35394 6385
35394 6423
2958 5382
35394 6425
2958 3609
35394 6377
35394 6532
35394 6359
2958 6192
35394 6530
2958 6260
35394 6365
35394 7079
2958 5066
35394 6545
35394 6837
2958 6433
35394 6434
35394 6411
2958 5470
35394 6916
35394 6451
2958 6020
64704 3792
59160 4688
35394 6422
2958 4853
35394 6404
59160 3755
44995 3714
35394 6395
2958 6103
35394 7180
59160 3793
38561 6161
35394 6929
2958 5169
35394 6389
35394 6356
35394 6399
35394 6411
35394 6370
35394 6385
35394 6884
2958 5091
35394 6569
35394 6806
2958 5035
35394 6395
2958 6170
35394 6573
2958 6111
35394 6951
35394 6389
35394 6619
2958 5380
35394 6405
35394 6392
2958 6012
35394 6398
2958 3620
35394 6516
35394 6438
2958 6296
35394 6938
53235 5144
35394 6544
35394 6691
2958 5049
35394 6394
2958 6069
35394 6428
35394 6416
35394 6493
2958 6244
35394 6381
35394 6870
2958 5506
35394 6426
2958 4843
35394 6385
35394 6383
35394 6836
2958 4995
35394 6914
35394 6747
2958 5046
35394 6422
2958 4825
35394 6403
35394 6842
35394 4599
2958 3630
35394 3032
2958 3710
58145 3811
44995 3631
13429 382
58145 3801
58145 7126
38561 4868
58145 4802
58145 5018
38561 4090
38561 3807
14294 4067
14294 3655
14294 4703
13429 5274
64704 6319
64704 6614
35685 4961
64704 6330
64704 6889
64704 6776
64704 6424
35685 6271
64704 6390
64704 6511
64704 6367
64704 6433
64704 3811
35685 3639
64704 6467
64704 6423
64704 6804
35685 4879
64704 6798
58145 5339
35685 3829
44995 4676
44995 5237
44995 3805
44995 3694
44995 6094
44995 4141
13429 6278
44995 5142
44995 4156
59160 99
59160 3624
44995 4062
59160 4610
59160 5075
59160 3806
14294 4098
44995 3639
14294 6080
13429 4036
59160 3842
44995 3574
59160 5043
59160 5024
44995 3602
59160 3823
26171 3963
39482 4761
60987 5442
59160 3755
44995 3608
64348 3680
27485 4307
26171 4288
39482 4910
23391 4691
60987 3604
60987 7001
39482 6446
26171 6566
23391 4109
27485 3604
64348 3645
23391 7538
23391 6388
23391 6389
60987 6218
23391 7020
60987 5125
64348 7914
64348 6396
64348 6407
64348 6994
26171 5341
27485 7456
27485 6416
27485 6359
27485 6303
39482 6123
60987 4840
26171 4999
39482 3846
26171 5159
39482 3648
60987 3821
60987 5101
60987 6112
60987 3781
23391 4810
64348 5176
26171 3615
27485 6201
64348 207
26171 3717
39482 3602
26171 3622
27485 4085
27485 3616
39482 836
23391 4195
60987 3731
60987 3654
23391 3646
23391 3605
23391 6299
23391 3672
60987 3649
23391 4776
65455 2353
23715 3794
23715 3710
60987 3621
65455 3969
26920 6149
52386 6182
53767 6381
53767 6558
53767 7030
52386 5072
37116 5179
26920 3597
21833 4792
21833 4947
42362 957
21833 3645
12423 3614
25901 3901
64647 3611
13614 3822
40162 4223
43996 5242
62908 1584
7787 505
62908 3612
44995 3647
44995 4861
59160 5039
27495 3697
59160 4055
44995 3723
17768 3864
59160 4916
17687 3659
47382 5103
44309 3680
44995 3774
37542 3701
17687 3646
17687 6520
679 3796
47382 3601
47382 6500
62114 3684
44309 3737
44309 6997
38360 5568
37542 3640
37542 7380
37542 6444
37542 7098
17687 6847
37542 6571
37542 6402
37542 5017
17687 3692
679 4058
679 7429
679 6797
679 6385
47382 5982
679 6424
47382 6250
679 6444
679 3663
47382 4098
31998 3850
62114 3606
62114 7929
62114 6408
44309 5334
62114 6433
62114 6597
62114 7074
62114 3721
44309 3732
24562 4131
24562 3715
54890 3658
54890 3775
24562 3644
17687 6124
47382 5375
44309 3764
47382 3643
44309 3807
17687 3721
17687 6229
53159 3672
53159 3639
34980 3830
34980 3786
53159 4889
37542 5137
37542 6199
37542 3901
17687 3724
17687 3637
37542 4127
37542 389
17687 4024
62114 5020
62114 5124
44309 573
62114 3796
62114 4841
44309 1913
679 3833
47382 3782
679 6427
47382 4801
679 5231
47382 3715
679 3932
47382 4765
37542 4409
11444 5080
14437 4269
44995 3734
44995 3929
59160 365
59160 6002
59160 3935
44995 4219
161 3603
34420 3768
17044 3634
7154 4824
60224 5114
49886 4075
17635 3965
14272 3876
17635 5454
17635 7136
14272 4202
14272 7651
14272 6428
14272 6847
17635 5170
14272 4802
17635 3647
17635 5206
17635 5256
17635 6271
14272 3938
14272 3874
17635 3772
17635 6255
14272 4232
34209 4101
57120 3832
14272 6562
14272 6473
14272 6869
17635 5561
14272 6399
14272 6527
14272 6381
14272 6449
14272 6255
14272 6417
17635 5295
14272 6501
17635 6260
14272 6585
14272 6547
17635 6310
14272 6420
14272 6498
14272 6488
14272 6883
17635 4995
14272 6834
17635 5667
14272 8597
14272 6746
14272 7149
14272 6814
14272 6545
14272 22486
14272 6481
14272 3975
17635 3779
44995 4115
44995 4997
44995 5002
44995 3860
44995 3839
44995 6322
38561 7015
38561 6541
59160 2942
59160 3750
44995 4108
59160 3774
59160 3675
59160 6224
44995 3847
55549 3896
44284 4003
58145 3831
58145 3696
58145 3995
28102 5054
24004 6741
44284 5142
55549 5436
44284 7384
55549 6497
24004 4355
28102 3799
28102 9810
28102 6504
28102 6870
55549 5245
24004 7413
24004 6405
24004 6473
44284 4374
28102 6405
24004 5322
55549 3854
44284 5063
44284 3855
55549 566
44284 4946
44284 5140
44284 3868
58145 6116
58145 3788
58145 3748
38561 3742
38561 4586
24004 5285
28102 6279
55549 3894
28102 5571
28102 3875
28102 3854
55549 610
55549 780
24004 4817
44284 4249
44284 5134
24004 6396
24004 6362
44284 5130
24004 6517
24004 4608
44284 3701
24004 6454
24004 6630
24004 4090
44284 4227
58145 3919
16045 3946
24004 4216
59071 4937
14210 3863
4936 5313
59160 3877
56830 3816
39422 3796
41557 4683
56830 5218
21077 3689
39422 5873
56830 7192
39422 7005
44995 5211
41557 3679
21077 3731
41557 7670
41557 6639
41557 6380
56830 3706
21077 7898
21077 6405
21077 6601
39422 5059
39422 3893
56830 691
39422 6159
39422 3761
39422 4721
21077 5112
41557 4876
56830 5045
21077 3938
39422 3679
39422 3795
21077 6504
21077 6604
39422 5290
21077 6941
39422 5005
21077 6425
39422 4806
21077 8858
21077 6603
21077 6706
21077 6477
21077 6670
39422 5453
21077 7021
21077 6479
21077 6513
21077 7891
39422 5529
21077 4977
39422 5527
41557 3836
56830 3759
41557 3814
41557 3730
56830 860
21077 6597
21077 6496
39422 5320
21077 6420
21077 7311
39422 5516
21077 6534
21077 6667
21077 6404
21077 6551
21077 6566
21077 6557
21077 9476
21077 6789
39422 6470
59160 5386
39422 3720
39422 6016
39422 3784
21077 3650
21077 6261
21077 7073
39422 5173
21077 6685
21077 6447
21077 6463
21077 6738
21077 6945
39422 5082
21077 6424
39422 3668
21077 6477
21077 7112
39422 5239
21077 6554
21077 6468
39422 3752
21077 6657
21077 6706
21077 6225
39422 3781
21077 6695
39422 5085
21077 6622
21077 9225
39422 7214
21077 6649
21077 6604
21077 6510
39422 5244
21077 7632
39422 5635
21077 6514
21077 6521
39422 5034
21077 6469
44995 3895
39422 3788
39422 3664
39422 3738
39422 6179
39422 3831
39422 3839
39422 4260
39422 4889
39422 5137
39422 4997
39422 3709
39422 4778
39422 5173
39422 3779
39422 3815
39422 3957
39422 6069
39422 3840
39422 3713
39422 5852
39422 6264
39422 3903
39422 3855
39422 3683
39422 6678
39422 3838
39422 3756
39422 3847
39422 6088
39422 3942
39422 3846
39422 3858
21077 4628
21077 6626
39422 3724
21077 6556
21077 6904
39422 4356
21077 6515
21077 6439
21077 6228
39422 4015
21077 6791
39422 5669
21077 6478
21077 6430
39422 5184
21077 6495
39422 6150
21077 6534
21077 8158
39422 7062
21077 5190
39422 3588
44995 3784
44995 4814
21077 6366
21077 6826
39422 5066
21077 6481
39422 4398
21077 6534
21077 6424
21077 6393
39422 5202
21077 6432
39422 5416
21077 6536
21077 6377
39422 3652
21077 6676
39422 5127
21077 6349
21077 6714
39422 5051
21077 6404
21077 6393
21077 6416
39422 6233
21077 6553
21077 8479
21077 6549
39422 5079
21077 6410
39422 6110
21077 6668
21077 6498
39422 5002
21077 6450
21077 6395
21077 6942
39422 5213
21077 6380
21077 6464
21077 6451
39422 6043
21077 6415
39422 5188
21077 6536
39422 5164
39422 3640
21077 6437
39422 6278
21077 6406
21077 1110
39422 4952
21077 4616
44995 4973
44995 3885
39422 3859
21077 4682
39422 6114
21077 3634
21077 6562
21077 3724
39422 3621
21077 6398
21077 6381
21077 3798
39422 3609
21077 6460
39422 3869
21077 6408
21077 6493
21077 7285
39422 4172
39422 3660
39422 3709
39422 3790
21077 6511
21077 3840
39422 4039
21077 6463
21077 7042
39422 5437
21077 6370
21077 6998
39422 5115
59160 3740
59160 3779
21077 6387
21077 6486
39422 3616
21077 4652
39422 3581
21077 6418
21077 6478
21077 6499
21077 6938
39422 5084
21077 6388
21077 6461
21077 6648
39422 5068
21077 7011
39422 4950
21077 6423
21077 6363
21077 6389
21077 6358
21077 6446
39422 6004
21077 6659
21077 6369
21077 7235
39422 5493
21077 6529
21077 7017
39422 5365
21077 6497
39422 4165
21077 3912
39422 5706
21077 7046
39422 5204
21077 7155
21077 6405
21077 6903
39422 5329
21077 6508
39422 6255
21077 6389
21077 7002
21077 6435
39422 6242
21077 6413
21077 6396
39422 5432
59160 3601
44995 3609
21077 4746
21077 6385
21077 3689
39422 3752
21077 6541
21077 6397
21077 3758
39422 3601
21077 6731
21077 6392
21077 6928
21077 6893
39422 5217
21077 6708
21077 5749
39422 4353
21077 6663
21077 6591
39422 6441
21077 6538
21077 6412
39422 5040
21077 6392
21077 6482
39422 6160
21077 6444
21077 6393
21077 6374
39422 5017
21077 6378
21077 6516
39422 5098
21077 6371
21077 6414
21077 6375
39422 6114
21077 6379
21077 6542
39422 6403
21077 6875
21077 6392
21077 6447
21077 6440
21077 6417
39422 6231
21077 6805
39422 5113
21077 7690
21077 6391
21077 6423
21077 6396
39422 6199
21077 6208
21077 6487
21077 7022
39422 5086
21077 6574
21077 6371
21077 6378
39422 6193
21077 6360
21077 6440
39422 6192
21077 6398
21077 6430
39422 5294
21077 6340
21077 7560
39422 5742
21077 6418
21077 3810
39422 4098
21077 6685
21077 6381
21077 6387
21077 6495
39422 4961
21077 6517
21077 6439
39422 6018
21077 7886
21077 6510
21077 6409
21077 3791
39422 4703
21077 6402
21077 3819
39422 3622
21077 6436
21077 6397
21077 6826
39422 5064
21077 6485
39422 4017
21077 6403
21077 6916
21077 6576
21077 6464
21077 6973
39422 5193
21077 6468
21077 6413
39422 6225
21077 6438
39422 5199
21077 6466
21077 6423
39422 6087
21077 6387
21077 7032
39422 5444
21077 7143
21077 6538
39422 6178
21077 6386
21077 6423
21077 6371
21077 6535
21077 6157
39422 3606
21077 6600
21077 6630
21077 6337
39422 6047
21077 6518
21077 6414
21077 6391
21077 7039
21077 7708
39422 6043
21077 6423
39422 4939
21077 6748
21077 6552
21077 6346
39422 6061
21077 6454
21077 6402
21077 6149
39422 3705
21077 6374
21077 6413
21077 6441
21077 7092
39422 6803
21077 6373
21077 6364
21077 6404
21077 6367
21077 6196
39422 5036
21077 6455
39422 5039
21077 6474
21077 6393
21077 6475
21077 6533
39422 6285
21077 6388
21077 6406
39422 6242
21077 6373
39422 6130
21077 6447
21077 6517
21077 6541
39422 5200
21077 6470
21077 6393
21077 6407
39422 6103
21077 6542
21077 6420
21077 6493
21077 7735
39422 7647
21077 6405
21077 6385
21077 6429
39422 6297
21077 6372
39422 3623
21077 6498
21077 6337
39422 6178
21077 6396
21077 6416
21077 7717
39422 7353
21077 6572
21077 6540
39422 6400
21077 6408
39422 5428
21077 6422
21077 6830
21077 6383
21077 6408
21077 6843
39422 4934
21077 6403
21077 6469
21077 6426
21077 6516
39422 6272
21077 7020
39422 5063
21077 7117
21077 6485
21077 3777
39422 3619
21077 6958
39422 5094
21077 6427
21077 6800
39422 5184
21077 6586
21077 6645
39422 5043
21077 6796
21077 6397
21077 6437
21077 6369
21077 6367
39422 4982
21077 6538
39422 3605
21077 6819
21077 6573
39422 5442
21077 6399
21077 6436
21077 6892
21077 6360
21077 6278
39422 3663
21077 6412
39422 5179
21077 6433
21077 7936
21077 6873
39422 5701
21077 6892
39422 5728
21077 6400
21077 6572
21077 7070
39422 5435
21077 6526
21077 6830
21077 6424
21077 6372
21077 6472
21077 6240
39422 5303
21077 6682
21077 6830
39422 6406
21077 6413
21077 6397
21077 6509
21077 6452
21077 6379
39422 5378
21077 6427
21077 6790
39422 4941
21077 6377
21077 6688
21077 7040
39422 5385
21077 7156
21077 6397
21077 6929
39422 4910
21077 6767
39422 5158
21077 6147
21077 6386
39422 5271
21077 6533
21077 6379
21077 6384
21077 6413
21077 6381
21077 6752
39422 6554
21077 6406
21077 6351
21077 6457
21077 6410
21077 6425
21077 6391
21077 6907
39422 5088
21077 6403
39422 6193
21077 6506
21077 6369
21077 6359
21077 6396
21077 6509
21077 6423
39422 4908
21077 7090
21077 6421
21077 6629
21077 11218
21077 6404
21077 6368
21077 6568
21077 6405
39422 6233
21077 6527
21077 6371
21077 6559
39422 6306
21077 6410
21077 6538
21077 6447
21077 7097
39422 5061
21077 6909
39422 5478
21077 6348
21077 6627
21077 6374
21077 6723
39422 5067
21077 6676
21077 6849
39422 5756
21077 4918
39422 3669
21077 7041
21077 6507
21077 6412
39422 4183
21077 6414
21077 6378
21077 6407
21077 6979
39422 5051
21077 6459
21077 6965
39422 5064
21077 7195
39422 5695
21077 6400
21077 6454
21077 6411
21077 6487
21077 6390
39422 6078
21077 6860
39422 5186
21077 6501
21077 6656
39422 5174
21077 6489
21077 6355
39422 6209
21077 6335
21077 6435
21077 6310
39422 4193
21077 7388
39422 5760
21077 6368
21077 6419
21077 6594
21077 6492
39422 5145
21077 6561
21077 6420
21077 6496
21077 6178
39422 5037
21077 6392
21077 6526
21077 7610
39422 5931
21077 6367
21077 6356
21077 6542
21077 6347
39422 3937
21077 6649
21077 6500
21077 6405
39422 6118
21077 6490
21077 6407
21077 6455
21077 6370
21077 6405
21077 6620
39422 5448
21077 7112
21077 6401
39422 6022
21077 6394
21077 6402
21077 6383
39422 6036
21077 6450
21077 6422
21077 14978
21077 6427
21077 6462
39422 6051
21077 6679
21077 6384
21077 6457
39422 6261
21077 6371
39422 4911
21077 6474
21077 6426
21077 6581
21077 6733
21077 6562
39422 6397
21077 6397
21077 6471
21077 6425
39422 4168
21077 6480
21077 6354
21077 3783
39422 5109
21077 6414
21077 6383
21077 6607
21077 6403
21077 6402
21077 6393
21077 7012
39422 5039
21077 6537
21077 6489
39422 6074
21077 6473
21077 6362
21077 6449
21077 6948
39422 5462
21077 6567
21077 6946
39422 4947
21077 6436
21077 6837
21077 6569
21077 6960
39422 5352
21077 6483
21077 6647
39422 5063
21077 6776
21077 6840
39422 5174
21077 6398
21077 812
39422 3722
21077 6500
21077 6379
21077 6377
21077 6391
21077 6474
21077 6882
39422 5384
21077 6418
21077 6361
21077 6426
21077 6561
21077 6488
21077 6383
39422 4323
21077 6540
39422 5385
21077 6524
21077 6629
21077 6361
21077 6409
21077 6773
21077 6536
21077 6378
21077 6396
21077 6406
39422 6035
21077 6464
21077 6428
21077 6409
21077 8326
39422 6803
21077 12825
39422 10593
21077 6404
21077 6555
21077 6542
21077 7846
39422 6190
21077 6544
21077 6487
21077 6426
21077 6571
21077 6384
39422 5120
21077 6444
21077 6501
39422 6307
21077 6370
21077 6568
21077 6540
21077 6495
21077 6973
21077 6546
21077 6535
21077 6412
21077 7012
39422 5258
21077 6398
21077 6532
21077 6589
21077 6716
39422 5124
21077 8041
21077 6487
39422 4968
21077 6411
21077 6424
39422 5038
21077 6344
21077 6476
39422 5220
21077 6466
21077 6422
21077 6386
21077 6571
21077 6407
21077 6429
21077 6410
39422 5238
21077 6965
39422 5354
21077 6384
21077 6388
21077 5071
39422 3887
21077 6526
39422 6373
21077 6566
21077 6470
21077 6429
39422 6212
21077 6830
21077 7023
21077 6587
21077 8466
21077 6695
21077 6778
21077 7191
21077 6642
39422 3705
21077 6685
21077 6526
21077 7216
39422 5421
21077 6372
21077 6651
21077 6403
21077 6652
21077 6554
21077 6870
39422 5385
21077 6532
21077 8725
21077 6589
21077 7002
21077 6602
21077 6546
21077 6411
21077 6635
21077 15195
39422 13924
21077 6506
21077 6657
21077 6915
39422 5465
21077 6603
21077 9171
21077 6501
21077 6649
21077 6668
39422 5467
21077 6646
21077 6398
21077 6544
21077 6779
21077 2351
21077 7026
21077 6673
21077 6624
39422 5377
21077 6722
21077 6431
21077 6483
21077 6549
21077 6493
21077 6252
39422 3692
35863 3821
42001 3975
59160 4878
42794 4520
59160 4923
44995 3801
30391 3976
35510 3737
52918 5080
19270 7015
49876 6079
12983 3782
17196 3969
48122 3756
52918 3781
52918 8136
13005 6090
42794 3755
42794 6530
19450 3845
35510 3720
35510 7197
56315 3784
30391 4699
30391 7137
11259 3812
12983 3799
12983 6944
49863 5222
17196 3796
17196 6689
48122 4113
48122 10321
48122 6525
48122 6981
52918 5115
52918 3846
52918 3859
30391 3738
35510 4747
52918 5289
52918 5675
52918 4957
13005 5061
13005 7272
13005 6638
13005 6832
13005 6583
13005 3925
42794 3830
19450 3772
19450 7628
19450 6580
35510 2245
19450 6659
35510 4146
56315 3774
56315 7568
30391 5046
56315 6869
56315 6946
30391 2928
11259 4769
11259 7511
11259 6527
11259 6605
12983 5401
12983 3802
49863 3640
49863 7501
49863 6708
49863 8956
49863 6555
49863 6205
17196 4229
48122 3883
48122 6116
48122 1422
52918 3631
48122 7162
48122 976
48122 3792
52918 3706
48122 6606
48122 6358
48122 6481
52918 4124
19450 3620
35510 3632
56315 3597
30391 3623
11259 6236
11259 6366
11259 4295
12983 3764
48122 6904
52918 5036
48122 6384
48122 6489
48122 6575
48122 3591
52918 7150
42794 4137
17196 955
42794 3794
42794 6422
42875 653
47939 673
42875 3583
49863 3885
49863 3659
17196 879
13005 6244
13005 3850
42794 3723
13005 4389
42794 5784
13005 6547
42794 6377
13005 6476
13005 6489
13005 6691
13005 6597
13005 6492
42794 3960
13005 6517
42794 6397
13005 8463
13005 6559
42794 5309
13005 6405
13005 6709
42794 5157
13005 7414
13005 6875
42794 6505
13005 6390
13005 6416
13005 6397
13005 6464
13005 6893
42794 5237
13005 6551
13005 6509
13005 6524
42794 4560
13005 6479
13005 6925
42794 5137
13005 6803
13005 6508
42794 5155
13005 6502
13005 6637
42794 5052
13005 6452
13005 7087
42794 5273
13005 6646
13005 7972
13005 6664
42794 4465
13005 6544
13005 6483
13005 6409
13005 6584
42794 5132
18578 3756
18578 3848
37221 3629
37221 3589
18578 3821
56637 3748
56637 3755
60449 408
56637 5060
62482 3688
27525 3719
31840 3706
62205 3729
33603 3881
33281 3823
65304 3922
1053 3695
57374 4907
7957 4949
4026 4088
49225 4002
2067 3641
32248 3939
41567 5239
32248 3612
32248 7298
62476 3803
41567 3594
41567 7607
41567 6390
41567 6453
32248 5029
32248 4908
32248 5099
32248 3978
26871 3658
49864 5002
41567 5158
41567 3727
32248 3587
32248 3705
41567 6751
32248 5345
41567 6389
41567 6206
41567 6369
41567 6716
41567 6963
41567 6427
41567 6351
41567 6751
41567 6520
32248 5329
41567 6449
41567 7482
41567 6618
32248 4937
41567 6539
41567 6516
32248 6102
41567 6604
41567 6588
32248 6334
41567 6404
41567 6940
32248 4929
41567 6445
41567 6371
32248 6185
41567 6427
41567 6524
41567 6426
41567 6385
41567 6638
41567 6367
41567 7066
32248 5058
41567 6384
41567 6839
41567 6517
41567 6378
41567 6607
32248 6233
41567 6506
41567 6810
41567 6562
41567 7018
41567 6373
41567 6356
41567 6441
41567 6906
32248 4953
41567 6483
41567 6429
32248 6090
44284 6117
44284 3915
41567 6393
41567 6401
32248 6252
41567 7025
41567 6410
32248 6092
41567 6404
32248 3650
41567 6375
41567 6836
32248 5170
41567 6525
41567 6929
32248 4906
41567 6828
41567 6391
41567 6513
32248 5045
41567 6861
32248 4954
41567 7102
41567 6456
41567 6430
41567 6382
32248 5038
41567 6816
41567 6550
41567 6577
41567 6563
32248 6125
41567 6448
41567 6372
41567 6517
41567 6405
32248 6491
41567 6396
41567 6373
32248 5292
41567 6531
41567 6447
32248 4982
41567 7934
41567 6378
41567 6587
41567 6519
32248 3662
41567 6678
41567 6425
32248 6227
41567 6426
41567 6443
32248 5411
41567 7554
41567 7064
32248 5042
41567 6429
41567 6487
41567 6736
41567 6401
32248 6024
24004 3772
24004 3668
41567 6932
41567 6376
41567 6406
32248 4164
41567 6869
32248 4940
41567 6381
41567 6767
32248 5067
41567 6464
41567 6354
41567 6375
41567 6841
32248 5212
41567 6424
32248 4951
41567 6394
41567 6475
41567 3685
32248 4037
41567 6451
32248 6264
41567 6978
41567 6407
41567 6447
41567 6563
32248 6153
41567 6423
41567 6592
41567 6361
41567 7007
32248 5120
41567 6371
32248 3613
41567 6442
41567 6566
41567 6368
41567 6459
32248 4942
41567 6359
41567 6391
41567 6846
32248 5227
41567 6416
41567 6346
41567 6451
32248 5147
41567 6414
41567 3677
32248 3633
41567 6439
41567 6768
41567 6890
32248 6598
41567 7251
32248 4903
41567 6507
41567 6419
41567 6749
41567 6401
41567 6840
32248 4931
24004 6248
24004 6817
24004 7235
44284 5324
24004 6534
24004 6239
44284 3765
24004 6513
24004 6510
24004 6567
24004 4902
44284 3604
41567 6406
32248 5129
41567 6510
41567 6948
32248 5207
41567 6397
41567 6422
41567 6477
41567 6418
32248 4936
41567 7366
41567 6387
41567 6627
41567 6463
32248 6276
41567 6411
41567 6348
41567 6772
32248 5056
41567 6425
32248 6230
41567 6364
41567 6512
41567 6477
41567 6527
41567 6444
32248 6146
41567 6400
41567 6397
41567 6464
41567 6495
41567 6398
32248 6229
41567 6727
32248 5645
41567 6381
41567 6428
41567 6562
41567 6393
41567 6434
32248 5162
41567 7078
32248 5734
41567 6469
41567 6396
41567 6379
32248 5999
41567 6551
32248 5168
41567 6431
41567 6397
32248 4843
41567 10416
41567 6386
41567 6563
32248 5102
41567 6940
32248 3597
41567 6456
41567 7181
41567 6438
41567 6481
41567 6414
32248 5083
14901 3601
41567 6479
41567 6407
41567 6748
41567 6620
32248 5036
41567 6377
41567 6446
32248 4610
41567 7239
41567 6503
32248 6082
41567 6425
41567 6448
41567 3792
32248 3630
41567 6426
41567 6408
32248 4844
41567 6419
41567 6476
41567 6404
41567 6318
41567 6880
41567 6787
41567 4788
32248 5165
41567 6414
41567 6465
32248 6288
37916 4312
41971 5087
44284 3721
44284 3774
44284 6107
44284 3674
44284 3739
44284 3671
39422 6175
39422 3841
42794 4302
24004 6355
24004 6496
44284 3608
24004 6811
24004 6172
24004 6413
24004 6401
24004 6554
44284 6146
24004 6571
24004 6402
24004 6375
24004 6383
24004 7565
24004 6379
24004 6377
24004 6390
24004 6417
24004 6963
44284 4910
24004 6544
24004 6404
44284 6218
24004 6671
24004 6399
24004 6407
24004 6429
24004 6397
24004 6522
24004 6430
44284 6276
24004 7158
44284 6623
24004 6930
24004 6451
24004 6944
44284 5542
24004 6406
24004 4799
21077 3636
44284 3777
21077 6326
21077 6782
39422 6464
21077 6482
21077 3677
39422 3743
21077 6092
24004 6382
24004 6423
24004 6366
24004 6400
24004 6975
44284 5089
24004 6780
44284 5233
24004 6494
24004 6403
24004 6378
24004 6432
44284 6160
24004 6455
24004 7097
24004 6678
24004 6381
44284 4905
24004 6860
24004 6504
44284 6345
24004 6426
24004 6411
24004 7541
44284 5804
24004 6518
24004 6384
24004 6388
24004 6373
24004 6403
24004 6570
24004 6400
44284 6224
24004 6450
24004 6395
24004 6388
24004 6542
44284 6395
24004 6499
24004 6518
24004 6430
24004 7032
44284 5164
24004 6367
24004 6436
24004 6568
24004 7557
44284 5489
24004 6475
24004 6356
44284 6143
24004 6652
24004 7010
44284 5007
24004 6461
24004 6402
44284 5340
39422 4896
24004 6369
24004 6454
24004 6351
24004 6454
44284 6029
24004 6421
24004 6371
24004 6410
24004 6950
44284 5190
24004 6451
44284 6100
24004 6399
24004 6385
24004 6519
24004 6907
44284 4913
24004 6400
24004 6391
24004 6966
44284 6803
24004 6827
24004 6395
24004 6387
24004 6450
24004 7215
24004 3747
44284 3639
24004 6460
44284 6025
24004 6417
24004 6432
24004 6368
24004 6418
44284 3729
24004 6392
24004 6365
24004 6376
24004 6764
44284 5080
24004 6645
44284 5044
13005 6857
13005 4811
42794 5373
44284 3816
39422 3751
24004 6462
24004 7096
44284 4933
52918 5435
44284 6089
44284 3706
21077 6531
21077 6433
21077 6391
39422 3651
21077 6483
21077 4906
39422 3598
52918 5128
24004 6414
24004 6415
24004 3706
44284 4083
39422 3687
44284 4850
24004 6521
24004 6377
24004 6251
44284 3641
24004 6381
24004 6447
24004 5076
44284 4258
24004 6506
44284 6174
24004 6522
24004 6415
44284 6235
24004 6407
24004 7064
44284 4956
24004 6952
44284 5774
24004 6428
44284 6101
24004 6399
24004 6509
44284 6326
24004 6419
44284 3597
24004 6665
24004 6486
44284 5010
24004 6427
24004 6514
24004 6416
44284 5246
24004 6460
44284 4447
24004 6983
44284 6805
24004 6397
24004 6497
24004 6396
44284 6227
24004 6441
24004 6369
44284 3605
24004 6344
24004 6292
44284 5237
24004 6442
24004 6815
44284 4949
24004 7088
24004 6407
24004 6646
24004 5085
44284 4908
44995 3858
44995 6069
17635 3893
21077 6335
21077 6348
21077 6501
39422 3709
21077 6427
21077 6227
21077 6326
39422 4881
21077 6382
21077 6477
39422 6325
21077 6446
21077 6298
39422 5325
21077 6472
21077 6931
39422 5051
21077 6364
21077 6728
21077 6436
39422 6045
21077 6434
21077 6561
39422 5001
21077 7308
39422 6809
21077 6466
21077 6395
21077 6791
21077 6400
39422 6030
21077 6385
21077 6398
21077 6621
21077 6391
21077 7170
39422 5512
21077 6603
39422 6348
21077 6389
21077 6431
39422 5380
59160 3580
59160 4099
59160 4768
44995 5108
42752 3780
14272 6274
39422 4953
39422 5013
39422 3696
39422 3686
39422 6184
39422 4131
39422 3695
39422 4726
39422 5699
39422 3775
56335 4307
42752 3605
42752 7219
21077 6442
21077 6459
21077 6366
21077 6231
39422 4915
21077 7037
39422 5332
21077 6427
21077 6467
39422 6293
21077 6904
39422 4935
21077 6660
21077 6832
21077 6787
39422 5073
21077 6560
39422 5318
21077 6418
21077 6516
39422 6346
21077 6381
21077 6360
21077 6549
21077 6522
21077 6374
39422 6241
21077 7000
39422 6724
21077 6781
39422 5308
21077 6389
21077 7020
21077 6542
21077 6412
21077 6782
39422 6428
21077 6658
21077 6656
21077 6379
21077 6614
39422 5129
21077 6558
39422 6171
21077 6375
21077 6585
21077 6615
39422 4929
21077 6500
21077 6404
21077 6795
39422 5163
21077 6418
39422 3609
21077 6926
39422 5076
21077 6380
21077 6498
21077 6460
21077 7331
21077 6365
21077 6396
21077 6371
21077 6468
39422 5319
21077 6437
21077 6492
21077 6360
21077 6564
21077 6392
21077 6418
21077 6383
21077 6425
39422 6222
21077 6370
21077 6379
21077 6410
21077 6466
21077 7177
21077 6375
21077 6876
21077 6417
39422 6084
21077 6419
21077 6854
21077 6346
21077 6432
21077 6394
21077 6445
21077 6375
21077 6955
21077 7124
39422 6912
21077 6426
21077 6400
21077 6813
21077 6403
21077 6358
21077 6433
21077 7016
39422 5303
21077 6586
21077 6389
21077 6390
21077 6396
21077 6347
21077 6890
21077 6398
21077 6422
39422 6240
21077 6795
21077 6484
21077 6365
21077 6369
21077 6967
21077 6407
21077 6365
21077 6404
39422 5032
21077 6848
21077 6396
21077 6449
21077 6905
21077 6471
21077 6475
21077 6853
21077 6676
39422 6582
21077 6400
21077 6818
21077 6385
21077 6728
21077 6369
21077 6413
21077 6407
21077 6709
21077 6391
39422 5413
21077 6394
21077 6453
21077 6409
21077 6384
21077 6358
21077 6386
21077 6423
21077 6388
39422 4951
21077 6833
21077 6393
21077 6401
21077 6982
56335 5106
56335 7741
56335 6424
56335 7147
21077 6433
39422 5223
42752 3575
21077 6468
21077 6385
21077 6408
21077 6539
21077 6377
21077 6467
21077 6443
21077 6371
39422 5302
21077 6707
21077 6400
21077 6420
21077 7146
56335 6512
21077 6467
21077 6450
21077 6376
39422 6216
42752 3621
56335 6377
21077 6422
21077 6479
21077 6378
21077 6799
21077 6518
21077 6521
21077 6473
21077 6502
39422 6338
17635 4186
21077 6408
21077 6364
21077 6570
21077 6439
21077 6426
21077 6399
21077 6491
21077 6530
39422 6429
21077 6414
21077 6457
21077 6434
21077 6373
21077 6789
21077 6390
21077 6852
21077 7015
39422 5237
21077 6406
21077 6356
21077 6407
39422 6083
42752 3775
42752 4737
42752 6393
21077 6542
21077 6724
39422 5859
21077 6370
21077 6429
21077 6984
39422 6826
21077 6400
21077 6359
21077 6948
39422 4953
21077 6410
21077 6838
39422 5192
21077 6550
21077 6515
39422 6081
21077 7051
21077 6802
21077 6380
39422 5459
21077 6373
21077 6505
21077 6406
21077 6561
21077 6388
21077 6363
21077 6399
21077 6595
39422 6329
21077 6393
21077 6961
39422 5067
21077 6387
21077 6379
21077 6796
39422 5115
21077 7433
39422 5777
21077 6395
21077 6397
21077 6746
39422 6569
21077 6495
21077 6440
21077 6365
21077 6420
21077 6416
21077 6465
21077 6930
39422 4917
21077 6373
21077 6389
21077 6428
21077 6707
21077 6401
21077 6361
21077 6564
21077 6833
21077 6761
39422 5046
21077 6485
21077 6381
21077 6377
21077 6406
21077 6441
21077 6424
21077 6410
21077 6443
39422 6152
21077 6935
21077 6474
21077 6483
21077 6452
21077 6393
21077 6351
21077 6907
21077 6454
39422 6275
21077 6691
21077 6465
21077 6400
21077 6365
21077 7549
21077 6502
21077 6389
21077 6418
39422 6226
21077 6645
21077 6396
21077 6371
21077 6387
21077 6411
21077 6394
21077 6513
21077 6710
21077 6961
39422 5190
21077 6405
21077 6498
21077 6431
21077 6889
21077 6379
21077 6461
39422 4883
56335 6138
56335 3631
42752 3605
56335 6383
42752 3648
48122 3713
48122 3759
48122 6140
52918 4027
56335 3827
44995 3632
44995 4695
39422 5125
39422 3673
39422 3738
39422 4680
39422 5145
39422 3668
39422 3677
39422 6062
59160 4088
59160 3713
21077 3625
21077 6323
21077 6726
39422 6362
21077 6387
21077 6244
39422 3632
21077 6805
21077 6405
21077 4202
39422 3715
21077 6344
21077 6434
39422 6194
21077 6398
21077 6532
21077 6374
21077 6201
39422 5081
21077 3739
39422 4609
21077 6525
21077 6402
39422 6271
21077 6750
21077 6839
39422 5183
21077 6449
21077 6866
21077 6633
21077 6404
39422 6257
21077 6805
39422 4922
21077 6393
39422 4908
21077 6433
39422 6237
21077 6977
21077 6457
21077 6515
39422 6351
21077 6384
21077 6377
21077 6759
39422 5047
21077 6392
21077 6424
21077 6834
39422 5082
21077 6461
21077 6359
21077 6653
21077 6862
39422 5163
21077 6362
21077 6336
21077 6323
39422 6025
21077 6416
21077 6315
39422 3584
21077 6393
39422 4857
21077 6205
21077 6413
21077 6391
21077 6378
21077 6316
39422 6190
21077 7472
21077 6494
39422 3692
21077 6350
21077 6345
39422 6108
21077 6363
21077 6217
21077 6396
21077 3842
39422 4613
21077 6344
21077 6303
21077 6994
39422 5415
21077 6750
39422 5775
21077 6359
21077 6200
21077 6405
39422 6126
21077 6526
21077 6099
39422 3593
21077 6408
21077 6441
21077 6701
21077 6442
21077 6433
21077 3697
39422 3772
21077 6994
39422 6708
21077 6468
21077 6422
21077 6699
39422 6539
21077 6414
21077 6394
21077 6664
39422 5060
21077 6366
21077 6327
39422 5417
21077 6824
21077 7008
39422 5098
21077 3848
21077 6814
21077 6414
21077 6379
21077 6686
21077 6396
21077 3675
21077 6377
21077 6407
21077 6412
39422 6207
21077 6455
21077 6903
21077 6431
21077 6378
21077 6458
21077 6849
21077 6399
21077 6881
39422 5136
21077 6406
21077 6535
21077 6383
21077 6388
21077 6450
21077 6417
21077 6357
21077 6902
21077 6566
39422 5099
21077 6497
21077 6821
21077 5280
21077 6226
39422 4932
44995 4071
59160 3872
14574 3809
44995 4881
11501 5157
34506 3826
14574 3654
14574 7026
30415 3700
11501 3693
11501 6986
34506 3805
34506 7400
34506 6959
34506 6778
14574 6491
34506 6362
34506 6465
34506 3678
14574 3584
14574 5015
14574 6252
30415 4831
30415 7434
30415 6401
30415 6351
11501 6058
30415 6374
30415 3636
11501 3633
11501 4763
39422 5030
21077 6447
21077 6347
21077 6744
39422 5164
21077 6391
21077 6210
21077 6383
21077 6276
39422 3645
21077 6384
21077 6480
21077 6881
21077 6398
39422 6136
21077 6394
21077 3823
39422 3629
21077 6570
21077 6845
21077 6369
21077 6383
21077 6852
21077 6468
39422 5179
39422 3684
21077 6786
21077 6557
39422 4895
21077 6395
21077 6219
21077 6372
21077 3800
39422 3651
39422 3805
21077 6742
21077 6290
39422 3638
21077 6386
21077 6155
21077 6945
39422 5216
39422 3685
22206 4606
21077 7237
21077 6390
39422 6137
21077 6626
21077 6325
39422 3667
21077 6396
21077 3725
39422 3658
12180 3903
34506 6113
34506 4731
14574 3701
34506 763
34506 454
14574 3773
14574 534
30415 3829
30415 6145
11501 4845
48727 3621
2154 3882
34506 3636
14574 3600
23126 3598
51950 4790
37180 4101
3901 5111
43996 3638
43996 3646
40162 194
43996 4026
6912 4322
3216 4870
30415 4956
30415 3647
11501 3633
9517 3612
34006 3672
11501 3655
5764 3695
21124 3803
47922 3799
5764 4794
5764 7683
19250 6264
21124 1592
47922 4953
19250 3732
47922 7353
47922 6397
47922 6181
5764 5065
19250 7237
19250 6477
19250 3918
21124 3624
5764 6275
21124 3867
21124 3612
5764 4267
5764 6225
47922 4270
47922 4641
5764 47
47922 3790
19250 3850
21124 3611
19250 4653
21124 4934
19250 508
21124 691
47922 3614
47922 6943
5764 5089
47922 6461
47922 6540
47922 6375
47922 6566
47922 6408
47922 6398
5764 4853
47922 6665
47922 6507
5764 6214
47922 6540
47922 6425
47922 6661
5764 4737
47922 7363
47922 6388
47922 6427
47922 6791
47922 6560
5764 5090
47922 6387
47922 6720
5764 6501
47922 6395
47922 6496
47922 6455
47922 6414
47922 6436
47922 6412
5764 5727
47922 6478
47922 6361
47922 6384
47922 6566
5764 5090
30415 3668
44995 5991
44995 4136
5764 6123
44995 3639
44995 3742
44995 4662
44995 5124
59160 3713
59160 3674
59160 6238
44995 3645
8224 4299
21537 3746
43040 4259
60448 3922
4129 3707
47922 6391
47922 6796
5764 5179
47922 6419
47922 6371
47922 6394
47922 6522
47922 6385
5764 4945
47922 6393
47922 6380
47922 6466
47922 6425
47922 6389
47922 6300
5764 6055
59160 4711
59160 5452
59160 3735
59160 3734
44995 3649
59160 6125
59160 3913
44995 4024
15473 4919
8224 3616
40050 5635
43040 3645
8224 7025
43040 6936
3187 3729
21537 3617
27762 3646
60448 3765
64627 3618
4129 3682
21537 7240
4129 7192
60448 6351
47922 6363
47922 6972
5764 5098
15473 3644
15473 4503
40050 3623
8224 6330
40050 4611
43040 6156
3187 3667
64627 3664
3187 5635
64627 5887
27762 3805
27762 4420
21537 6179
4129 6181
60448 6162
15473 7109
15473 6932
15473 6923
8224 5174
40050 7023
40050 6478
40050 6402
43040 6080
3187 7052
3187 6390
3187 6425
21537 6254
27762 7227
27762 6428
27762 6510
60448 5440
64627 7119
64627 6522
64627 7587
4129 5326
8224 3651
43040 3646
21537 3691
60448 4654
4129 5680
43040 4887
21537 4037
60448 3556
4129 3780
8224 4171
8224 6220
8224 3671
8224 3715
8224 4185
8224 6032
15473 3824
15473 6096
15473 3793
8224 3608
40050 6845
43040 4857
40050 3749
43040 3775
40050 5997
43040 3642
3187 3768
21537 3711
3187 6095
3187 3702
21537 13
27762 6569
27762 3812
60448 1079
27762 6025
60448 3711
40050 58
43040 3568
43040 3597
15473 4076
64627 6331
4129 4047
64627 4203
64627 6055
4129 5336
4129 3604
3187 3673
27762 3807
27762 3572
3187 3627
60448 3647
21537 4582
60448 5191
64627 3739
4129 3596
15473 3594
64627 3658
4129 3653
15473 6417
8224 3612
15473 6411
15473 7428
8224 6147
15473 7455
8224 4982
15473 6578
15473 6364
15473 6755
8224 5026
15473 6625
15473 6541
15473 6525
15473 6524
15473 6916
15473 6386
15473 6432
8224 3937
15473 6524
15473 6376
15473 6446
15473 6347
15473 6980
8224 5073
15473 6413
15473 6417
8224 6020
15473 6386
15473 6348
15473 6876
15473 6378
15473 6380
8224 6100
15473 6427
8224 4867
15473 6383
15473 6385
15473 6409
15473 6377
15473 6390
8224 6177
15473 6429
8224 4897
15473 6485
15473 6397
15473 6624
15473 6928
8224 5937
15473 6406
15473 6401
8224 4906
15473 6622
15473 6385
15473 6518
15473 6554
15473 6392
15473 6397
15473 6529
8224 6355
15473 6388
15473 6380
8224 6033
15473 6498
8224 5045
15473 6508
15473 6495
8224 6169
15473 6846
15473 6392
15473 6398
8224 6208
15473 6370
15473 6415
8224 4882
15473 6510
15473 6419
15473 6868
15473 7444
15473 6840
15473 6930
8224 5221
15473 6447
15473 7115
8224 5505
15473 6374
15473 6353
15473 6370
15473 6395
15473 6855
8224 6606
15473 6397
15473 7132
8224 5531
15473 6402
15473 6364
15473 6426
15473 6945
8224 5063
15473 6562
8224 4997
15473 6807
15473 6397
8224 6563
15473 6406
15473 6479
15473 6425
15473 6428
8224 6252
15473 6759
15473 6981
8224 5725
15473 6580
15473 6430
15473 6711
15473 6532
15473 6386
15473 6417
15473 6428
8224 6185
15473 7020
8224 5117
15473 6441
15473 6477
15473 6423
15473 6405
15473 6905
8224 5158
15473 6397
15473 6526
15473 6393
8224 5383
15473 6385
15473 6368
15473 6480
15473 6410
8224 6144
15473 6445
15473 6533
15473 6399
15473 6709
8224 5117
15473 6961
15473 6374
15473 6388
15473 6834
8224 4911
15473 6836
8224 4956
15473 6880
15473 6504
15473 7510
8224 6228
15473 6414
15473 6675
8224 5060
15473 6482
15473 7121
8224 5494
15473 6393
15473 6388
15473 6657
15473 6820
15473 6596
8224 4920
15473 6769
8224 5015
15473 6513
15473 6392
15473 6503
8224 6340
15473 6378
15473 6431
15473 6939
15473 7033
8224 5233
15473 6402
8224 5373
15473 47575
15473 6845
8224 5227
15473 6758
15473 6416
15473 6509
15473 6405
8224 6153
15473 6827
15473 6445
8224 6307
15473 6408
15473 6783
15473 6459
15473 7059
8224 5134
15473 6592
15473 6404
15473 6455
15473 6457
15473 6515
8224 6115
15473 6684
8224 6520
15473 6394
15473 6520
15473 6712
8224 5060
15473 7537
15473 6367
15473 6492
8224 6299
15473 6392
15473 8181
8224 6900
15473 6358
15473 6529
8224 5058
15473 6471
15473 6430
8224 6141
15473 6567
15473 7038
8224 5152
15473 6549
15473 6407
8224 6177
15473 6343
15473 6998
8224 5232
15473 6411
15473 6407
15473 6458
15473 6817
8224 5151
15473 6484
15473 6765
8224 5186
15473 6522
15473 6680
8224 4786
15473 6511
15473 6450
8224 5339
15473 6437
15473 6459
8224 3627
15473 6478
15473 6859
8224 6436
15473 6409
15473 6560
8224 5159
15473 6377
15473 6579
15473 6374
15473 6908
8224 5213
15473 6532
15473 6474
15473 6556
8224 5117
15473 6519
8224 6310
15473 6384
15473 6378
15473 6568
15473 6866
15473 6377
8224 4882
15473 6365
15473 6381
15473 7814
8224 7184
15473 6559
15473 6825
8224 5158
15473 6462
15473 6546
8224 6258
15473 6511
15473 6592
15473 6579
15473 6411
8224 4917
15473 6556
15473 7170
8224 5358
15473 6663
15473 6487
15473 6756
8224 5136
15473 6496
15473 6624
15473 6381
8224 4959
15473 6758
15473 6435
8224 5001
15473 6652
15473 6493
15473 6483
15473 6728
8224 5062
15473 8553
15473 6575
15473 7097
8224 5283
15473 6366
15473 6370
15473 6437
8224 6270
15473 6458
15473 6605
8224 6463
15473 6948
15473 6473
15473 6793
8224 5199
15473 6395
15473 6479
15473 7139
8224 5154
15473 6532
15473 6386
15473 6555
15473 6511
15473 7300
8224 5396
15473 6529
15473 11972
8224 10679
15473 6772
15473 6616
8224 4416
15473 7926
15473 6701
8224 6095
15473 6439
15473 6970
8224 6537
15473 6360
15473 6580
15473 6484
8224 6218
15473 6787
8224 5185
15473 6543
15473 8097
8224 5071
15473 6382
15473 6866
15473 6352
15473 6571
15473 6795
8224 4908
15473 6588
15473 6364
15473 6864
8224 4926
15473 6368
15473 6502
15473 6405
8224 6246
15473 6744
15473 6532
8224 5324
15473 7847
15473 6530
15473 6688
8224 5344
15473 6391
15473 6489
8224 5271
15473 6467
15473 6424
8224 4918
15473 6706
15473 6481
15473 6466
15473 6411
15473 6485
15473 6373
15473 7143
8224 5308
15473 6384
15473 6504
15473 6360
15473 6478
15473 6653
8224 6361
15473 6354
15473 6781
8224 5185
15473 6430
15473 6382
15473 6475
15473 6452
15473 6510
15473 8050
8224 7620
15473 6532
8224 5045
15473 6522
15473 6368
15473 6445
8224 6229
15473 7812
15473 6608
15473 6380
15473 6470
15473 6399
8224 6250
15473 6484
15473 6427
15473 6378
15473 6414
8224 6112
15473 6394
15473 6401
15473 6920
8224 4943
15473 6419
15473 7008
8224 5325
15473 6460
15473 6910
15473 6491
15473 6421
15473 6579
15473 8591
15473 6370
15473 7029
8224 5327
15473 6461
15473 6564
15473 6509
15473 6466
15473 6447
15473 6402
15473 6851
15473 6449
8224 6152
15473 6681
15473 6500
15473 6407
15473 6449
15473 6498
15473 6401
15473 6429
15473 6670
8224 5406
15473 6969
15473 6418
15473 6369
15473 6375
15473 6528
15473 6443
15473 6416
15473 6390
15473 6980
8224 5215
15473 13647
15473 6466
15473 6742
15473 6405
15473 6472
15473 7087
15473 6627
15473 6721
8224 5458
15473 6514
15473 6676
15473 6557
15473 6419
15473 6495
15473 6377
15473 6481
15473 6854
8224 5236
15473 6444
15473 6528
15473 6520
15473 6906
8224 5171
15473 6993
8224 5216
15473 6515
15473 6410
15473 6847
8224 5151
5764 5129
8224 3793
12983 4765
1069 3955
15473 6448
15473 6380
15473 6348
15473 6355
15473 6505
15473 6358
15473 6570
15473 6378
8224 4886
15473 6405
15473 6370
15473 6408
15473 6346
15473 6390
15473 6414
15473 6422
8224 5133
3170 3844
1069 3587
1069 7867
3170 5240
3170 10084
1069 6215
47922 6417
47922 6926
5764 4960
3170 7551
3170 6861
3170 6395
1069 5476
1069 5017
1069 4613
1069 6227
3170 3766
3170 6262
3170 3680
1069 3622
1069 3717
3170 7221
1069 6726
3170 6562
3170 6666
1069 5074
3170 6653
3170 6439
1069 5180
3170 6536
3170 6510
3170 6375
3170 6412
3170 6539
1069 5067
3170 6423
3170 6335
3170 6426
3170 6410
3170 6871
1069 5213
3170 6394
3170 6545
3170 6429
1069 6258
3170 2304
1069 3760
11259 3641
12983 3624
44995 3869
44995 6090
44995 3659
44995 4125
59160 3664
59160 3650
59160 6210
44995 3613
4230 3823
59160 3663
59160 6537
44995 3763
22425 4219
38274 3895
4230 3622
4230 7205
2293 3707
22425 3737
22425 6753
38274 3617
38274 7259
38274 6509
38274 4997
4230 4972
4230 3829
4230 3757
4230 6299
2293 4299
2293 7354
2293 6429
2293 7014
22425 5311
22425 3684
22425 3875
22425 6249
38274 3892
38274 3776
38274 3699
4230 4717
4230 4996
38274 7487
2293 3814
2293 3635
22425 3622
22425 4748
2293 5124
5764 3751
5764 6700
5764 6385
2293 6246
22425 4131
4230 3623
47922 4227
47922 4077
47922 6479
38274 5582
2293 3609
5764 3655
47753 4809
5764 6077
8224 3693
15473 6404
11042 3860
47753 3637
47753 7245
47922 6180
8224 4645
11042 5427
11042 7386
11042 6551
11042 6114
47753 3734
47753 3882
47753 3780
47753 6121
5764 3623
11042 4785
11042 5107
11042 3842
47753 3700
47753 3814
11042 1390
47753 6216
7000 5220
53338 5332
24607 3595
27629 3824
1763 3761
44734 3641
41472 3614
39316 4706
44995 3629
44995 6191
20702 3818
59160 3612
59160 3755
64399 3837
44995 3618
40705 3594
59160 7340
29677 5393
14317 3864
7192 3983
44995 3612
52204 3888
31021 3858
29677 3637
29677 7017
35117 3720
14317 4587
14317 7001
19948 5042
58394 5048
6444 3710
52204 3615
52204 6981
31021 3729
31021 7043
31021 4745
29677 5128
35117 3852
35117 7235
35117 4815
14317 4594
29677 3636
14317 184
29677 3621
26076 4047
41243 3822
6444 3618
6444 7350
6444 5243
52204 1493
52204 3610
45572 3608
3074 3627
27085 3783
31021 3692
29677 5124
31021 4924
35117 3602
14317 3596
39277 3889
19263 3618
51468 3830
6444 4003
52204 3687
6444 3614
9434 4621
24971 5833
46086 3743
55785 3931
40965 4537
10732 3830
39390 3636
5927 3665
48028 3589
64180 4414
37764 3634
23189 4604
38545 5079
9537 3922
24676 3765
29080 3664
44995 3648
44995 4742
59160 3612
59160 5019
44995 3619
59160 3894
35546 3841
30427 3935
13622 3803
35546 4661
35546 7033
42295 5048
30427 4900
30427 7019
13622 3573
42295 3614
42295 7077
42295 6370
42295 6472
42295 6355
30427 5325
13622 8271
13622 6416
13622 6432
13622 6410
35546 3583
44995 3628
30427 3792
35546 1972
30427 3754
30427 6293
13622 3820
13622 3684
42295 6088
42295 3783
30427 3670
35546 4071
35546 3666
30427 3701
42295 3720
42295 6163
30427 3635
44995 3607
44995 6188
59160 3589
59160 4097
42295 3580
44995 3613
59160 4730
30427 5004
42295 3747
44995 4569
42295 6651
42295 6448
42295 6350
42295 6955
30427 5217
42295 6383
42295 6465
30427 5164
42295 6553
42295 6551
30427 6370
42295 6397
42295 6456
30427 6265
42295 6414
42295 6491
30427 5019
42295 6358
42295 6426
42295 6376
42295 6646
42295 6405
42295 6483
42295 6500
42295 6507
42295 6629
42295 6835
30427 5192
42295 6471
42295 6439
42295 6432
42295 7506
42295 6622
30427 5023
44995 3659
44995 3709
44995 3657
44995 6068
44995 3636
44995 3686
44995 4904
44995 5284
30427 5074
42295 5090
42295 4502
59160 3825
59160 3682
59160 4690
44995 3681
59160 4939
59160 3781
59160 3784
44995 3748
59160 4741
8633 5119
59720 3760
10457 3834
8633 3669
8633 7009
48635 4952
30427 3807
44995 3707
10457 3608
10457 8926
8633 3855
8633 3804
8633 6203
59160 6255
10457 3629
10457 6283
10457 3631
8633 4077
23193 3870
8633 3920
3216 4128
3216 3913
6912 2911
44386 4954
23193 3719
59160 3963
44995 3628
23193 7145
463 3663
64974 3792
47566 4758
10457 5185
10457 6257
8633 4932
10457 5270
10457 3834
8633 3635
8633 3806
3216 3692
45120 4961
64974 6208
64974 5979
8257 3843
463 4932
16448 3745
47566 4065
463 7393
47566 6381
44386 3770
44386 7439
44386 6838
44386 7254
23193 4964
44386 6908
23193 4985
59160 6255
17871 3858
37320 3860
28105 3665
45120 3628
45120 5877
64974 5346
8257 4748
8257 5867
16448 3600
16448 4365
463 6260
47566 6261
23193 3708
23193 4670
23193 5336
10457 3641
53313 4817
17871 3577
28744 3950
28105 3660
17871 7184
57417 3845
37320 4570
28105 6984
37320 5540
45120 7503
45120 6397
45120 6744
64974 4972
45120 6601
64974 4067
8257 6922
8257 6598
8257 7033
463 5088
16448 6784
16448 6549
16448 6437
47566 6254
8257 7027
463 5280
16448 6585
47566 3753
44386 3755
64974 3650
44386 6312
44386 3794
23193 3610
463 5797
47566 4958
463 3608
47566 3638
23193 3712
64974 3722
64974 4975
53313 2285
64974 4182
17871 6776
28744 5044
28744 4850
28105 6236
57417 3578
57417 4628
37320 6402
44386 6682
23193 6497
44386 6501
44386 6370
44386 6854
23193 5224
44386 6422
44386 6440
44386 6473
44386 7373
23193 5694
45120 5794
45120 4847
45120 5217
64974 4960
64974 3627
8257 4763
463 5083
8257 3893
8257 4045
463 3711
463 4679
16448 5190
16448 6179
45120 3738
16448 3797
47566 3614
47566 3739
47566 4069
8257 4129
463 3618
8257 4574
463 4964
16448 3745
16448 3706
47566 402
45120 3602
45120 6559
64974 6562
45120 6845
45120 6379
45120 6991
64974 5326
45120 6477
45120 6526
45120 7589
45120 6438
64974 6338
45120 6791
64974 5185
45120 6381
45120 6405
45120 6455
64974 4972
45120 6397
64974 4858
45120 6381
45120 6450
64974 5276
45120 6964
64974 5114
45120 6440
45120 6379
45120 6458
45120 6411
45120 6441
45120 6398
45120 6760
64974 5018
45120 6815
64974 5033
45120 6688
64974 5386
28744 8029
28744 6413
28744 6534
28105 5289
53313 7984
53313 6979
53313 6369
45120 6898
17871 5223
53313 6395
57417 7299
57417 6347
57417 6404
17871 6031
37320 3592
28744 6588
57417 6440
28105 6171
37320 3716
44386 6868
23193 5220
44386 6411
44386 6870
44386 6521
23193 4215
44386 6682
44386 6837
23193 6429
44386 6624
44386 6552
44386 6515
44386 869
23193 3735
44995 5457
17871 3687
28105 4748
37320 3660
28105 3648
37320 3634
17871 6021
17871 3851
17871 6130
53313 3857
53313 6791
17871 5264
53313 3654
28744 4770
28105 4969
28744 3793
28744 3716
28105 381
17871 5131
28744 552
28105 3598
28105 3615
53313 3748
57417 6278
37320 4987
57417 3805
57417 6046
37320 3638
37320 3716
57417 3621
37320 4099
57417 4666
37320 3747
53313 3760
53313 6794
17871 5628
53313 6402
53313 6378
53313 6737
17871 5102
53313 6442
53313 6758
17871 5036
53313 6395
53313 7691
17871 5695
53313 6533
17871 5067
53313 6377
53313 6832
53313 6781
17871 5057
53313 6410
17871 4841
53313 6740
53313 6376
53313 6405
17871 5186
53313 6428
53313 6909
17871 5205
53313 6417
53313 6825
53313 7928
17871 6436
53313 6429
17871 6246
17871 5179
53313 14832
53313 6929
17871 5200
53313 6441
45120 3867
17871 4759
64974 5401
53313 6468
53313 6360
53313 6768
17871 5107
53313 6931
17871 5045
53313 6419
53313 6451
17871 4983
53313 6964
17871 5094
53313 6411
53313 6535
53313 6443
53313 6302
17871 3774
44995 3612
44995 3841
59160 3663
44995 6871
44995 3701
59160 4056
59160 3810
13306 3709
13306 6016
54728 4207
59160 3941
44995 4048
64974 5365
64974 5014
4169 4181
54728 3607
54728 7304
45120 3664
45120 6818
45120 6494
45120 6429
64974 6047
45120 6440
45120 6970
64974 4941
45120 7026
64974 5132
45120 6453
45120 6806
64974 5181
45120 6356
45120 6366
45120 6416
64974 6039
45120 6424
64974 4845
45120 6985
45120 6793
45120 6549
64974 5082
45120 6772
64974 5070
45120 6391
45120 6521
45120 6501
64974 6318
45120 6539
45120 7198
64974 5430
45120 6405
45120 6750
45120 6492
45120 6369
45120 6462
45120 6423
45120 6380
45120 6888
64974 4923
45120 6510
45120 6370
45120 6558
45120 6415
45120 6481
45120 6394
45120 6819
45120 6980
64974 5126
45120 7067
45120 6407
45120 6527
45120 6414
45120 7112
45120 7036
54407 1242
54407 3799
64974 3645
4169 3729
4169 6917
54728 5247
45120 6517
45120 6439
64974 6245
45120 6481
45120 6406
45120 6342
45120 6443
45120 6840
45120 6658
45120 6564
64974 6328
45120 6505
64974 3596
45120 6398
45120 6431
45120 6376
64974 5243
45120 6622
64974 6778
45120 7262
45120 6412
64974 4995
45120 6407
45120 6817
45120 6424
45120 6432
64974 6223
45120 6415
45120 6444
64974 6177
45120 6354
45120 6360
45120 6515
45120 6379
45120 6389
45120 6931
64974 5232
45120 6367
45120 6375
64974 4851
45120 6411
45120 6584
45120 6407
45120 6373
45120 6489
45120 6976
64974 5043
45120 6848
45120 6396
45120 6417
45120 7027
45120 7005
45120 6431
45120 6360
45120 6642
64974 4954
4169 7287
4169 6652
4169 6423
54728 6046
54407 6034
13306 3757
54407 6360
4169 6411
54728 4877
54407 6642
54407 6551
13306 6281
54407 6562
13306 6241
54407 6618
54728 5082
54407 6367
54407 6406
54407 6409
13306 4882
54728 5132
54728 3760
54407 6389
54407 6420
54407 6296
13306 6094
45120 7331
45120 6395
59160 3800
64974 5016
45120 6820
45120 6838
64974 5198
45120 6419
45120 6445
45120 6525
45120 6406
45120 6601
45120 6423
54407 6360
54407 6426
54407 6862
64974 6470
13306 3963
45120 6366
45120 6457
45120 6763
64974 5016
45120 6401
45120 6384
45120 6405
64974 6145
64974 6047
64974 4021
54407 6451
54407 6983
13306 6877
54407 6417
54407 6968
54407 6371
45120 6599
45120 6388
45120 6458
13306 6219
64974 3589
45120 6478
45120 6405
45120 6389
54407 6561
54407 6391
54407 6403
54407 7193
54407 6932
64974 5074
13306 3722
45120 6360
45120 6399
45120 6846
45120 6406
45120 6407
45120 6474
54407 6469
54407 6744
64974 4273
13306 3642
54407 6390
54407 6504
54407 6432
45120 6428
45120 6470
45120 6884
45120 6440
45120 6398
45120 6572
13306 6154
64974 3792
45120 6708
45120 6400
54407 6464
54407 6588
54407 6955
54407 6366
54407 6903
45120 6851
64974 5234
13306 3614
45120 6487
45120 6516
45120 6378
45120 6539
45120 6497
45120 6387
45120 6540
54407 6349
64974 6103
13306 3740
4169 6155
4169 3774
4169 6029
54728 3938
54728 3672
45120 6586
45120 7594
64974 6329
4169 6680
54728 4920
45120 6419
45120 6853
64974 5060
4169 6413
54728 6201
4169 7185
54728 3746
4169 7170
54728 5215
4169 6422
4169 6538
4169 6497
4169 6882
54728 4701
4169 6553
4169 6392
4169 6480
4169 6281
4169 6783
54728 5198
4169 6393
4169 6823
4169 6608
54728 5030
4169 6452
4169 6482
4169 6368
4169 6449
4169 7086
4169 6619
4169 6591
4169 6774
54728 5206
4169 6418
4169 6522
4169 6450
45120 6456
45120 6426
45120 6720
45120 6353
45120 6983
45120 6611
54728 4853
64974 3590
45120 6397
45120 6798
45120 6430
45120 6765
45120 6495
45120 4967
45120 6383
45120 6368
64974 4832
45120 6423
45120 6864
45120 6401
45120 6390
45120 6376
45120 6456
45120 6946
45120 6360
64974 6230
45120 6408
45120 6355
45120 6726
45120 6372
45120 6365
45120 6801
45120 6610
45120 6996
64974 6728
45120 6483
45120 6603
45120 6601
64974 5351
45120 6772
64974 5061
45120 6407
45120 6457
45120 6403
45120 6380
64974 3593
45120 6705
45120 6892
64974 5261
4169 6470
4169 6433
4169 6498
54728 5264
4169 6412
4169 6581
54728 6154
4169 7244
54728 4895
45120 6377
45120 6504
45120 6682
64974 6435
45120 6487
64974 6315
45120 6842
64974 5132
45120 6537
45120 6396
64974 6146
4169 6823
4169 6988
54728 5463
4169 6408
4169 6422
54728 6082
4169 6413
4169 7204
54728 5358
4169 6490
4169 6860
54728 6591
4169 6450
54728 6314
4169 6397
4169 6378
4169 6597
4169 7421
4169 7445
4169 6859
54728 5181
4169 6391
4169 6447
4169 6724
4169 6481
4169 7043
54728 5059
4169 6427
4169 6754
4169 6578
4169 6388
4169 6520
4169 6405
4169 6989
54728 6612
4169 6369
45120 6512
45120 6387
4169 6481
4169 6397
4169 6499
4169 6392
4169 6372
4169 5114
64974 4843
54728 4703
45120 6390
45120 6543
45120 7566
45120 6553
45120 6848
45120 6512
45120 6456
45120 6638
64974 6500
45120 6490
45120 6412
45120 6637
45120 6633
45120 6513
45120 6400
45120 6869
45120 6484
45120 6935
64974 5213
45120 6745
45120 6397
45120 6428
45120 6504
45120 6398
45120 6359
45120 6374
45120 6382
64974 5013
45120 6426
45120 6369
45120 6855
45120 6533
45120 6391
45120 6830
45120 7730
45120 6858
64974 6324
54407 3950
45120 6353
45120 6862
45120 6678
45120 6908
45120 6416
45120 6428
45120 6443
64974 4995
44995 4676
45120 6942
45120 6517
45120 6427
45120 6386
45120 6895
64974 5322
45120 6673
45120 6473
64974 6187
45120 6382
64974 3633
45120 6501
45120 6362
45120 6429
64974 5072
45120 6435
64974 6042
45120 6430
45120 6416
45120 7468
64974 7084
45120 6424
45120 6494
45120 6562
45120 6977
64974 5086
45120 6437
64974 6286
45120 6408
45120 6595
45120 6405
45120 6514
45120 6437
45120 6371
45120 6357
45120 6737
64974 5266
47258 3995
45120 6578
45120 6371
45120 6378
45120 6393
45120 6428
45120 6881
64974 5816
45120 6474
45120 6433
64974 6155
45120 6383
45120 6502
45120 6419
64974 5253
45120 7496
45120 6402
45120 6522
45120 6396
45120 6826
64974 4914
45120 6399
45120 6492
45120 7637
64974 6201
45120 6812
45120 6514
45120 6440
45120 6386
45120 6642
45120 6477
64974 4085
45120 6428
64974 5183
45120 6375
45120 6409
45120 6393
45120 6423
45120 7112
64974 5377
45120 6384
45120 6816
64974 5036
45120 6420
64974 6025
45120 6485
45120 7632
64974 5542
45120 6360
45120 6415
45120 6680
64974 5062
45120 6468
45120 6640
45120 6426
64974 6246
45120 6524
45120 6928
64974 5054
45120 6420
45120 6530
45120 6418
45120 6762
64974 5060
45120 6431
45120 6355
45120 6805
64974 5173
45120 6374
45120 6385
45120 6375
45120 6403
1501 4328
64974 4918
45120 6993
64974 5385
45120 6868
45120 7467
45120 6801
45120 6446
64974 4986
45120 6490
45120 7377
64974 5697
45120 6599
45120 6938
64974 5096
45120 6540
45120 6387
45120 6360
45120 6998
45120 6399
64974 6208
45120 6404
45120 6393
45120 6377
45120 6360
45120 6373
45120 6814
45120 6556
64974 3608
45120 6391
45120 6630
45120 6346
45120 7010
64974 5128
45120 6372
45120 6443
45120 6412
45120 6910
45120 6501
45120 6413
45120 6370
45120 6683
64974 5037
45120 6442
45120 6378
45120 6572
45120 6526
45120 6515
45120 6414
45120 6341
45120 6372
64974 6091
45120 6361
45120 6389
45120 6418
45120 6415
45120 6674
45120 6378
45120 6388
45120 6280
64974 4793
27280 4607
46400 3991
155 5084
26076 3668
17871 3690
17871 3806
53313 4578
53313 6526
53313 7594
53313 6426
53313 6750
53313 6902
17871 5090
53313 6398
53313 6851
53313 6695
17871 5041
53313 6561
53313 6845
53313 6531
53313 6354
53313 6566
53313 6458
53313 6386
53313 6438
53313 6384
53313 6621
17871 6201
53313 6358
53313 6578
53313 6390
53313 6327
53313 6515
53313 6557
53313 6405
53313 6397
53313 6514
17871 6303
53313 6393
53313 6394
53313 7291
53313 6505
53313 6458
53313 6384
53313 6509
53313 6916
17871 4939
53313 6400
53313 6372
53313 6401
53313 6389
53313 6517
53313 6379
53313 6423
17871 6024
53313 6415
53313 6821
17871 5168
53313 9964
53313 6790
17871 5199
53313 6535
53313 6427
53313 6821
53313 6977
53313 6413
53313 6497
53313 6393
53313 6377
53313 6735
17871 4288
53313 7298
53313 6440
53313 6461
53313 6595
53313 6467
53313 6370
53313 6427
17871 5016
53313 6423
17871 6268
53313 6622
53313 6845
17871 6470
53313 7310
53313 6419
53313 6491
53313 6553
53313 6373
17871 6070
53313 6703
17871 4726
64974 3728
64974 3658
64974 4688
64974 5148
45120 4045
45120 6653
45120 6598
45120 6943
64974 5188
45120 7018
64974 5087
45120 7025
45120 6449
45120 6490
45120 6413
45120 8856
45120 6562
64974 6406
45120 6396
45120 6373
45120 6427
45120 6516
45120 6357
45120 6428
45120 6409
45120 6404
45120 6833
64974 6578
45120 6387
64974 3647
45120 6362
45120 6392
45120 6428
45120 6391
45120 6466
64974 6233
45120 6424
45120 6396
45120 6380
45120 6352
45120 6391
45120 6386
45120 6902
45120 3656
45120 6389
64974 5188
45120 6384
45120 6444
45120 6569
45120 6524
45120 7005
45120 6381
45120 6384
64974 4895
45120 6361
45120 7928
45120 6175
45120 6495
45120 6380
45120 6410
45120 6385
45120 6534
45120 6484
64974 5397
45120 6388
45120 6374
45120 6414
45120 6489
45120 3702
64974 3627
17871 3738
17871 4786
64974 5127
54728 4852
54728 3659
54728 6152
44995 3646
44995 3680
44995 3667
44995 5146
44995 5081
44995 3716
53313 3696
53313 6509
45120 6372
45120 6454
45120 6807
45120 6405
64974 6222
45120 6529
45120 6379
45120 6418
45120 6512
45120 6521
64974 5045
45120 6549
45120 6483
64974 5049
53313 6394
53313 6432
53313 6386
53313 6527
17871 6181
53313 6421
53313 6567
53313 7776
17871 5852
53313 6372
53313 6545
53313 6535
53313 6748
53313 6503
53313 6283
17871 5266
4169 4578
4169 6402
4169 6809
4169 6394
4169 6414
54728 6238
4169 6401
4169 6369
4169 6656
54728 4959
4169 6517
4169 6941
4169 6404
54728 6290
4169 6362
4169 6411
4169 6377
4169 6417
4169 6846
4169 6442
4169 6573
4169 6745
4169 6415
54728 4872
4169 6911
4169 6702
4169 6376
4169 6377
4169 6520
4169 6473
4169 6369
4169 6980
54728 5106
4169 6426
4169 6715
4169 6383
4169 6375
4169 6358
4169 6469
4169 6471
4169 6470
54728 5266
4169 6371
4169 6396
4169 6391
4169 6436
4169 6378
4169 6495
4169 6646
4169 6420
54728 5929
4169 6518
54728 6363
59160 3289
4169 7376
4169 7480
4169 6412
4169 6854
54728 5218
4169 6460
4169 6448
4169 6877
54728 4932
4169 6394
4169 6408
4169 6536
54728 6133
4169 6513
4169 6402
4169 6421
54728 6163
4169 6390
4169 6551
4169 6424
54728 5073
4169 6392
4169 6383
4169 6397
54728 6098
4169 6710
54728 5087
4169 6493
4169 6817
4169 6974
54728 5091
4169 6854
4169 7457
4169 6395
54728 6130
4169 6502
4169 7029
54728 5323
4169 6811
4169 6571
4169 6358
4169 6455
4169 6766
54728 5068
4169 6547
4169 6973
54728 5203
4169 6772
54728 6535
4169 6360
4169 6495
4169 6371
4169 6790
54728 6429
4169 6439
4169 6501
4169 6571
54728 4628
4169 6713
54728 4906
59160 3784
44995 3741
64974 6036
4169 6429
4169 7101
54728 5562
4169 6551
4169 6575
4169 6447
4169 6826
4169 6395
54728 5108
4169 6840
4169 6400
4169 6466
54728 6038
4169 6527
4169 7000
4169 6418
4169 6687
54728 5728
4169 6464
4169 6419
4169 6438
54728 6242
4169 6368
4169 6835
54728 6548
4169 6386
54728 5388
4169 6397
4169 6846
4169 6873
54728 5061
4169 6430
4169 6395
4169 7448
54728 5504
4169 6568
4169 6416
4169 6433
54728 6038
4169 6362
4169 6556
4169 6973
54728 5198
4169 6368
4169 6522
54728 5073
4169 6381
54728 5090
4169 6758
4169 6372
4169 6403
54728 6125
4169 6507
4169 6395
4169 6772
54728 5186
4169 6371
4169 6720
54728 4092
45120 6362
45120 6849
64974 5180
45120 6483
45120 6514
45120 6975
45120 6651
64974 5066
4169 6891
54728 5266
59160 4781
59160 5073
44995 4065
64974 3681
64974 6521
64974 3698
64974 3666
64974 3700
64974 6022
64974 3731
64974 3693
45120 633
45120 418
45120 6362
45120 6396
45120 6609
64974 5084
45120 6409
45120 6367
45120 6994
64974 5079
45120 6823
45120 6394
45120 6632
64974 4819
45120 6602
45120 7112
45120 6374
45120 6398
45120 6418
45120 6387
45120 6509
64974 6259
45120 6166
45120 6496
45120 6475
64974 5445
45120 6551
45120 6373
45120 6360
45120 6409
45120 6446
45120 4280
45120 6383
45120 6417
45120 6594
64974 4901
45120 6388
45120 6546
45120 6384
45120 6379
45120 6836
45120 6431
45120 6494
45120 6473
64974 6238
45120 6854
45120 6535
45120 7135
45120 6359
45120 6400
45120 6502
45120 6393
45120 7036
45120 6412
64974 6256
45120 6392
45120 6371
45120 6480
45120 6850
45120 4923
45120 6425
45120 6392
45120 6473
45120 6592
64974 4907
45120 6422
45120 6330
45120 2735
45120 6396
45120 6394
45120 6801
45120 6361
64974 4989
44995 4641
44995 5040
59160 106
44995 3645
59160 7069
4308 3847
27421 3733
4308 3766
4308 7305
27421 6473
44995 3634
27421 7698
27421 6381
27421 6374
27421 6887
4308 4877
4308 6040
27421 3773
4308 6176
27421 6216
27421 3751
4308 3614
27421 3754
4308 3618
27421 4758
4308 5158
4308 3682
4308 3591
4308 3694
4308 4650
4308 5054
4308 3689
27421 488
27421 3742
27421 3634
64974 4276
64974 6351
64974 4170
13306 3662
30427 3731
64974 6046
64974 3654
64974 3730
64974 3871
64974 5113
45120 3605
45120 6395
64974 4821
45120 6520
64974 5451
45120 7212
45120 6413
45120 6447
45120 6525
45120 6410
45120 6381
45120 6893
64974 5081
45120 6388
45120 6593
45120 6544
45120 6405
45120 6868
45120 6484
45120 7104
64974 5143
45120 6685
45120 6937
64974 6668
45120 6545
45120 6358
45120 6352
45120 6381
45120 6497
45120 6477
45120 3765
64974 3753
45120 4630
45120 6355
45120 6449
45120 6387
64974 6268
45120 6848
64974 6497
45120 6362
45120 6347
45120 7123
64974 5266
45120 6475
45120 6369
45120 6835
64974 5180
45120 6569
45120 6546
45120 6575
45120 6462
45120 6525
45120 6556
45120 6376
45120 7212
64974 7059
45120 6421
45120 6381
45120 6734
45120 4762
45120 6666
45120 6500
45120 6497
45120 6432
45120 6713
64974 5054
45120 7347
45120 6443
45120 6466
45120 6423
45120 6363
45120 6408
45120 6888
45120 4758
45120 6442
64974 5009
45120 6264
64974 5442
45120 6362
45120 6403
45120 6409
45120 6234
45120 5313
64974 3786
54407 3658
42295 6809
44995 3869
44995 4876
64974 5061
64974 3696
64974 3695
64974 5116
64974 5128
64974 3691
64974 3864
54407 6058
54407 6378
13306 6263
54407 6545
54407 6400
13306 4849
44995 3807
54407 6476
44995 3794
54407 6423
13306 6228
54407 6382
54407 6407
13306 4858
54407 6386
54407 6383
54407 6479
54407 6828
13306 5077
45120 3652
45120 6500
64974 3664
45120 7354
45120 6969
64974 5070
45120 6369
45120 6556
45120 6532
45120 6499
45120 6411
45120 7252
64974 5789
45120 6386
45120 6534
45120 6848
45120 6363
45120 6403
45120 6508
45120 6402
45120 6528
64974 6370
45120 6424
45120 6557
45120 6448
45120 6324
45120 6413
45120 6386
45120 6414
45120 6723
64974 3682
45120 6473
45120 6433
45120 6389
45120 6209
64974 4019
45120 7277
64974 7100
45120 6679
45120 6358
45120 6481
64974 6144
45120 6425
45120 6191
64974 3746
45120 6494
64974 6358
45120 6511
45120 6376
45120 6933
64974 5190
45120 6389
45120 6452
64974 6324
45120 6396
45120 6366
45120 6609
64974 4450
54407 6353
54407 6724
13306 5061
54407 6441
45120 6395
45120 6402
45120 6723
64974 5081
45120 6430
45120 7065
45120 6413
45120 6804
45120 6388
45120 7412
64974 5506
45120 6529
45120 6505
45120 6404
45120 6382
45120 6395
45120 6830
45120 6549
45120 6352
54407 6844
64974 5190
13306 3657
54407 6731
54407 6395
54407 6367
54407 8731
54407 6502
54407 6394
54407 6902
13306 5170
54407 6277
13306 4934
45120 6387
45120 6868
45120 6381
45120 6359
45120 6414
45120 7174
45120 6505
45120 6949
64974 4911
45120 6322
64974 3714
44995 3675
54407 6384
54407 6475
54407 6366
45120 6411
45120 6405
45120 6362
45120 6463
45120 6440
13306 5373
44995 3751
64974 4791
45120 6417
45120 6404
45120 6383
45120 6754
45120 6397
45120 6333
45120 6425
45120 6328
54407 6403
64974 6083
13306 3647
54407 6488
54407 4858
54407 5142
13306 3721
59160 5630
59160 3646
13306 3654
59160 3653
30427 4094
59160 3638
59160 4714
44995 3656
59160 5088
41472 3754
41472 4618
59160 5108
44995 3642
64974 3729
54407 3685
59160 4718
59160 4983
45120 6385
45120 6439
45120 6375
45120 6506
45120 6704
64974 5052
45120 6325
64974 5434
59160 3803
44995 4716
39316 3829
39316 4968
39316 3698
39316 6525
41472 6338
39316 7079
39316 6880
39316 6395
39316 6400
39316 1048
41472 3767
4308 3680
27421 3807
4308 3659
4308 6173
4308 3646
4308 3668
4308 3663
4308 4144
4308 4649
4308 5001
44995 3631
44995 3707
27421 3610
27421 3583
27421 3678
27421 4569
27421 622
27421 3629
27421 3597
59160 3813
59160 3773
59160 6091
44995 3599
4308 4183
4308 3636
4308 3830
4308 3684
4308 4656
27421 9
27421 3679
27421 1896
64974 3769
30427 6481
44995 3626
44995 4196
41472 6251
44995 3652
44995 6072
23193 3738
44995 3641
44995 3651
44995 5216
44995 5127
45120 6484
45120 7398
64974 5430
45120 6455
45120 6255
64974 6114
44386 6445
44386 6956
23193 5196
44386 7281
44386 6858
44386 7133
44386 6434
44386 6490
23193 3656
44386 6336
44386 6386
59160 6147
59160 3621
23193 3688
39316 3582
59160 3726
44995 3700
59160 3739
59160 4646
44995 4967
42295 6384
59160 3719
39316 3756
59160 6549
44995 5369
59160 3845
23193 5136
23193 5028
23193 3815
44386 6447
23193 6257
44386 6492
44386 6358
44386 6519
23193 6286
44386 6966
44386 6379
44386 6427
44386 6403
44386 6375
44386 6395
44386 6404
23193 6138
44386 6502
44386 7317
44386 6445
44386 6653
44386 6368
44386 3360
23193 5178
44386 6844
44386 6510
44386 6382
44386 6488
44386 6379
44386 6394
44386 6438
44386 6413
44386 6412
44386 6370
44386 6350
44386 6706
23193 5020
44386 6476
44386 6530
44386 6925
44386 6353
44386 6389
23193 6208
44386 6561
44386 3800
23193 3640
44386 6415
23193 6195
44386 6457
44386 6549
44386 6386
44386 6393
44386 6758
23193 5184
44386 6445
44386 6408
44386 6444
44386 6449
44386 6400
44386 5191
23193 3616
44386 6392
23193 6232
44386 6511
44386 6391
44386 6428
44386 6795
44386 6684
23193 5734
44386 6441
23193 6161
30427 4194
44995 3580
41472 3633
44386 6388
44386 6499
44386 7022
44386 6373
23193 6194
44386 6399
44386 6502
44386 6488
44386 6366
44386 6369
44386 6509
44386 6477
44386 6864
44386 6370
44386 6407
44386 6432
23193 6012
44386 6526
44386 6657
44386 6474
23193 6143
44386 6573
44386 6388
44386 6445
44386 6694
23193 5045
44386 6387
44386 6440
44386 6423
44386 6924
23193 6666
44386 6414
44386 6373
44386 6424
44386 6457
44386 6504
23193 5284
44386 6383
44386 6450
23193 6204
44386 6689
44386 6363
44386 6375
44386 6382
44386 6484
23193 5204
44386 6608
44386 6486
44386 6820
23193 4981
44386 6392
44386 6437
44386 6328
44386 3776
23193 4651
30427 5185
30427 3879
44386 6525
44386 6476
23193 6031
44386 6384
44386 8207
44386 6631
44386 6497
44386 6360
44386 6423
23193 4807
44386 6532
44386 6367
44386 6533
23193 6233
44386 6405
44386 6371
44386 6816
23193 5198
44386 6932
44386 6399
44386 6471
23193 6062
44386 6407
44386 6719
23193 4228
44386 6389
44386 6367
44386 6415
44386 6062
23193 5327
44386 6409
44386 6379
44386 6581
23193 5146
44386 6833
23193 5219
44386 7110
44386 6378
44386 6504
44386 6838
23193 5166
44386 6460
44386 6419
44386 6364
44386 6366
44386 6450
23193 6241
44386 6462
23193 5163
44386 6362
44386 6405
44386 6383
44386 6557
44386 6529
44386 6812
23193 5114
44386 6538
44386 6384
44386 3711
23193 3603
42295 3805
42295 6010
44386 6428
44386 6765
23193 5068
44386 6565
44386 6808
44386 6530
44386 7121
44386 6688
44386 6456
44386 6557
44386 6380
44386 6404
23193 3618
44386 6393
44386 6420
44386 6432
44386 6412
44386 6621
23193 4936
44386 7119
44386 6545
23193 6379
44386 6413
23193 3711
44386 6395
44386 6646
44386 6776
23193 4944
44386 7015
23193 5001
44386 6548
44386 6359
44386 6439
23193 6048
44386 6961
23193 5074
44386 6440
44386 6424
44386 6839
44386 6850
44386 6426
23193 5031
44386 7039
23193 4940
44386 6529
44386 6458
23193 4019
59160 3801
62679 3842
4504 3591
62679 3671
62679 7646
30427 3617
4504 4943
4504 7594
4504 6530
4504 6502
4504 6371
62679 3622
42295 6850
42295 6400
42295 6504
42295 6384
30427 5489
42295 3767
62679 3732
62679 4668
62679 5761
44995 4911
4504 3743
4504 6847
4504 3665
62679 3603
62679 3632
30427 3767
4504 6496
27421 5284
62679 4074
4308 3798
27421 7029
4308 3771
27421 3721
27421 6205
4308 3604
64704 837
35685 3631
35685 3634
64704 3688
27421 6107
4308 4840
27421 3757
4308 4084
27629 3641
27629 5942
24607 1005
27629 3697
27421 3767
4308 3741
27421 6089
4308 3778
44995 4251
44995 3700
59160 4618
59160 5032
44995 3588
54728 3707
64974 3693
54728 4802
59160 5102
45120 6461
45120 6383
45120 6483
45120 4800
64974 3698
4169 6386
4169 6350
4169 6418
4169 6369
4169 6434
4169 6769
54728 5162
4169 6438
4169 6395
54728 6207
4169 6346
4169 6372
4169 6150
49635 3843
54728 3631
4169 6390
4169 3699
54728 4637
44995 5457
16453 3897
49635 3674
49635 7856
4308 3951
27421 4159
16453 7288
16453 6468
16453 6379
16453 6482
49635 5036
49635 3831
5281 3612
162 4640
29185 3884
33284 5045
59552 3743
16453 3776
49635 6296
49635 6413
57856 5249
44734 81
1763 3620
1763 3602
16453 3600
16453 172
49635 6374
16453 6214
49635 6569
44734 5135
16453 141
49635 6399
16453 1692
16453 5925
49635 6380
16453 1476
16453 4013
16453 3635
16453 1103
16453 5114
16453 1194
16453 590
49635 3598
49635 3753
16453 4046
64974 3814
64974 6200
64974 3808
64974 3804
64974 3685
17871 4706
17871 5169
45120 3622
45120 6725
45120 6405
45120 6393
45120 6430
64974 6252
45120 7765
45120 6659
45120 6533
45120 6415
64974 6056
45120 6833
45120 6325
45120 6510
64974 5097
45120 6402
45120 6517
64974 6104
45120 6594
45120 6441
45120 6433
45120 6563
64974 6245
45120 6370
45120 6692
45120 6508
45120 6386
45120 6419
45120 6451
64974 6034
45120 6398
45120 6420
45120 6399
64974 5202
45120 6849
45120 6401
45120 6493
45120 7239
45120 6367
45120 6586
45120 6412
45120 6973
64974 5200
45120 6401
45120 6924
45120 6355
45120 6569
45120 6531
45120 6378
45120 6385
45120 6387
64974 6134
45120 6397
45120 6415
45120 6624
45120 6567
45120 6403
45120 6416
45120 6367
45120 6679
64974 5043
45120 6402
45120 6614
45120 6436
45120 6489
45120 6632
45120 6395
45120 6381
45120 7082
64974 6975
45120 6376
45120 6423
45120 6557
45120 6605
45120 6377
45120 6387
45120 6380
45120 6437
64974 5308
45120 6522
45120 6429
45120 7649
45120 6470
45120 6419
45120 6405
45120 6532
45120 6578
64974 5097
45120 6414
45120 6561
45120 6378
45120 6424
45120 6339
45120 6493
45120 6997
45120 6423
64974 3810
45120 6365
45120 6406
45120 6858
45120 7276
45120 6432
45120 6630
45120 6724
45120 6397
45120 6454
64974 6272
45120 6374
45120 6393
45120 6399
45120 6697
45120 6440
45120 6412
45120 6562
45120 6522
64974 6340
45120 7019
45120 6375
45120 6548
45120 6426
45120 6575
45120 6571
45120 6496
45120 7334
64974 4921
45120 6412
45120 6547
45120 6397
45120 6621
45120 6360
45120 6376
45120 6386
45120 8509
64974 6550
45120 6410
45120 6381
45120 6377
45120 6412
45120 6510
45120 6390
45120 6511
45120 8403
64974 7049
45120 6359
45120 6533
45120 6501
45120 6553
45120 6448
45120 6522
45120 6387
45120 6654
45120 6686
64974 5181
45120 6873
45120 6544
45120 6502
45120 6396
45120 6592
45120 6609
45120 6464
45120 10905
64974 9356
45120 6389
45120 6535
45120 7936
45120 6378
45120 6636
45120 6865
45120 6470
45120 6430
64974 6222
53313 5081
45120 6581
45120 6432
45120 6587
45120 6548
45120 6470
45120 6624
45120 6517
45120 6426
64974 6120
45120 6501
45120 6640
45120 6413
45120 6520
45120 6684
45120 6396
45120 4975
45120 7181
64974 5244
45120 6717
45120 6175
45120 6505
45120 6402
45120 6511
45120 7859
45120 6941
45120 6716
45120 6867
64974 5050
45120 7713
64974 6278
45120 6537
53313 6543
53313 6445
53313 6404
53313 6547
53313 6537
53313 6419
53313 6544
53313 6832
17871 5205
53313 6494
53313 6361
53313 6373
53313 6584
53313 6377
53313 6506
53313 6449
53313 6542
17871 3596
53313 6823
53313 6521
53313 3788
45120 6523
45120 6351
45120 6562
45120 7643
45120 6962
45120 6812
17871 4911
64974 3647
45120 6502
45120 6524
45120 6385
45120 6370
45120 6675
64974 5767
64675 3808
47267 4743
17570 4949
4613 4033
57861 3787
29188 3810
61297 3762
42414 4155
54728 3648
7192 2498
40705 3615
40705 3619
4308 3652
4169 6447
11730 5042
27421 4801
7192 3668
49421 5164
54728 3607
27198 3608
19379 4893
30427 5112
44995 5272
44995 3691
59160 3654
59160 3655
42295 6441
5221 6212
44995 3931
30427 4813
4308 4976
4308 3678
4308 3609
27421 3753
27421 35
27421 6152
59160 3835
18068 3788
33070 3657
18068 4616
18068 7292
4308 3631
33070 4842
33070 7979
33070 6432
18068 6159
33070 6393
33070 11929
18068 10310
44995 7130
58394 3788
58394 5351
19948 1637
18068 5192
58394 3588
16794 3831
33070 6170
18068 6189
33070 3721
18068 6317
18068 3668
33070 3579
33070 3943
33070 4633
18068 3658
39277 5002
33070 3837
39277 3793
3074 3772
3074 3621
27421 6091
39277 3633
18068 3605
4308 3629
33070 6284
18068 5190
18068 3734
18068 3662
4308 3710
20656 4064
5296 4671
18068 5174
59569 4865
33070 3628
33070 3748
33070 6690
33070 6380
33070 3733
18068 3680
42059 4000
4308 4743
21579 5117
50250 3912
64974 3853
64974 3925
54728 5654
45120 6584
45120 6606
64974 6461
27421 4767
45120 6405
45120 6396
64974 6187
45120 6808
45120 6428
64974 3616
45120 6349
45120 6384
45120 6395
45120 6512
64974 5421
45120 6377
45120 6527
64974 5055
45120 7614
45120 6203
45120 6406
45120 7006
64974 5285
45120 6589
45120 6654
45120 6541
45120 6557
64974 5089
45120 6414
45120 6365
45120 6465
45120 6427
45120 6471
45120 6806
45120 6416
45120 6386
45120 6435
64974 6077
45120 6514
45120 6388
45120 6378
45120 6522
45120 6398
45120 6732
45120 6430
45120 6415
64974 5077
45120 6367
45120 7136
45120 6460
45120 7414
45120 6346
45120 6646
45120 6386
45120 6579
64974 5095
45120 6720
45120 6407
45120 6497
45120 6998
45120 6545
45120 6423
45120 6399
45120 6371
64974 6171
45120 6367
45120 6449
45120 6395
45120 6392
45120 6417
45120 6397
45120 6492
45120 6379
45120 7246
64974 5381
45120 6539
45120 6585
45120 6773
45120 6632
45120 6412
45120 6420
45120 6510
45120 7746
64974 5981
45120 6391
45120 6551
45120 6376
45120 6432
45120 6524
45120 6430
45120 6493
45120 6623
64974 4947
45120 6507
45120 6368
45120 6655
45120 6345
45120 6386
45120 6440
45120 6657
45120 6651
64974 5056
45120 6373
45120 6417
45120 6423
45120 6566
45120 6366
45120 6415
45120 6765
45120 6418
64974 5257
45120 6398
45120 6436
45120 6410
45120 7043
45120 6494
45120 6430
45120 6403
45120 6400
45120 7458
64974 6181
4169 6772
4169 6524
4169 6384
4169 6403
4169 6396
4169 6555
4169 6374
4169 6607
54728 6417
4169 6614
4169 6405
4169 6388
4169 6387
4169 6457
4169 6471
4169 6493
4169 7164
54728 5485
4169 6488
4169 6530
4169 6422
4169 6632
4169 6389
4169 6353
4169 6374
4169 7396
54728 5436
4169 6406
4169 6456
4169 6386
4169 6376
4169 6445
4169 6338
4169 6449
4169 6413
4169 6957
54728 5087
4169 6358
4169 6365
4169 6405
4169 6431
4169 6724
4169 6408
4169 6417
4169 6405
54728 6250
4169 6433
4169 6396
4169 6447
4169 6243
54728 5004
33070 3611
27085 3652
27085 3592
45572 4706
45572 5389
44995 3855
44995 4199
30427 4076
42295 6251
27085 3702
59160 3652
59160 6031
59160 6129
44995 4172
10892 3743
53519 3629
10892 4064
10892 5896
27421 5076
27421 3894
4308 3620
30427 3766
53519 3632
53519 7479
53519 6360
53519 6717
10892 4929
53519 6458
10892 3617
10892 3659
53519 6168
10892 6696
53519 6139
53519 4839
10892 5291
53519 3728
53519 3780
10892 4657
53519 7066
53519 6461
53519 6404
53519 6687
10892 5045
53519 6384
53519 6517
10892 5038
53519 6361
53519 6907
10892 5194
53519 6390
53519 6533
10892 6215
53519 6475
53519 6700
10892 5050
53519 6439
53519 6519
10892 6314
53519 6541
53519 6374
53519 6355
53519 6386
53519 6365
53519 6419
53519 6427
53519 6849
10892 5184
53519 6531
53519 6399
10892 4972
53519 7182
53519 6386
53519 6805
10892 5753
53519 6524
10892 5063
53519 6742
53519 6395
53519 6803
10892 4960
53519 7150
10892 5074
53519 6378
53519 7350
10892 5620
53519 6449
53519 6761
10892 5155
53519 6547
53519 6763
10892 5188
53519 6374
53519 6401
10892 6053
53519 6499
53519 6539
53519 6529
53519 6653
10892 5077
53519 6447
53519 6537
53519 6435
10892 4889
53519 6970
53519 6412
53519 6776
53519 6473
53519 6833
53519 6375
53519 6394
53519 6868
10892 5091
53519 6413
53519 6488
53519 6493
53519 6584
53519 6372
53519 6559
53519 6425
53519 6489
10892 6235
53519 6851
53519 6440
53519 6548
53519 6791
53519 6374
10892 4910
53519 6399
53519 6434
53519 6144
10892 4092
53519 6346
53519 6477
53519 6539
53519 5706
10892 3563
53519 6392
53519 6802
53519 5155
10892 3639
53519 6540
53519 6397
53519 6201
53519 6994
53519 6493
10892 6026
53519 3876
10892 3617
53519 6392
53519 6346
53519 6769
10892 5441
53519 6550
53519 6889
10892 5214
53519 6304
10892 4060
4308 4100
53519 6381
53519 6418
53519 6757
10892 5159
53519 6380
53519 6511
53519 6831
10892 5548
27421 4205
53519 6379
53519 6346
53519 6242
10892 5166
53519 6404
10892 4853
53519 6363
53519 6411
53519 6508
53519 6749
10892 6442
53519 6960
10892 4940
53519 6407
53519 6819
53519 6714
10892 5751
53519 6493
53519 6513
53519 6419
10892 6097
53519 6835
53519 6475
10892 5260
53519 6407
53519 6736
10892 6358
53519 6529
53519 6412
53519 6377
53519 6789
10892 5478
53519 6724
53519 6822
10892 4895
49484 4444
39532 4806
53519 6425
53519 6394
53519 6227
10892 3723
53519 6367
10892 4861
53519 6647
53519 3944
10892 3720
53519 6391
53519 6478
53519 6215
10892 3600
53519 6407
10892 3617
53519 6835
53519 6280
10892 5096
53519 6356
53519 6789
53519 6509
10892 4921
53519 6483
53519 6370
53519 6282
10892 5201
53519 6920
53519 6387
53519 6445
10892 4930
53519 7021
10892 5311
53519 6416
53519 6734
10892 4869
55785 30
46086 223
55785 4864
53519 6346
53519 6849
53519 6388
53519 4745
10892 3579
53519 6570
53519 6830
53519 6277
10892 4754
10732 4979
10732 3727
40965 79
10732 3594
53519 6443
53519 6490
53519 6547
10892 6148
53519 7850
53519 6495
53519 6260
10892 5067
53519 6402
53519 6405
53519 6880
10892 5159
53519 6380
53519 6875
10892 5174
49225 5546
49225 3670
4026 3602
49225 3648
4026 315
49225 3643
27421 6090
53519 6408
53519 6905
53519 6478
10892 3648
53519 6398
53519 6410
53519 6680
10892 5154
27421 6071
4308 3645
53519 6397
53519 7197
53519 6787
10892 5230
53519 6378
53519 6367
53519 6365
53519 6123
10892 3681
53519 6512
53519 6410
53519 6453
53519 6035
10892 3600
53519 6419
53519 6344
53519 6117
10892 3578
53519 6390
53519 6400
53519 1802
10892 3758
2958 3600
53519 6409
53519 6403
53519 6872
53519 6468
10892 6157
35394 3722
53519 6377
53519 6401
53519 7230
10892 6859
53519 6426
10892 5210
53519 6476
53519 6311
10892 6179
27421 3758
53519 6422
53519 6391
53519 6380
53519 4872
10892 4946
53519 6701
53519 6414
53519 6124
10892 5140
4308 3571
53519 3853
10892 3619
53519 6863
10892 5739
53519 6530
53519 6403
10892 604
53519 6452
53519 6419
53519 6360
10892 684
10892 1180
53519 7440
10892 5482
53519 6403
10892 6253
53519 6398
10892 4879
53519 6924
10892 6575
53519 6469
10892 983
53519 6445
10892 6049
53519 7061
10892 5109
53519 7224
10892 5523
53519 5506
10892 3632
53519 6701
10892 5484
53519 6605
10892 4903
53519 6377
53519 6380
53519 6925
10892 1499
10892 403
53519 6459
10892 3633
53519 7633
53519 6437
10892 1931
53519 6240
10892 3681
53519 6896
10892 5194
53519 6260
10892 3932
53519 6367
53519 6378
53519 6435
53519 5081
10892 3770
10892 927
10892 3687
53519 6561
10892 6349
53519 6496
10892 3622
53519 6400
53519 6403
53519 6798
10892 2871
10892 5002
53519 6888
10892 5179
53519 6195
53519 6417
10892 1269
53519 6358
10892 3734
53519 6703
10892 5785
53519 6535
10892 5084
53519 6393
53519 6541
53519 6746
10892 1447
10892 3665
53519 6845
10892 5128
53519 6444
10892 6287
53519 6412
53519 6415
53519 6364
10892 1673
10892 3583
53519 6332
10892 4775
53519 6530
10892 6290
53519 6429
10892 3617
53519 6403
53519 6348
10892 3159
53519 6443
10892 3629
53519 6410
53519 7686
10892 4150
53519 6617
10892 3614
27421 3801
53519 6357
10892 3671
13429 4822
53519 6593
10892 5177
53519 6427
53519 6814
53519 6342
10892 1737
10892 423
53519 7123
10892 5682
14294 3632
53519 6379
10892 5340
53519 6937
10892 5069
4308 4818
53519 6311
10892 3628
53519 6977
10892 6723
53519 6412
10892 6200
53519 7067
10892 5069
53519 6807
10892 5027
53519 6392
53519 6365
53519 6830
10892 5223
53519 6442
10892 6063
53519 6399
53519 6225
10892 3783
53519 6402
53519 6432
53519 3831
10892 3574
10892 5114
53519 6357
53519 6141
10892 3636
60987 3628
23391 4279
53519 6370
53519 6419
53519 6344
53519 6484
53519 4624
10892 4197
53519 6536
53519 6347
53519 6395
10892 4078
53519 6518
53519 6446
53519 5191
10892 3598
53519 6367
53519 6390
53519 6673
10892 5239
53519 6431
53519 1075
10892 3597
53519 6386
53519 6446
53519 5189
10892 4524
53519 6473
53519 6945
10892 5185
53519 6689
53519 6417
53519 4822
10892 4034
53519 6334
53519 6439
10892 3684
53519 6865
53519 6387
53519 6227
10892 5209
53519 6408
53519 6639
10892 5028
53519 6433
10892 4821
53519 6420
53519 3734
10892 3725
27421 6102
53519 6447
53519 6404
53519 6387
10892 5442
53519 6536
53519 6396
53519 6735
10892 5145
53519 6377
53519 6562
53519 6363
53519 6431
53519 6399
53519 6395
10892 6082
53519 6722
53519 6660
53519 6346
10892 6064
53519 7034
53519 6424
53519 6745
10892 5579
53519 6362
53519 6364
53519 6328
53519 6406
53519 6555
10892 5197
4308 4654
53519 6382
10892 6197
53519 6858
53519 6448
53519 6690
10892 4933
53519 6423
53519 6411
10892 5397
53519 6419
53519 6772
10892 5587
52386 4836
26920 3695
53767 3816
37116 3702
53519 6397
53519 6520
53519 3770
53519 6541
53519 6771
10892 4961
53519 7274
53519 7052
53519 4132
10892 3632
53519 6926
10892 5202
53519 6384
53519 3776
10892 3629
53519 6425
53519 6367
10892 6166
53519 6464
53519 6371
10892 5387
53519 6524
53519 6935
10892 5044
53519 6680
53519 5087
10892 3797
53519 6378
53519 6352
53519 6995
10892 5354
53519 6383
53519 3693
10892 3718
53519 6430
53519 6494
53519 6422
10892 4216
53519 6394
53519 6214
10892 4953
53519 6398
53519 6843
53519 3919
10892 4615
53519 7282
10892 5673
53519 6362
53519 6312
10892 5780
53519 6396
53519 6458
53519 6301
10892 5022
53519 6365
53519 6415
53519 6219
10892 3625
53519 6389
53519 6500
53519 6384
53519 3762
10892 3626
53519 6368
53519 6514
53519 3758
10892 3622
53519 6430
53519 6425
53519 5362
10892 3636
53519 6394
10892 6108
53519 6400
53519 6713
10892 5179
53519 6458
53519 6872
10892 2672
53519 6401
53519 6769
10892 1892
53519 6409
10892 4957
53519 6555
10892 4875
53519 4754
10892 4938
53519 6386
53519 6444
10892 1498
53519 6423
53519 6696
10892 2989
53519 6400
10892 6099
53519 6495
10892 5498
53519 4511
10892 3755
53519 6700
53519 6378
10892 5858
53519 6584
53519 6502
53519 6327
10892 4250
53519 6995
10892 4991
53519 6377
53519 6342
10892 4977
53519 6388
53519 6464
53519 6497
53519 6403
53519 6519
53519 6430
10892 5441
53519 6390
53519 6541
53519 6900
10892 5292
53519 7021
10892 6817
53519 6485
53519 6758
10892 5683
53519 6585
53519 8064
53519 6713
10892 5050
53519 6416
10892 4877
53519 6838
53519 6366
53519 6279
10892 4898
27421 3936
12180 3623
12180 3762
22206 3628
12180 4595
22206 3672
22206 4919
2154 3795
2154 3678
48727 3644
2154 3738
48727 3619
48727 3622
12180 3583
2154 4633
53519 6389
53519 6414
10892 4856
53519 6521
53519 6298
10892 6086
4308 3685
53519 6645
53519 7549
10892 6646
53519 6344
53519 6536
53519 6371
10892 5033
53519 6365
53519 6528
53519 6275
10892 5054
53519 6573
53519 6384
53519 6544
10892 5251
53519 6495
53519 6420
53519 6684
10892 4884
53519 6408
53519 6392
53519 6291
10892 6109
53519 6394
53519 6393
53519 6397
10892 4279
53519 6389
53519 6711
10892 4934
53519 6477
53519 6516
53519 4037
10892 4640
53519 6457
53519 6790
53519 6199
10892 3718
53519 6841
53519 6412
53519 6493
10892 6098
53519 6779
10892 5206
53519 6766
10892 4894
33070 6146
18068 3758
53519 6500
53519 6664
53519 6340
10892 893
10892 55
53519 6388
53519 6397
53519 5186
10892 1178
10892 106
53519 6880
10892 6024
53519 6556
10892 4984
53519 7009
10892 5203
53519 7441
53519 6496
53519 6283
10892 186
10892 578
53519 6412
10892 3701
53519 6833
53519 6657
10892 3175
53519 6335
10892 3601
53519 6378
10892 3610
53519 6416
53519 6399
53519 6687
10892 5772
53519 6373
53519 6568
53519 6661
10892 5778
53519 6615
53519 6455
53519 6381
10892 4902
53519 6483
10892 3640
53519 6423
53519 3843
10892 4862
53519 7084
53519 6530
53519 6323
10892 3621
53519 6663
53519 6591
53519 6929
10892 5307
53519 6860
53519 6563
53519 6403
10892 4345
53519 6431
53519 6419
53519 6352
10892 4976
53519 6391
53519 6404
53519 6365
10892 4774
53519 7160
10892 5297
53519 6353
53519 6241
10892 3635
53519 6050
53519 6726
10892 5253
53519 6398
53519 6386
10892 6177
53519 7938
53519 6498
53519 6377
53519 6427
53519 6474
53519 6842
10892 5079
53519 7123
53519 6515
53519 6513
10892 6322
53519 6388
53519 6367
53519 6842
10892 5228
53519 6428
53519 6405
53519 6362
10892 6139
53519 6393
53519 6419
53519 6358
10892 5220
10892 3686
53519 6589
10892 5244
53519 6383
53519 6485
53519 4904
10892 3748
53519 6400
10892 5227
53519 7223
53519 6191
10892 4943
18068 3766
44995 3670
44995 6066
53519 4083
53519 3675
53519 3635
10892 3722
10892 3590
33070 3725
33070 5403
33070 2755
18068 3850
18068 3725
59160 3682
59160 3632
59160 6082
44995 3655
62205 3726
20514 3931
5154 3906
53519 3761
33070 3596
65304 3762
62205 3900
65304 3852
62205 3651
19662 6178
5154 3663
5154 9420
48334 5482
20514 4257
20514 6823
27421 3843
19662 8367
19662 6489
19662 7196
5154 4960
5154 6145
30427 3693
30427 3647
48334 7447
48334 6392
48334 6385
20514 5019
20514 6182
42295 3739
42295 3679
4308 3615
30427 3601
19662 3610
19662 4077
5154 6234
42295 6461
42295 6389
42295 6683
30427 4897
42295 6403
42295 3676
42295 3811
30427 3644
48334 4766
44995 4744
44995 5032
4308 3767
27421 3757
59160 3631
20514 3604
19662 3630
19662 723
5154 3687
5154 3605
44995 3684
59160 4898
15244 5368
19662 3749
12575 3781
15244 3630
15244 7563
12575 5843
12575 7449
12575 6392
12575 6812
12575 6279
15244 3612
44995 3616
15244 6053
12423 3761
25901 3781
59160 3901
44995 3783
15244 5709
12575 5766
15244 6439
12575 6256
15244 1006
12575 3586
12575 6006
12575 3648
15244 3715
12575 3685
44995 3634
44995 6067
59160 3643
59160 3637
59160 4776
44995 5094
2811 3789
15244 3640
39958 3903
2811 3718
2811 7029
39958 4818
39958 7325
39958 6858
39958 6386
2811 6038
39958 6330
2811 4790
2811 6035
2811 3714
2811 4799
39958 4979
39958 4320
39958 3819
2811 3677
2811 4654
12575 5086
12575 3721
15244 3577
12575 6087
12575 3747
15244 3818
15244 3839
15244 6376
15244 3725
4308 3643
12575 3695
39958 3770
27421 3603
12575 6196
12575 6400
15244 6149
12575 6526
12575 4853
15244 4919
4308 3725
64647 3620
27421 3611
39958 6332
39958 7270
2811 4953
44995 3809
44995 6179
13614 3918
39958 4247
12575 3734
12575 6218
15244 3656
59160 3700
59160 3664
44995 3652
44995 6090
44995 3727
44995 3689
44995 4105
44995 5015
44995 5110
2811 3799
27421 3766
59160 4592
59160 4991
59160 3792
44995 3615
23498 4780
59160 4971
27421 3775
4308 3625
59160 3789
59160 3675
44995 4695
59160 5166
60809 3972
23498 3674
23498 7152
44995 4799
44995 5151
59160 4386
44995 3644
1775 4859
44995 5077
44995 3770
4308 979
15244 3682
15244 4703
60809 5119
60809 4888
23498 6207
39958 3695
39958 6320
2811 4061
39958 6304
39958 6450
2811 5246
39958 6381
39958 6204
39958 6293
2811 5401
39958 6503
39958 6189
39958 6461
39958 6217
39958 6431
39958 6562
39958 7121
39958 6989
2811 5366
59160 3604
59160 5506
27421 3699
27421 3654
59160 5082
44995 3619
4308 5039
27421 3616
4308 4235
27421 3601
4308 3585
12575 3619
15244 3612
58315 3764
63432 3630
59160 3647
59160 4690
3017 5098
20425 3856
46024 3687
2811 6208
60809 7141
60809 6853
60809 6513
60809 5104
23498 3598
23498 3851
23498 3684
23498 6069
23498 3705
23498 3664
23498 4745
23498 4984
36232 4447
58315 3631
58315 7001
32141 4249
63432 3627
60812 3683
3017 3638
36237 3704
46024 4607
7564 5127
20425 3591
59160 3758
44995 3618
60809 6145
60809 3805
60809 4825
23498 5030
60809 3698
23498 3646
23498 3625
60809 3593
60809 3620
60809 6776
23498 5163
60809 6436
60809 6457
60809 6888
23498 5201
60809 6423
60809 6500
60809 6409
60809 6140
23498 4255
39958 3634
60809 6818
60809 6831
60809 6794
23498 5154
60809 6425
60809 6491
60809 6801
60809 6408
60809 6205
23498 3620
60809 6431
23498 5400
60809 6537
60809 6560
60809 6485
60809 6810
60809 6417
60809 6986
23498 5242
36232 3591
36232 4798
60809 6365
60809 6399
23498 4870
58315 6161
60809 6398
60809 6396
60809 6361
60809 3749
23498 4343
39958 3667
36232 7363
36232 6413
36232 6349
36232 3746
58315 3590
54867 3648
1775 4067
1775 7122
58315 4443
36232 5852
36232 6133
36232 3677
58315 3587
39958 6499
39958 6264
2811 5214
60809 3594
54867 7806
54867 6406
54867 6575
1775 5051
1775 6597
39958 3753
39958 6447
2811 4893
39958 6501
39958 6307
2811 6056
39958 6819
39958 7586
39958 7427
39958 6405
39958 6870
39958 6467
39958 6351
39958 6368
39958 6436
2811 6284
39958 6473
39958 6403
39958 6425
2811 6057
39958 6399
39958 6551
2811 6092
39958 6973
2811 5127
39958 6296
39958 6567
2811 4821
39958 6313
39958 6866
2811 5122
39958 6564
39958 6736
2811 4855
39958 6399
39958 6515
2811 6380
39958 6384
39958 6854
39958 6999
39958 6499
2811 6113
39958 6325
2811 3634
54867 3622
54867 4479
1775 4061
23498 5194
23498 3753
23498 4117
14557 3906
58315 4753
23498 5171
23498 4142
23498 3745
23498 3711
23498 4747
23498 5047
58315 3760
58315 4718
58315 5141
60809 3709
60809 3612
60809 3731
60809 6397
23498 4865
60809 6640
60809 6429
60809 6384
60809 6382
60809 6375
60809 7032
60809 6398
23498 6094
60809 6482
60809 6434
60809 6344
60809 6516
23498 3818
60809 6454
23498 6166
60809 6415
60809 6827
60809 6505
23498 6296
60809 6864
60809 6493
23498 6061
60809 6436
23498 6026
60809 6388
60809 6360
60809 6749
23498 5062
60809 6391
60809 6417
60809 6392
23498 6196
60809 6390
60809 6429
23498 3746
60809 6400
60809 6418
60809 7017
60809 6548
60809 6408
60809 6534
60809 6374
60809 6422
23498 6152
60809 6573
60809 6549
60809 6543
60809 6439
60809 6764
60809 6383
60809 6376
60809 6468
23498 6052
60809 6389
60809 6406
23498 6141
36232 3618
60809 3647
36232 3631
15304 3866
36232 6947
58315 4960
36232 6362
36232 6503
36232 6468
58315 4862
36232 6445
58315 6077
36232 6365
36232 6964
58315 5931
36232 6401
36232 6559
36232 6437
36232 6466
36232 5147
58315 4457
36232 6413
58315 5406
60809 7122
23498 5122
60809 6545
60809 6363
23498 6196
60809 6396
60809 6558
60809 6373
60809 6408
60809 6536
60809 6404
60809 6391
60809 6845
60809 6403
23498 4836
60809 6552
60809 6435
60809 6376
23498 4866
60809 6523
60809 6596
23498 5124
60809 6906
60809 6388
60809 6396
23498 4950
60809 6359
60809 6657
60809 6403
60809 6415
60809 6397
60809 6804
23498 4437
60809 6495
60809 6850
23498 6495
60809 6535
60809 6391
23498 6200
60809 6395
60809 6384
60809 6370
60809 6778
23498 5165
60809 6388
60809 6373
60809 6430
23498 6132
60809 6404
60809 6391
60809 6511
60809 6386
60809 6824
23498 5191
60809 6942
60809 6394
23498 4966
11662 4641
15304 3720
15304 7163
60809 6415
23498 4809
60809 6553
60809 6355
60809 6542
60809 6626
23498 4945
60809 6423
60809 6370
60809 6409
60809 6574
60809 6472
60809 6411
60809 6797
23498 5180
60809 6397
60809 6477
60809 6418
60809 6448
60809 7159
23498 5490
60809 6381
60809 6478
60809 6659
60809 6397
60809 6408
60809 7112
60809 6386
60809 6398
60809 6787
23498 5208
60809 7313
23498 5390
60809 6383
60809 6425
60809 6395
60809 6526
60809 6433
60809 6352
60809 6371
60809 6767
23498 4908
11662 3626
11662 4914
15304 6184
11662 7340
11662 6407
11662 6335
11662 3746
15304 3658
15304 3688
15304 4735
15304 5194
15304 3705
11662 6124
11662 3811
11662 6112
15304 4466
11662 4155
15304 3638
15304 3667
11662 3617
32186 3839
14557 3604
11662 6730
15304 6588
14557 7051
11662 6357
11662 6370
11662 6602
11662 6377
11662 6471
11662 6405
11662 6386
11662 6366
11662 6411
11662 6419
11662 6425
15304 6069
11662 6375
11662 6408
11662 6400
11662 6377
15304 4939
11662 6392
11662 6541
11662 6420
15304 6204
11662 6689
11662 6455
15304 5240
11662 6991
11662 6998
15304 5208
11662 6409
15304 3638
11662 6476
11662 6405
15304 5056
11662 6359
11662 6836
15304 5193
11662 6561
15304 5102
11662 6442
15304 4969
11662 6379
11662 6247
15304 4137
15304 3775
15304 6021
15304 3655
58315 4128
44995 3716
44995 5194
11662 471
11662 3852
36232 6475
36232 6523
36232 6513
36232 6399
36232 7469
58315 5762
36232 6382
36232 6388
36232 6848
58315 5205
36232 6643
36232 6423
36232 7022
58315 5362
36232 6560
36232 6676
58315 5356
11662 6597
11662 6962
15304 4920
11662 6526
11662 6839
11662 6454
11662 6715
15304 5411
11662 6391
11662 6359
11662 6276
11662 6581
15304 6386
11662 6468
11662 6392
11662 6424
15304 5084
11662 6601
11662 6421
15304 5144
59160 4177
59160 3661
32186 7530
32186 6467
32186 6195
14557 5269
14557 3842
59160 6169
44995 3621
11407 3692
27495 3603
30826 3735
11407 3722
11407 6970
53390 3714
1161 3715
63624 3841
23498 6506
23498 3694
30826 3750
30826 7817
30826 6427
30826 6781
11407 5109
30826 6283
11407 3696
59499 4822
53390 5179
53390 5625
55395 5020
1161 3606
1161 5636
18530 5036
63624 3601
63624 6800
60809 3619
11407 3817
11407 3677
53390 4429
1161 4625
63624 5123
11407 3763
11407 3693
11407 5999
11407 3667
60809 6389
60809 6530
23498 6142
60809 6384
60809 6428
60809 6389
60809 6555
23498 6405
60809 6405
60809 6518
60809 6379
60809 6368
60809 6371
60809 6423
60809 6809
23498 6528
60809 6406
23498 6163
60809 7131
60809 6407
60809 6465
60809 6953
23498 4923
60809 6402
60809 6680
60809 6429
60809 6371
60809 6497
60809 6402
60809 6440
60809 6594
23498 5106
60809 6422
60809 6516
60809 6442
60809 6408
60809 6425
60809 6385
60809 6366
60809 6748
23498 5031
60809 6392
60809 6406
60809 6404
60809 6692
60809 6378
60809 6560
60809 6823
60809 7391
23498 6153
60809 7333
60809 6438
23498 5097
32186 3946
32186 3655
32186 3932
14557 4732
14557 6399
60809 6397
60809 6519
60809 6543
23498 3603
60809 6398
60809 6393
60809 6841
23498 4931
60809 6542
60809 6405
23498 6072
60809 6835
60809 6488
23498 5202
60809 6661
60809 6365
60809 6940
23498 5071
60809 6551
60809 6401
60809 6908
23498 5203
60809 6470
60809 6270
23498 4339
59499 3598
59499 7467
59499 6351
59499 6917
53390 1145
53390 132
55395 4989
17768 3835
55395 7916
1161 5910
55395 6518
55395 6343
18530 5340
1161 3626
1161 4669
18530 7296
18530 6401
18530 6990
63624 2203
63624 3624
59499 6316
53390 4806
18530 6292
63624 3643
55395 6298
1161 4581
55395 3608
18530 5076
63624 4533
1161 4277
30826 18
59499 3613
53390 4771
30826 4992
11407 3753
11407 3748
30826 6364
30826 6309
30826 6415
30826 6401
30826 6316
11407 3591
30826 6475
11407 5461
30826 6464
30826 6498
30826 6237
30826 6403
30826 6423
30826 6196
30826 6467
30826 7244
11407 5219
30826 6415
30826 6435
11407 6199
30826 6482
30826 6389
30826 6386
30826 6879
11407 4966
30826 7208
30826 6483
30826 6364
30826 6457
11407 6280
30826 6390
30826 6403
30826 6402
30826 6726
11407 6626
32186 4471
32186 6281
32186 3859
14557 3644
38360 3654
31998 4244
4315 3832
14557 6450
56755 3859
32186 3645
4315 4571
4315 6974
32186 6200
11407 5212
11407 4169
11407 3708
11407 3753
58315 5110
58315 5173
58315 3689
58315 3666
58315 3828
58315 6532
58315 3640
58315 3811
58315 4852
58315 5224
58315 3727
58315 3708
58315 3796
58315 6127
15304 4035
15304 3883
15304 3675
15304 4758
15304 5009
15304 3712
15304 3723
15304 3732
15304 4650
15304 5000
15304 3826
15304 3726
15304 6037
15304 3697
58315 3716
58315 3784
58315 4701
36232 4973
58315 3712
58315 3695
58315 3750
36232 4073
58315 4680
58315 5476
36232 6415
58315 6242
36232 6372
36232 6516
36232 6547
36232 6825
36232 6419
36232 6374
58315 5166
58315 4883
58315 5065
58315 3685
58315 3664
36232 3609
36232 6692
36232 6448
36232 6386
36232 6742
58315 5565
36232 6412
36232 6421
36232 6345
36232 6354
58315 3677
58315 5123
58315 5090
58315 3655
36232 6488
58315 4193
36232 7276
36232 6516
36232 6356
58315 962
36232 6362
36232 7187
36232 6535
58315 6152
36232 6341
58315 3685
36232 6463
58315 5179
36232 6423
36232 6446
58315 5031
44995 3665
44995 4775
23498 5148
36232 6534
58315 5048
36232 6776
36232 6422
36232 6387
58315 6178
30826 6367
30826 6390
11407 5048
30826 6315
30826 6495
30826 6271
30826 6342
11407 5465
30826 7090
30826 3191
11407 3615
30826 6324
30826 6489
11407 4863
30826 6387
30826 6204
11407 3611
30826 6377
30826 6379
30826 3875
30826 6357
30826 6375
11407 5003
11662 3672
14557 3594
30826 6304
30826 6477
11407 5430
30826 6416
30826 6240
11407 3627
30826 6406
30826 6620
30826 6456
11407 6059
11662 6950
15304 3624
11662 6738
11662 1458
15304 4410
30826 6391
30826 6705
30826 6405
11407 5288
11662 3652
11662 3748
30826 6831
30826 6542
30826 6789
11407 4956
30826 6519
30826 6367
30826 6437
11407 6016
11662 3804
30826 6510
30826 6973
11407 5074
36232 3714
11662 6351
11662 6533
11662 6422
11662 6268
36232 4857
15304 3567
11662 6404
11662 6405
11662 6406
11662 6886
15304 5105
11662 6863
11662 6400
11662 6127
15304 3739
11662 6399
11662 6700
15304 5780
11662 6446
15304 4767
11662 6381
11662 6370
11662 6368
11662 4707
15304 4975
11662 6415
11662 6727
36232 5124
15304 3711
36232 6388
36232 6367
58315 4895
36232 6427
58315 4790
36232 6871
36232 6892
36232 6518
36232 6589
36232 6372
36232 6481
36232 8147
58315 6530
36232 6688
58315 5137
36232 8377
36232 6861
36232 372
58315 3623
36232 6471
58315 5110
36232 6547
36232 6418
36232 7381
58315 5576
36232 6588
58315 4519
36232 6846
58315 5507
36232 6401
36232 6385
36232 6548
36232 6398
36232 6542
58315 4958
36232 6607
36232 6561
36232 6433
36232 6483
36232 6503
58315 4809
36232 7099
58315 5202
36232 6909
36232 6413
36232 7770
58315 5356
36232 6795
58315 5808
36232 6363
36232 6410
58315 5046
11662 6522
11662 6498
11662 6928
15304 5183
11662 6514
11662 6874
11662 6622
15304 3944
11662 6488
11662 6393
11662 6840
11662 6260
15304 4216
11662 622
15304 3836
11662 6365
36232 6621
36232 6899
11662 6519
36232 6524
11662 6531
11662 6432
11662 6539
11662 6872
58315 5298
15304 5468
11662 6372
11662 1897
11662 6443
11662 6571
11662 6516
11662 6725
11662 5896
11662 6518
11662 6435
15304 3779
36232 6389
36232 6416
36232 6548
36232 6496
60809 6635
60809 6378
60809 6401
60809 7126
58315 5411
23498 4120
60809 6847
60809 6542
60809 6461
60809 6426
60809 6503
60809 6429
60809 6815
60809 6444
23498 4911
11662 6876
11662 8043
11662 6500
60809 6424
60809 6396
60809 3982
15304 3740
23498 3617
11662 6422
11662 6726
11662 6243
15304 3791
36232 6404
36232 6894
58315 5046
36232 6974
58315 4941
36232 6514
36232 7063
58315 5486
36232 6390
36232 6613
36232 6455
58315 4853
36232 6597
36232 6487
36232 6713
36232 7101
58315 4931
36232 6390
36232 6802
58315 5218
59160 3647
59160 5549
36232 6803
58315 5035
36232 6403
36232 7140
36232 6440
36232 6359
36232 7042
58315 5109
36232 6988
58315 5051
36232 6492
36232 6390
36232 6384
36232 6516
36232 6417
58315 4841
36232 6430
58315 4337
36232 6407
36232 6840
36232 6866
58315 5262
36232 6878
58315 5019
36232 6652
36232 7187
58315 5334
36232 6683
36232 6368
58315 5324
36232 6403
36232 8008
58315 6346
36232 6699
36232 6392
36232 7004
58315 4922
36232 6819
58315 5210
36232 6395
36232 6525
36232 6876
58315 6613
36232 7042
58315 5301
36232 6448
36232 6702
58315 5247
36232 6365
36232 6394
58315 6168
36232 6530
36232 6506
58315 6327
36232 6502
36232 6432
58315 6088
36232 6476
36232 6540
58315 4896
36232 6384
36232 8360
58315 6379
36232 7718
58315 6311
36232 6519
36232 6518
58315 3809
36232 6421
36232 6509
58315 6377
36232 6401
36232 6388
36232 6635
36232 6853
36232 6520
36232 6740
58315 5268
36232 6409
36232 6421
58315 5173
36232 6360
36232 6999
58315 5101
36232 7231
58315 5526
36232 6400
36232 7180
58315 5226
36232 6684
36232 6418
58315 5111
36232 6513
36232 6402
58315 4889
36232 7369
36232 6384
36232 6368
58315 5139
36232 6708
58315 5537
36232 6473
36232 6357
36232 6428
58315 5136
56755 3798
56755 1688
4315 3665
4315 3660
36232 6478
58315 6250
36232 6423
36232 6404
36232 6551
58315 5029
36232 6729
58315 5113
36232 6340
36232 6820
36232 6371
58315 5995
36232 6411
36232 6384
36232 6433
58315 4712
36232 7772
36232 6518
36232 6520
58315 6382
36232 7378
58315 5080
36232 6381
36232 6522
58315 6281
36232 6483
36232 6432
58315 6129
36232 6365
36232 6415
36232 6460
36232 6417
36232 6391
36232 6419
58315 4110
36232 6676
36232 6835
36232 6560
36232 6399
36232 6370
58315 6077
36232 6485
58315 6238
36232 6637
36232 6892
58315 5102
36232 6361
36232 6418
58315 3896
36232 7486
36232 7142
58315 5243
36232 6730
36232 7015
36232 7049
58315 5098
36232 7089
58315 5163
36232 6737
36232 6720
58315 4216
36232 6570
36232 7077
58315 5223
36232 6393
36232 6423
36232 6807
58315 5011
36232 7188
58315 5304
36232 6883
36232 7372
58315 5638
36232 6536
36232 6424
58315 5391
36232 6538
36232 6588
36232 6551
36232 6764
36232 8615
58315 6930
44995 6305
36232 6613
58315 4090
36232 6612
36232 6497
36232 8126
58315 6407
36232 7169
58315 5268
36232 6733
36232 6791
58315 5203
36232 6977
36232 7015
36232 6602
36232 6624
58315 3778
36232 6419
36232 7289
58315 5615
36232 6561
36232 6659
58315 4510
36232 6559
36232 7118
58315 5708
36232 6556
36232 6741
36232 6814
58315 4987
36232 8355
36232 6510
36232 6408
36232 6771
36232 6541
58315 6092
36232 6564
36232 6690
36232 6779
36232 6766
58315 5189
36232 6420
36232 6841
36232 7017
58315 5290
36232 6535
58315 4464
36232 6417
36232 7286
58315 4975
36232 6753
36232 6579
36232 6761
36232 6465
36232 6564
36232 6942
58315 5419
36232 6358
36232 6477
36232 6500
36232 6867
58315 5561
36232 8334
36232 6624
36232 6307
58315 4341
56755 3764
59160 6245
31868 3987
2173 3900
44995 3751
59536 3951
31868 4910
31868 6374
55442 3798
2173 4627
2173 6787
55442 8394
55442 6385
55442 6198
2173 4952
59536 7308
59536 6448
59536 6807
31868 5231
2173 6134
31868 3914
55442 3621
55442 4817
2173 7017
59536 5105
59536 3813
17687 3602
31868 4180
55442 5227
1775 6402
33515 3905
2811 3829
44995 4697
44995 5103
44995 3769
44995 3691
23498 6066
31868 6521
55442 6423
55442 6649
2173 5066
55442 6553
55442 6397
55442 6533
55442 6389
55442 6482
55442 6608
55442 6384
55442 6497
55442 6416
55442 6447
55442 6391
55442 6865
2173 4255
60809 6450
60809 6397
60809 6560
60809 6526
60809 6414
60809 5974
23498 5587
59160 5488
59160 3805
59160 3756
44995 3801
59160 6159
22246 3992
11444 3646
37542 3928
39958 3652
54867 3729
54867 6199
39958 3952
58974 3776
33515 4839
33515 5931
55442 6597
55442 7037
2173 4916
55442 6414
55442 6961
2173 4943
59536 3860
55442 6405
55442 6641
2173 5483
55442 6407
55442 6787
2173 5194
55442 6370
55442 6471
55442 8300
55442 6621
55442 6833
2173 6623
55442 6539
55442 6536
2173 5058
55442 6376
44995 4856
1775 4964
59536 6428
59536 6500
59536 422
31868 4980
39958 3817
2811 3743
2173 3712
39958 6616
39958 6842
2811 4979
39958 3774
38748 3739
22246 3904
22246 7145
14437 3829
55442 6930
55442 6962
55442 6560
55442 6879
2173 4830
55442 6577
55442 8129
55442 6257
2173 3884
58974 4969
58974 3719
33515 3621
2811 3623
33515 3811
33515 6326
38748 7385
38748 6494
38748 3887
22246 3743
22246 6285
59160 3780
63330 4976
58209 3662
58974 701
38748 4067
38748 3673
22246 6485
44995 4017
55781 3901
63330 3633
63330 7039
10720 3758
58209 3629
58209 6917
38748 3754
58974 6516
58974 6461
58974 8243
58974 6790
33515 5020
38748 6381
38748 3657
22246 3905
55781 7718
55781 6435
55781 6406
55781 6802
55781 6288
63330 3749
63330 3957
10720 7188
10720 6748
58209 5405
10720 6498
10720 6398
10720 5321
58209 3687
58209 6323
58974 6505
58974 6877
33515 5296
58974 6382
58974 930
33515 3625
55781 4614
55781 5201
63330 6430
10720 5352
10720 5347
58209 3619
55781 3630
55781 6537
161 3653
63330 4772
17044 3666
7154 5630
60224 3629
49886 4123
58209 7079
23392 5072
42849 4096
54112 3697
12129 3757
63330 6384
34420 4911
10720 3699
59874 3624
54112 3599
54112 7011
55776 3667
42849 3661
42849 6827
10720 2116
58209 3795
55781 3746
18913 3825
23392 3633
23392 6794
55781 2560
63330 3689
31203 3933
12129 3790
12129 7110
59874 3796
59874 4569
59874 3867
54112 3608
54112 6003
54112 6395
55776 4383
55776 3718
42849 4055
42849 3650
42849 6790
18913 4483
18913 3748
23392 3727
23392 3657
23392 6415
31203 6007
31203 6040
12129 3260
12129 6563
59874 2561
55776 1340
59874 285
54112 4405
55776 6452
55776 3622
42849 4220
18913 3612
18913 3594
31203 1611
18913 529
23392 3606
31203 615
12129 3660
2811 6145
2811 3747
2811 4838
2811 5057
39958 3618
39958 1080
39958 3612
39958 6453
39958 6295
39958 6345
2811 4859
39958 6830
2811 5147
39958 6324
39958 4778
2811 4941
39958 6351
39958 7476
2811 4402
34209 3599
58209 6430
63330 6532
54112 6342
42849 6508
10720 4967
57120 3783
10720 6311
10720 3728
58209 3613
55781 4640
59874 4953
55776 3722
55781 6238
55781 3670
63330 3585
59874 1556
54112 3704
55776 6279
55776 3667
42849 3674
39958 6374
39958 6668
39958 3698
2811 3640
39958 6806
2811 5407
39958 6302
39958 6869
39958 7948
2811 6709
39958 6353
39958 6485
39958 6423
2811 4011
39958 6815
39958 6547
39958 6716
2811 5043
39958 6366
2811 4838
39958 3780
39958 6328
39958 6313
2811 4884
39958 6354
39958 6900
2811 5052
39958 6524
2811 5055
39958 6502
39958 6494
2811 5120
39958 6411
39958 6942
2811 5229
39958 6425
2811 6082
39958 6404
39958 7721
2811 6265
39958 5707
39958 3677
39958 3621
2811 3683
39958 4703
2811 4890
39958 6322
39958 6298
2811 4866
39958 6292
39958 6395
39958 6324
2811 6023
39958 6376
39958 6410
39958 6465
2811 6068
39958 6428
39958 6453
39958 6680
2811 3772
39958 6722
39958 6230
2811 4942
39958 3701
2811 3763
39958 7445
39958 6780
2811 4903
39958 6406
39958 6698
2811 4259
39958 7226
39958 6374
39958 3898
2811 3606
39958 3716
2811 3600
38561 4081
58145 4823
16045 4964
59071 3910
14210 3607
4936 3879
58315 3837
36232 6390
36232 6831
58315 4896
36232 6418
36232 6845
36232 6432
36232 6410
36232 6488
36232 6768
36232 6371
36232 6877
58315 6518
36232 6384
36232 6373
36232 6522
36232 6358
36232 6417
58315 6248
36232 6513
58315 6347
36232 7239
36232 6420
58315 5210
36232 6954
36232 6837
36232 6379
36232 6716
36232 6539
36232 6412
36232 6490
36232 6615
36232 6900
58315 5235
36232 3392
58315 3622
58315 6228
58315 3718
58315 3694
58315 6031
58315 4087
36232 6884
58315 5175
36232 6423
36232 6856
36232 6486
36232 6408
36232 6362
36232 6930
58315 4969
36232 8023
36232 6487
36232 6890
36232 6604
36232 6370
36232 6679
36232 7306
36232 6983
58315 5231
36232 6921
36232 6483
36232 6918
58315 5091
36232 6594
36232 6395
36232 6368
36232 6485
36232 8937
36232 6781
36232 6551
36232 6951
58315 4956
36232 6434
36232 6432
36232 6391
36232 4168
58315 3709
36232 6395
36232 7059
58315 5460
36232 6577
36232 7755
36232 6366
36232 6856
58315 6188
36232 6434
36232 6415
36232 6416
36232 6644
36232 6508
36232 6432
36232 6846
36232 6633
36232 6752
58315 5129
36232 6399
36232 6613
36232 6610
58315 4225
36232 6502
36232 6575
36232 6344
36232 6374
36232 6381
36232 6553
36232 6417
36232 7095
58315 5347
36232 6557
36232 6520
36232 6518
36232 6953
36232 6829
36232 8002
36232 6346
36232 7698
58315 5538
36232 6440
36232 6417
36232 6543
36232 6489
36232 6676
36232 6563
36232 6611
36232 6518
58315 5300
36232 6419
36232 6413
36232 6477
36232 6535
36232 6461
36232 6423
36232 6625
36232 7052
58315 5177
36232 6587
36232 6660
36232 6421
36232 6379
36232 6389
36232 6504
36232 6381
36232 6928
58315 5195
36232 7890
36232 6627
36232 6389
36232 6536
36232 6646
36232 6544
36232 6689
36232 6525
58315 5227
36232 6411
36232 6365
36232 6582
36232 6441
36232 6385
36232 6515
36232 6505
36232 6478
58315 5174
36232 6539
36232 6854
36232 6415
36232 6390
36232 6710
36232 6752
36232 6841
58315 5129
36232 6501
36232 6440
58315 3737
36232 7881
36232 6403
36232 7849
36232 6443
36232 6540
36232 6617
36232 6797
36232 6492
36232 6433
58315 6226
36232 6368
36232 6360
36232 6507
36232 6462
36232 6443
36232 6374
36232 6962
58315 5051
36232 6447
36232 6699
36232 6582
36232 6383
36232 6687
36232 6662
36232 6395
36232 6616
58315 5477
36232 6414
58315 6273
41567 425
32248 760
41567 3716
2811 5007
39958 6446
39958 6378
39958 6829
2811 5082
39958 6465
39958 6196
39958 6557
2811 5136
39958 3732
35863 3647
58315 4979
2811 3582
36232 6586
36232 6507
36232 6556
36232 6465
36232 6510
36232 7047
58315 5201
36232 6375
36232 6509
36232 6603
58315 5023
36232 6921
36232 6575
36232 7509
36232 6594
58315 5343
36232 6732
58315 5028
36232 6519
36232 7763
58315 6372
36232 6435
36232 7126
36232 6383
58315 6042
36232 6877
36232 6675
36232 6533
36232 6595
36232 6395
58315 4974
36232 6379
36232 6409
58315 5003
36232 6371
36232 6919
36232 5995
58315 3643
27198 3693
27198 3645
27198 6374
19379 2270
19379 119
19379 3755
19379 6079
27198 4898
19379 3804
19379 4949
19379 4990
27198 3759
27198 4808
19379 3750
42001 3932
19270 3739
49876 3766
24004 947
44284 3808
44284 3620
24004 3730
14272 3709
14272 3690
17635 766
14272 3669
5927 517
39390 3759
58315 3708
58315 3720
58315 4891
36232 5102
36232 6698
36232 6404
36232 6381
58315 5104
36232 6385
58315 6152
36232 6409
36232 6377
36232 6391
36232 6424
58315 6030
36232 7513
36232 6711
36232 6434
36232 6594
58315 5134
36232 6805
36232 6440
36232 7094
58315 4946
36232 6815
36232 6881
36232 6404
58315 4884
36232 6786
58315 5062
36232 6354
36232 6374
36232 6524
36232 6529
36232 6416
36232 6387
36232 6650
36232 6395
36232 6617
58315 5308
36232 6419
36232 6359
36232 6386
36232 6543
36232 6387
36232 7183
36232 6381
36232 6536
36232 6405
58315 6197
36232 6449
36232 6557
36232 6409
36232 6433
36232 6414
36232 6439
36232 6568
36232 6396
36232 6378
58315 4848
36232 6389
36232 6593
36232 6822
36232 6422
36232 6517
36232 6499
36232 6355
36232 6494
58315 5211
36232 6378
36232 6617
36232 6356
36232 6445
36232 6560
36232 6434
36232 6869
36232 7082
58315 5334
36232 7107
36232 6827
36232 6471
36232 6711
36232 4840
58315 3793
2811 6106
2811 6718
39958 5205
39958 6308
39958 6262
2811 5044
39958 6328
39958 6995
2811 5026
39958 6347
39958 7092
2811 5116
39958 6559
39958 6185
2811 3630
39958 6400
39958 6382
39958 6472
2811 6193
39958 6523
2811 5100
39958 6863
39958 6846
2811 5093
39958 3951
2811 4325
2811 6049
2811 5125
39390 1126
44995 5024
44995 4148
39958 3638
39958 4234
59160 4701
44995 4992
44995 3725
59160 3624
2811 3584
59160 6231
44995 3620
62115 3966
3746 3801
7694 3682
62115 3617
36367 3676
3746 4931
62115 6038
3746 6996
7694 5812
36367 4747
7694 8942
36367 7195
36367 6598
36367 7772
36367 6238
7694 7560
7694 6348
7694 6343
3746 5045
62115 3788
62115 4677
3746 5196
7694 3768
39958 6359
39958 3923
2811 3643
36367 6148
5927 3638
39390 3673
3746 3670
62115 3587
59160 6640
44995 4881
62115 6191
7694 4785
7694 1985
62115 3611
62115 137
44995 3649
44995 4723
7694 3695
62115 5033
21077 3616
21077 3602
39422 3672
39422 4229
59160 3779
59160 3667
59160 6120
44995 3798
39187 3804
21077 3725
8075 3686
39187 3612
39187 21061
8075 16699
8075 8857
8075 6490
8075 6810
8075 6206
39187 4915
39187 3705
39187 6231
8075 3629
8075 6192
8075 6650
8075 6501
8075 6465
8075 6378
8075 6379
8075 6406
8075 7566
8075 6468
8075 6809
39187 4968
8075 6401
8075 6427
8075 7565
39187 5991
8075 6583
8075 6388
8075 6746
39187 5158
8075 6912
8075 6404
8075 6391
8075 6808
39187 5205
8075 6434
8075 6254
39187 4789
44995 3649
44995 3725
44995 4654
44995 5210
44995 3695
44995 3834
59160 3630
59160 4679
59160 4882
59160 3655
44995 3660
59160 4933
59160 5022
44995 4009
59160 3819
59160 6124
44995 3610
3096 4260
35358 4206
21779 3751
44995 3683
44995 6220
44995 3700
44995 3807
44995 3671
44995 6181
64763 3859
35358 3643
35358 6912
49626 3711
3096 3629
3096 6877
20360 3693
21779 3718
21779 6982
59160 3598
59160 3812
59160 3761
59160 4815
44995 5226
59160 3708
59160 3635
59160 3707
44995 3614
44995 4640
44995 5178
64763 3603
64763 7432
64763 6444
64763 6348
35358 6110
35358 5663
49626 3633
49626 7395
49626 6502
49626 6866
49626 7765
3096 6499
20360 4801
20360 7471
20360 6463
20360 6871
20360 6302
21779 3616
3096 3710
59160 3587
59160 3643
21779 3686
59160 6243
44995 3633
59160 6101
44995 3640
44995 3906
34582 3808
59160 6568
64763 3812
64763 4685
35358 4967
59112 3692
34582 3778
34582 6906
49626 3787
20360 6691
59160 3748
59160 3695
44995 3660
59160 5152
45613 5156
59112 3590
59112 7912
59112 6553
59112 6357
34582 6173
31920 4254
45613 3643
45613 7030
34582 4669
31920 4946
31920 7410
31920 6374
31920 6387
31920 6782
45613 5127
45613 5199
3096 3600
21779 3608
59112 5174
59112 5102
34582 3765
44995 3626
31920 4746
20012 5303
2604 5482
63021 3721
33324 4428
44995 3634
44995 7933
60593 5184
20012 3600
7345 3704
2604 3789
36016 3646
63021 3568
2604 6997
20012 6899
63021 6337
48306 3856
33324 3681
33324 6491
45613 3610
59160 3634
59160 3646
59160 7096
44995 4892
28945 3818
7345 3740
36016 3566
60593 3596
7345 7707
7345 6418
7345 6537
7345 6654
2604 5060
48306 3595
36016 7809
36016 6576
36016 7094
36016 6909
63021 4960
60593 7397
60593 6337
60593 6380
60593 6179
20012 5146
2604 3693
48306 7362
48306 6393
48306 6405
48306 6198
33324 5017
63021 3706
20012 4757
33324 5057
2604 6316
63021 4814
20012 5213
33324 6257
7345 6114
36016 3772
60593 4935
7345 6480
7345 5375
7345 6334
7345 6409
7345 6595
2604 5469
7345 6930
7345 6407
7345 7083
7345 6360
7345 6406
7345 6449
7345 6339
7345 6828
7345 6399
7345 6509
7345 6414
7345 6380
7345 6372
7345 6410
2604 4931
7345 6529
7345 6406
7345 6503
7345 6409
7345 6481
7345 6353
36016 6431
36016 7103
2604 5090
63021 3610
7345 6367
7345 6387
7345 6672
36016 6401
36016 6406
36016 6681
36016 6381
36016 6359
36016 6931
2604 5204
63021 4250
48306 6341
60593 6921
36016 6432
36016 6812
36016 6533
36016 6408
36016 6375
36016 6312
36016 6569
36016 6423
20012 6049
63021 3604
36016 6424
60593 6384
60593 6442
60593 6376
60593 6570
60593 6392
60593 6420
60593 6430
60593 6426
63021 6154
20012 3693
60593 6377
48306 7241
60593 6875
48306 6440
48306 6404
60593 6297
48306 6408
48306 6393
33324 6202
20012 5721
48306 6557
48306 6356
48306 6465
48306 6559
48306 6411
48306 6466
48306 6524
48306 6664
48306 6406
33324 6212
48306 6411
48306 6404
48306 6394
48306 6362
48306 6359
60593 6637
60593 6999
33324 5297
20012 4031
60593 6484
60593 6396
60593 6397
60593 6418
60593 6411
60593 6776
48306 6360
48306 6413
48306 6863
20012 5250
33324 5880
48306 6398
60593 6843
60593 6388
60593 6405
60593 6387
60593 6409
60593 6811
60593 6554
20012 5428
60593 6391
48306 6388
48306 6532
60593 6456
60593 6392
48306 6458
48306 6351
60593 6469
60593 6963
33324 5423
20012 3722
48306 6523
48306 6439
60593 6822
48306 6567
60593 6403
48306 6489
48306 6429
48306 6501
33324 5194
20012 3601
48306 6406
48306 6978
48306 6865
48306 6433
48306 6382
48306 6403
60593 7226
60593 6412
48306 6399
33324 5064
20012 3620
60593 6444
48306 6459
60593 6395
48306 6369
60593 6388
48306 6387
60593 6353
48306 6383
20012 5067
33324 3974
60593 6395
60593 6454
48306 6420
60593 6398
48306 6495
60593 6449
60593 6476
60593 6383
20012 4307
33324 3611
32655 3815
28945 3677
28945 7938
60593 6530
60593 6256
20012 5355
48306 6407
48306 6524
48306 6641
60593 6387
33324 4033
20012 3623
60593 6413
60593 6404
48306 6369
60593 6502
48306 6388
60593 6391
60593 6527
60593 6376
60593 6437
60593 6365
60593 6466
60593 6151
20012 4826
33324 3591
48306 6382
48306 6535
33324 4100
48306 6366
48306 6510
48306 6612
48306 6734
33324 6586
48306 7251
33324 6672
48306 6568
48306 6365
48306 6831
48306 6718
33324 5047
48306 6376
48306 6499
48306 6519
48306 6406
48306 6373
48306 4788
33324 3597
60593 6428
60593 6841
20012 6514
60593 6402
60593 6536
20012 6333
60593 6492
60593 6416
60593 6538
60593 6442
60593 6406
60593 6561
20012 6147
60593 6211
48306 6382
33324 3618
48306 7203
48306 6970
60593 6830
60593 6862
48306 6509
33324 5405
20012 3627
60593 6412
48306 6516
60593 6395
60593 6871
20012 5055
33324 3627
60593 6407
60593 6392
60593 6537
20012 6102
60593 6454
20012 4071
48306 6405
48306 6370
48306 6394
48306 6388
48306 6361
48306 6490
33324 6249
48306 6375
48306 6395
48306 6387
33324 5026
60593 6870
60593 6379
60593 6601
60593 7126
48306 6381
48306 6417
60593 6377
48306 6413
60593 6506
60593 6423
48306 6743
48306 6384
60593 6542
48306 6402
48306 6667
48306 5969
20012 4518
33324 3663
60593 6371
60593 6523
60593 6870
20012 4904
60593 6734
60593 6616
48306 6431
20012 6122
33324 4066
60593 6554
60593 6686
60593 4805
20012 3603
48306 6522
48306 6418
33324 6158
48306 6462
48306 7391
33324 5370
60593 6529
48306 6369
48306 6502
33324 5150
48306 6374
48306 6541
48306 6412
33324 6122
48306 6535
33324 6337
48306 6367
48306 6632
48306 6383
48306 6388
33324 4883
48306 6400
48306 6450
48306 6354
48306 6478
48306 6411
33324 4851
32655 3689
48306 6429
33324 4206
48306 6513
48306 6496
48306 5026
33324 3615
60593 6377
60593 6457
20012 6294
60593 7217
60593 6424
60593 6496
20012 4828
60593 6529
60593 1375
20012 3630
48306 7041
33324 5297
48306 6377
48306 6374
48306 6394
48306 6434
48306 7079
33324 5087
48306 6403
33324 6234
48306 6442
48306 6459
48306 6384
33324 4889
48306 6396
48306 6416
33324 4834
32655 7925
32655 6372
32655 6399
32655 6184
28945 5160
48306 6416
33324 6108
48306 6967
48306 6542
48306 6395
33324 6019
48306 6559
48306 6423
33324 6248
48306 6359
48306 6373
48306 6391
48306 6463
33324 6275
28945 5092
28945 6163
32655 3623
32655 4882
32655 6802
28945 4914
60593 4066
20012 3726
48306 3818
33324 3600
20012 3640
33324 4594
44995 5020
44995 4186
60593 6374
60593 6377
60593 6411
60593 6359
20012 4884
60593 6915
60593 6897
60593 6404
60593 6388
60593 6546
60593 6822
60593 6908
48306 5115
20012 3624
48306 6488
48306 6828
48306 6515
48306 6406
48306 6364
48306 6353
60593 6517
60593 6367
60593 6359
60593 6408
60593 6529
60593 6378
60593 6626
60593 6430
60593 7029
33324 5101
20012 3639
60593 6408
60593 6388
48306 6421
48306 6774
48306 6424
48306 7073
48306 6407
20012 5233
33324 3768
48306 6373
60593 6402
60593 6388
60593 6716
60593 6437
60593 6426
60593 6456
60593 6612
20012 5153
60593 6535
60593 6385
60593 6395
60593 6503
48306 6377
48306 6454
48306 6360
48306 6379
48306 6782
20012 5179
33324 3617
48306 6692
60593 6501
60593 6390
60593 6556
60593 6374
60593 6510
60593 6370
60593 7030
20012 5083
60593 7486
60593 6382
60593 6376
60593 6722
48306 6549
48306 6396
48306 6476
48306 6813
20012 5351
33324 3646
48306 6433
48306 6382
48306 6487
48306 6407
48306 6432
48306 6507
48306 6419
48306 6400
33324 6110
48306 6540
48306 6362
48306 6424
48306 6377
48306 6399
48306 6411
48306 6948
33324 5166
48306 6388
48306 6359
48306 6480
48306 6401
48306 6981
48306 6393
48306 6380
48306 6744
33324 2417
48306 6415
48306 6401
48306 6422
48306 6371
48306 6361
48306 6380
48306 6391
48306 6376
33324 6101
48306 6501
48306 6417
48306 6478
48306 6483
48306 6511
48306 6393
48306 6480
48306 6920
33324 5192
48306 6570
48306 6419
48306 6610
48306 7428
48306 6380
48306 6426
48306 6406
48306 7711
33324 5793
48306 6411
48306 6425
48306 6379
48306 6356
48306 6392
48306 6378
48306 6402
48306 6845
33324 6464
48306 6399
48306 6482
48306 6808
48306 6485
48306 6879
33324 5268
60593 6860
20012 6692
60593 6392
60593 6403
60593 6557
20012 6355
48306 6388
33324 6197
48306 6411
60593 6379
60593 6412
20012 6115
48306 6533
60593 6426
48306 6446
60593 7050
48306 5135
60593 6551
60593 6390
33324 4832
20012 3579
60593 5077
20012 3631
60593 6457
20012 6248
60593 6368
60593 6398
48306 6409
20012 3617
48306 6403
60593 6395
48306 6402
60593 6362
48306 6482
48306 6407
60593 6413
60593 6369
48306 6476
33324 5838
20012 5414
60593 6841
60593 6835
20012 6622
60593 6398
60593 6465
20012 6117
60593 7141
60593 6405
48306 6384
48306 6853
20012 5212
33324 3666
60593 6394
48306 6400
60593 7027
20012 5138
48306 6686
60593 6843
48306 6525
48306 6486
60593 6420
60593 6407
60593 6411
33324 5199
20012 3624
60593 6811
60593 6392
60593 6451
20012 6253
60593 6422
20012 6315
60593 6828
20012 6595
60593 6387
60593 6546
20012 6352
60593 6846
60593 6980
60593 7059
59160 5340
59160 4316
20012 4918
60593 6402
20012 5087
60593 6494
60593 6411
20012 6195
48306 6415
48306 6705
33324 5040
60593 6406
60593 6555
48306 6360
48306 6428
60593 6435
60593 6393
48306 6394
48306 6635
20012 5767
33324 4987
59160 6267
60593 3843
48306 6397
48306 6364
48306 6392
48306 6426
44995 6109
20012 3658
33324 4054
65089 3824
48306 6534
48306 7155
33324 5367
48306 6552
48306 6433
48306 6451
48306 6399
48306 6805
33324 5077
48306 6524
33324 6282
48306 6376
48306 6399
33324 4824
48306 6388
48306 6789
48306 6535
33324 6174
48306 6821
33324 5005
48306 6371
48306 6471
48306 6525
33324 5167
48306 6535
48306 7001
33324 5243
48306 6891
33324 3626
48306 6421
48306 7306
33324 5999
60593 6436
60593 6800
20012 5209
60593 6509
60593 6537
60593 249
20012 3752
60593 5212
20012 3640
60593 6371
60593 6399
20012 5367
60593 6553
60593 6427
60593 6350
60593 6805
20012 5104
60593 6472
60593 6387
20012 2276
60593 6371
60593 6434
20012 4937
60593 6429
60593 6377
60593 6299
20012 5138
33324 1172
48306 6492
48306 6420
48306 6533
33324 6196
48306 6371
48306 6413
48306 6792
33324 6508
48306 6446
48306 6423
33324 5434
48306 6426
48306 6411
48306 6180
33324 5248
48306 6497
33324 5037
48306 6396
48306 6494
48306 6397
48306 6538
48306 6988
33324 4929
48306 6531
33324 6339
48306 6379
48306 6479
48306 6820
48306 6390
48306 6334
33324 6133
48306 6930
48306 6400
33324 5266
48306 6464
48306 6408
48306 6410
48306 6405
33324 6037
48306 6392
33324 5337
48306 6537
48306 6531
48306 6934
33324 5140
48306 6380
48306 6401
33324 4913
48306 6384
33324 4881
48306 6413
48306 6592
33324 5116
48306 6731
48306 6439
33324 6265
48306 6387
33324 5802
48306 6524
48306 6503
33324 6336
48306 6953
48306 6385
48306 6861
33324 5188
48306 6780
33324 5746
48306 6475
48306 6404
33324 5031
48306 6407
48306 6517
48306 6567
33324 6092
48306 6597
33324 4061
48306 6486
48306 6576
33324 5398
48306 6568
48306 6816
33324 4936
48306 6360
48306 6698
33324 6397
48306 6533
48306 6400
48306 6675
33324 5056
48306 6362
33324 4871
48306 6348
48306 6405
48306 6843
33324 6427
48306 6481
48306 6473
33324 4879
48306 6833
33324 5175
48306 6397
48306 6392
48306 6462
33324 6198
48306 6537
48306 7284
33324 5406
48306 6839
33324 5230
48306 6833
48306 6403
33324 6257
48306 6379
48306 6388
48306 6836
33324 6587
48306 6373
48306 7350
33324 5767
48306 6532
33324 4837
48306 6378
48306 6544
48306 6372
33324 3637
48306 7426
33324 5506
48306 6590
48306 6485
33324 5070
48306 6389
48306 6396
48306 6850
33324 6608
33324 3518
29167 4241
65089 4015
65089 7175
20012 6671
60593 6455
60593 6504
20012 5039
60593 6419
60593 6837
60593 6479
60593 6351
60593 6455
60593 6594
60593 6430
20012 6155
60593 6339
60593 6572
60593 6413
60593 6385
20012 6159
60593 7246
20012 5671
60593 6501
60593 6676
20012 5153
60593 6420
60593 6956
20012 5124
60593 6560
60593 6533
60593 6677
20012 5158
29167 3712
29167 7330
29167 6410
29167 6384
29167 6871
65089 5197
65089 4759
65089 5001
65089 6412
65089 5407
27525 3599
29167 6121
29167 3668
65089 3702
65089 3853
29167 3610
29167 6056
31840 3610
65089 3604
33603 3997
33281 4173
62482 3650
29167 4083
36432 3760
51755 4198
36432 4587
36432 7155
51755 3903
51755 7398
51755 6555
51755 6468
36432 6156
51755 6379
36432 5017
36432 3720
1053 4756
29080 5094
29080 3643
24676 330
51755 3650
36432 6251
63958 3949
51755 6327
36432 3649
20514 3637
57622 3685
36432 3786
58619 3857
63958 3675
63958 6919
29080 4239
49031 4143
57622 3637
57622 7411
49031 4274
49031 7103
49031 6387
49031 6397
49031 6212
57622 6050
57622 6041
57622 4883
49031 5125
49031 6285
57622 3594
57622 6324
57622 6380
51755 3743
58619 3671
58619 7769
58619 6450
58619 6327
63958 5379
48334 4979
20514 3585
58619 6353
63958 4872
63958 3800
49031 3623
36432 3768
58619 4775
63958 6395
7957 6192
49031 7836
49031 6270
57622 5186
58619 4726
63958 5769
57374 4515
44995 3622
44995 3823
45613 6134
20012 6175
33324 6189
26871 5220
8746 3792
57622 6353
56875 5155
39467 4986
63021 4822
39187 6219
35358 3817
35358 3650
35358 4884
35358 5029
35358 3664
35358 3770
35358 6031
63958 3678
63958 3655
63958 3645
63958 3680
31920 6485
31920 6960
45613 5053
60593 7027
60593 6461
20012 6170
60593 6377
60593 6372
20012 6079
60593 6384
60593 6874
60593 6369
60593 6391
60593 6448
60593 6830
60593 6389
60593 6375
60593 6800
60593 6456
20012 6191
48306 6406
48306 6370
33324 6118
48306 6664
48306 6396
48306 6392
33324 6052
48306 6334
48306 6407
48306 6908
48306 6469
48306 7303
48306 6453
48306 6784
33324 5730
60593 9465
60593 6410
60593 6377
60593 6374
60593 6404
60593 6516
60593 6380
60593 6398
48306 6351
48306 6447
20012 6035
33324 3629
48306 6413
48306 6561
48306 6126
60593 6803
60593 6405
60593 6411
60593 6435
60593 6658
33324 5057
20012 3679
60593 6390
60593 4836
20012 4876
48312 3786
8746 3612
8746 7207
49864 3702
56505 3647
39467 3900
11449 5158
56875 5062
39467 6446
56875 6374
36016 6822
36016 6297
63021 4066
64763 4099
64763 3617
64763 1180
59160 3693
59160 3656
64763 6489
64763 3071
35358 3593
59160 6524
44995 5107
64763 6389
64763 6716
35358 6422
64763 6427
64763 6851
64763 6824
64763 6404
64763 6788
35358 5197
64763 6392
64763 6962
35358 6383
64763 6450
64763 4259
35358 3756
35358 3625
64763 6375
64763 6635
64763 1208
35358 4939
64763 6405
64763 6398
64763 1273
35358 4634
64763 6422
64763 6482
64763 2621
35358 3659
48312 4690
48312 6377
56505 3681
56505 4675
11449 3594
8746 4802
11449 5987
22502 3829
39467 3635
56875 3777
8746 6198
39467 6319
56875 6178
65089 6223
65089 7399
65089 6637
65089 6366
8075 6447
8075 6375
39187 6195
8075 6383
8075 6436
39187 6202
8075 6363
8075 7120
39187 5133
8075 6400
8075 6385
39187 6242
8075 6450
8075 6414
39187 5386
8075 6392
8075 7068
39187 5332
8075 6818
8075 6426
39187 6227
8075 6480
8075 6953
39187 5801
8075 6392
8075 6402
39187 5990
8075 6370
8075 6494
39187 6344
8075 7066
8075 7305
39187 5371
8075 7048
8075 6517
39187 5029
56505 3627
56505 6452
8075 6394
8075 6433
48312 6221
39187 3628
11449 3612
48312 6390
48312 6134
8746 3600
11449 6338
11449 6507
11449 4836
56875 3723
44995 5014
44995 3724
8075 6390
8075 6439
39187 6077
8075 6448
8075 6999
39187 4982
8075 6380
8075 7116
39187 4985
8075 7048
8075 6768
39187 4893
8075 6572
8075 6532
39187 6270
49031 4085
8075 6398
8075 6702
39187 5035
8075 6512
8075 6335
39187 3870
64763 3615
58619 4608
58619 5038
59160 3617
59160 3690
59160 4841
44995 5072
58619 4216
63958 3623
49031 3041
57622 3701
39467 3746
29167 3597
65089 6956
29167 5226
65089 6363
29167 3759
65089 7531
2067 5901
29167 4374
65089 7035
29167 5409
29167 3745
29167 3656
29167 3619
29167 3629
29167 3758
65089 6440
62476 4998
29167 3724
29167 3602
29167 3667
29167 3641
29167 3722
65089 4606
14901 4952
37916 3826
41971 3975
35358 3676
2604 6155
35358 3858
35358 4769
35358 5053
44995 3830
44995 4178
64763 3595
7345 6367
7345 6360
7345 6431
2604 6261
7345 6470
7345 7225
7345 6355
7345 6385
7345 6396
2604 6218
7345 6416
7345 6389
7345 6383
2604 4880
7345 6802
7345 6440
7345 6375
7345 6452
7345 6391
7345 6373
7345 6906
2604 5096
7345 6406
7345 6388
7345 6671
7345 6898
64763 334
64763 40
2604 4620
64763 6386
64763 6470
64763 6849
64763 342
35358 3609
64763 6577
35358 5111
64763 7033
64763 6379
64763 6439
64763 6398
35358 6096
64763 6526
64763 3897
64763 3642
35358 3619
64763 6870
64763 6415
64763 6388
64763 6373
64763 820
35358 3632
59160 3615
59160 3585
59160 6118
44995 3722
42794 3645
65089 6266
65089 6339
13005 4387
29167 1083
52918 3766
42752 3580
65089 3677
56335 3905
48122 4376
33324 6146
63021 4839
51752 5152
56875 4877
26920 6201
8746 3804
44995 3694
44995 6027
20012 6115
48306 6398
48306 6376
48306 6372
33324 6171
36016 6373
48306 6393
48306 6388
48306 6387
48306 6404
48306 6348
48306 6384
48306 6336
33324 5639
36016 6743
36016 6377
48306 6433
48306 6879
33324 5194
63021 3594
36016 6381
36016 6401
63021 5312
48306 7303
48306 6962
33324 5103
56508 3956
51752 3621
48306 6364
48306 6379
48306 6833
48306 6503
33324 5042
51752 7336
48306 6417
48306 6406
48306 6533
33324 6249
11449 6380
11449 6384
11449 6390
56875 6185
11449 6372
11449 6392
11449 6439
11449 6369
11449 6493
56875 6052
11449 6391
11449 6424
11449 6390
11449 6459
11449 6422
11449 6441
11449 7244
11449 6358
56875 3679
11449 6521
11449 6361
56875 5226
48312 6452
48312 6869
8746 5228
48312 6858
48312 6372
48312 6412
48312 6430
8746 6133
48312 6417
48312 6625
8746 4931
48312 6419
48312 6600
48312 6502
48312 6444
48312 6431
8746 6260
48312 6385
48312 6714
48312 6675
8746 4913
60593 6814
60593 6837
20012 5189
60593 6428
60593 6596
20012 5029
60593 6869
60593 7169
60593 6384
60593 6442
20012 3664
60593 6752
60593 6418
20012 6085
60593 6403
60593 6685
20012 4924
60593 6389
60593 6718
60593 6509
20012 6256
60593 6815
60593 6940
20012 5189
60593 6772
20012 5172
60593 6645
60593 6525
20012 4982
60593 6419
60593 6666
20012 5088
60593 6423
60593 6498
60593 6406
20012 6286
60593 6481
20012 6268
60593 7054
60593 6635
20012 4940
60593 6371
60593 6423
20012 6103
60593 6386
60593 6377
60593 6512
20012 6104
60593 6680
60593 6420
60593 6966
20012 5218
60593 6485
60593 6512
60593 6386
20012 4857
60593 6393
60593 6471
20012 6182
60593 6491
60593 6467
60593 6940
20012 5201
60593 6427
60593 3769
20012 3689
56508 3630
59160 5607
56508 6149
59160 4556
44995 3643
51752 4693
51886 5073
37116 3734
37116 6325
51285 3915
51886 3623
51886 6905
26920 3662
51285 3675
51285 6928
56508 3623
51886 3658
51886 3786
51886 6115
39467 4941
56505 6377
56505 6388
39467 5417
56505 6354
56505 6362
56505 6417
56505 6423
39467 6120
56505 6833
56505 6388
56505 6816
56505 6389
56505 6407
56505 6374
39467 6044
56505 6844
56505 6392
39467 6264
56505 6349
56505 6393
56505 6847
39467 4949
56505 6551
56505 6468
56505 6378
56505 6853
39467 6452
56505 6437
56505 6373
56505 6761
56505 6470
56505 6749
39467 4937
56505 6424
56505 6368
56505 6618
39467 5033
56505 6441
56505 6409
56505 6392
56505 7030
56505 6381
51285 6197
39467 6072
51285 6239
51285 6521
51886 5019
51285 4201
51886 3610
56505 7033
39467 5023
56505 6381
56505 6372
56505 6648
39467 5881
56505 6835
39467 5061
51886 3626
51886 3704
56505 6495
56505 6368
56505 6412
56505 6400
39467 6110
56505 6557
56505 3684
39467 3614
56505 6357
56505 6730
56505 7005
39467 5390
56505 6832
39467 5202
56505 6516
56505 6748
56505 6485
39467 4970
56505 6458
56505 6428
56505 6845
39467 6542
56505 6384
56505 6370
56505 6400
39467 6219
56505 6599
39467 5008
56505 6452
56505 6402
56505 6405
56505 6344
39467 6195
56505 6474
56505 6368
56505 6392
56505 3932
39467 3635
56505 6458
56505 6367
56505 6457
56505 7521
39467 6197
56505 6369
56505 6384
56505 6643
39467 5193
56505 6345
56505 6517
56505 6486
56505 6942
39467 5126
56505 7086
56505 6427
56505 6473
56505 6458
56505 6395
56505 6420
56505 6366
39467 6082
56505 6834
56505 6387
56505 6850
39467 5175
56505 6425
39467 6147
56505 6558
56505 6742
39467 4932
57622 6387
51285 4953
56505 6803
56505 6564
56505 6312
39467 6085
56505 6431
39467 6201
56505 6348
56505 6360
56505 6505
39467 6335
56505 6467
56505 6389
56505 6543
39467 5366
56505 7602
56505 6452
56505 6414
56505 6407
39467 6146
49031 3730
49031 6511
49031 6365
49031 6383
49031 6443
49031 2087
57622 3750
56505 4988
39467 3583
56505 3698
39467 3783
4315 3592
44062 3766
49616 3876
44062 3603
44062 7053
49616 5769
49616 7835
49616 6381
49616 6365
49616 6774
44062 5172
44062 3732
44062 6072
44062 4865
49616 5977
49616 4543
44062 3643
49616 6120
56755 3721
4315 3594
44062 3737
57622 6404
57622 6391
65089 6299
65089 6440
65089 6426
65089 6353
65089 6376
65089 7005
49031 1674
49031 3583
49616 4681
29167 4953
29167 3661
29167 3656
29167 3792
29167 3738
65089 3608
29167 3816
29167 6255
65089 3931
49031 962
57622 3718
36432 4764
36432 5542
36432 3689
57622 6284
44995 5021
44995 3726
44995 3633
44995 4787
33324 5228
44995 4828
44995 5038
35358 4114
35358 3680
35358 6168
35358 3789
49031 3629
35358 3700
35358 3745
35358 6200
35358 3839
35358 3688
35358 3702
35358 6005
35358 3752
35358 3775
35358 4874
35358 5074
35358 3844
35358 3730
35358 6894
35358 3691
3096 3730
35358 4216
35358 6115
35358 3827
35358 3749
35358 3692
35358 6043
3096 6196
56875 6170
20012 3973
8746 6196
45613 6228
39467 5067
48306 6388
48306 6572
33324 5459
48306 6397
48306 6749
48306 6478
48306 6382
48306 6457
48306 6730
48306 6624
33324 5016
48306 6407
48306 6366
48306 6686
33324 5069
48306 6374
48306 6399
33324 4711
64763 3777
48306 6382
48306 7032
48306 6400
33324 6114
48306 6419
33324 5288
48306 6390
48306 6478
48306 6233
33324 5171
64763 3606
64763 3722
64763 4606
64763 6370
64763 6678
35358 4551
64763 6848
64763 6492
64763 6379
64763 277
35358 4082
64763 6660
35358 6441
64763 6532
64763 6430
64763 7067
64763 6574
35358 6273
64763 6572
64763 6660
35358 4973
64763 6688
35358 5045
64763 7429
64763 1193
35358 3742
64763 6448
64763 6752
35358 5290
64763 6388
64763 6413
64763 6352
64763 6382
64763 6443
64763 6372
64763 6333
64763 6473
64763 6222
35358 3623
64763 6421
64763 6356
64763 6383
64763 6401
64763 6660
64763 6609
64763 6799
64763 972
64763 3617
35358 3642
64763 3775
64763 6449
35358 6064
64763 8173
64763 6893
64763 6361
64763 6435
64763 6737
64763 6490
64763 6751
35358 6484
64763 6797
64763 6585
64763 6084
64763 3748
64763 6566
64763 6449
35358 3850
59160 3779
59160 4646
59160 4963
59160 3787
44995 6426
11449 6833
11449 6472
56875 4336
11449 6887
11449 6798
11449 7135
11449 6548
56875 5161
11449 6677
11449 6535
11449 6408
11449 8928
11449 6455
11449 6602
11449 6604
56875 6458
11449 6519
11449 7059
56875 5446
11449 6528
11449 6411
56875 6203
59160 5091
60593 6470
60593 6547
20012 6394
60593 6876
60593 6421
60593 6787
20012 5182
60593 6576
60593 6475
60593 6601
60593 7112
20012 5382
59160 5232
48312 5261
60593 6500
60593 6408
60593 5119
60593 6713
60593 6651
60593 6445
60593 9079
60593 6553
44995 5329
20012 3861
35358 3830
35358 4041
35358 6276
60593 6738
60593 6729
60593 6699
60593 6556
60593 6581
60593 21155
60593 6731
60593 6874
60593 6647
35358 5893
20012 4377
35358 3750
31920 6319
60593 6573
60593 6762
60593 6723
60593 7003
60593 6535
60593 6577
60593 6775
20012 3885
60593 6449
56505 7058
56505 6496
56505 6423
56505 10836
60593 6442
60593 6822
60593 6878
20012 5297
39467 4945
49626 5530
60593 6422
60593 7003
60593 6651
60593 6503
60593 7007
60593 6508
60593 6941
60593 6664
60593 6962
20012 5505
3096 3855
60593 7072
60593 6414
60593 6653
60593 6739
60593 6563
60593 6559
60593 6593
60593 7483
20012 6240
60593 6558
60593 6678
60593 6838
60593 6512
60593 6503
60593 9327
60593 6544
60593 6604
20012 5435
60593 7277
60593 6641
60593 6537
60593 6629
51755 3851
64763 6726
64763 6552
60593 6529
60593 6446
20012 5522
36432 5118
35358 3792
60593 6671
60593 6694
60593 6516
60593 6697
60593 6553
60593 6651
64763 6496
64763 6606
20012 5476
35358 5156
64763 6495
64763 6739
64763 8702
64763 6669
64763 6506
64763 6576
64763 8781
64763 6840
35358 4842
64763 3974
64763 6616
60593 6712
60593 6902
60593 6569
60593 6563
60593 6567
60593 6585
60593 7279
35358 5706
20012 3984
60593 6575
64763 6496
64763 6344
64763 6972
64763 6481
64763 6548
64763 6533
64763 7214
20012 6355
35358 5273
64763 6547
64763 6493
64763 6785
64763 6718
64763 6587
64763 3854
60593 6522
60593 6583
60593 10024
35358 8426
20012 4448
60593 6922
51755 4687
60593 6854
60593 6596
60593 6548
60593 6565
60593 6477
60593 6474
60593 6648
20012 5184
64763 6654
64763 6484
64763 6527
64763 6724
64763 6510
64763 6702
64763 6608
60593 6501
64763 6725
35358 6049
20012 5003
64763 7760
51755 3989
35358 3917
36432 3898
60593 6941
60593 6568
60593 6482
60593 6789
60593 8768
60593 6972
60593 6737
20012 5387
60593 6708
64763 6605
64763 6495
64763 6873
64763 7238
64763 6512
64763 6477
64763 6820
20012 5187
35358 3807
64763 7213
64763 6493
64763 6542
64763 6482
64763 6397
60593 6493
60593 6469
60593 6566
60593 7290
35358 5245
20012 3876
60593 6537
60593 6667
60593 6775
60593 6623
60593 6533
60593 6545
60593 6498
60593 9001
20012 6563
60593 6935
60593 6569
60593 6590
60593 6558
60593 6621
60593 6603
60593 6718
60593 6714
59160 6339
20012 4444
39450 4170
60593 6560
60593 6612
60593 6557
60593 6639
60593 6504
60593 7091
60593 6657
60593 7500
20012 5838
60593 6560
60593 6515
60593 6677
64763 5419
60593 6625
60593 7139
60593 6643
60593 6631
60593 6791
60593 7450
20012 5464
60593 9362
60593 6461
60593 6595
60593 6503
60593 6538
60593 6530
60593 6561
60593 6396
20012 5212
60593 6418
60593 6519
60593 6641
60593 6603
60593 6419
60593 6617
60593 6684
60593 6549
20012 5083
60593 6562
60593 6780
60593 6797
60593 6539
60593 6597
60593 6563
60593 6588
60593 6703
20012 5594
60593 6734
60593 6575
60593 6960
60593 6398
60593 6725
60593 9106
60593 6863
60593 6542
20012 5370
60593 6793
60593 6732
60593 6356
60593 6522
60593 6970
60593 6524
60593 7000
60593 6866
60593 7290
20012 5403
60593 6613
64763 6706
64763 7395
60593 6883
60593 6559
60593 6570
60593 6805
60593 6612
35358 5432
20012 3728
60593 6965
60593 6350
64763 6949
64763 6434
64763 6606
64763 6992
64763 6928
64763 9105
20012 6642
35358 6433
64763 6548
64763 6492
64763 6526
64763 6481
64763 6516
64763 6386
64763 6419
64763 6519
64763 6697
35358 5503
64763 6568
64763 6513
64763 6603
64763 6604
64763 6417
64763 6368
64763 6518
64763 6529
64763 6408
35358 5156
64763 3807
49626 4255
64763 6868
64763 6381
64763 6419
64763 6553
64763 6434
64763 6478
64763 6418
64763 6425
35358 4302
64763 8601
64763 6877
64763 6549
64763 6664
64763 6377
64763 6379
64763 6375
64763 5302
35358 4955
64763 6524
64763 6392
64763 6675
64763 6628
35358 4515
23126 4564
59160 4130
44995 3633
64763 6375
64763 6856
35358 4898
11814 3861
64763 6649
64763 6376
35358 5071
64763 6525
64763 7579
35358 5378
64763 6612
64763 6620
35358 4215
64763 6398
64763 8234
35358 6979
64763 6452
64763 6587
64763 6383
35358 5007
64763 6627
64763 6522
64763 6252
35358 4334
64763 6658
35358 5404
64763 6407
64763 6722
35358 5393
64763 6373
64763 6977
64763 6767
35358 4941
64763 6535
35358 5427
64763 6979
64763 6534
35358 5398
64763 6365
64763 6397
64763 6437
64763 6563
35358 6128
64763 6383
64763 7028
35358 5001
64763 7940
64763 6441
64763 3980
35358 3721
64763 6976
35358 5087
64763 6418
64763 6526
64763 6620
64763 6376
64763 6556
35358 5252
64763 6700
64763 6285
35358 3888
64763 6577
64763 6563
35358 5313
64763 6429
64763 6401
64763 6208
35358 5572
51755 4873
8746 4950
45613 3659
41969 4123
39450 3946
39450 7295
64763 6496
64763 6480
64763 6445
35358 6163
64763 8132
64763 6673
64763 6792
35358 5154
64763 6508
64763 6533
64763 6437
35358 5429
64763 6663
64763 6950
64763 6509
35358 5500
64763 6394
64763 6641
64763 6418
35358 6189
64763 6467
64763 6574
64763 6375
64763 6691
35358 5030
64763 6835
64763 6378
64763 4838
35358 3654
1576 5167
64763 6534
35358 3593
64763 6543
64763 6798
35358 5201
64763 7821
64763 6406
64763 6492
64763 6600
64763 6409
64763 6310
64763 6473
64763 6855
35358 5260
64763 6525
64763 6487
64763 6944
35358 5211
64763 6522
64763 6547
35358 5072
64763 7226
64763 6538
64763 6383
64763 6443
64763 6397
64763 6494
35358 5087
64763 6249
64763 6638
64763 4846
35358 5003
64763 6829
35358 5235
64763 6424
64763 6409
64763 7976
64763 6570
35358 5808
8746 6276
49031 6287
64763 6505
64763 6538
64763 6565
64763 6673
64763 6563
64763 6394
64763 6685
64763 6410
35358 5241
64763 7047
35358 5148
64763 6440
64763 6994
64763 7037
35358 5042
64763 6496
64763 6385
35358 3706
64763 6598
64763 6408
64763 6542
35358 6315
36031 3947
1576 3677
1576 7493
64763 6511
64763 7901
64763 6725
35358 5137
64763 6461
64763 6534
64763 6401
64763 6784
35358 5083
64763 6562
64763 6731
64763 6616
64763 6509
64763 6845
64763 6732
64763 6546
64763 6595
64763 6710
64763 6634
35358 6148
64763 6507
64763 6393
35358 4897
64763 6967
64763 6463
64763 6491
64763 6803
64763 6524
64763 6596
35358 5221
64763 7522
64763 6429
64763 6400
64763 8021
64763 6356
64763 6615
64763 6555
64763 6977
35358 5441
64763 6404
64763 6675
64763 6373
64763 6804
64763 6429
64763 6392
64763 6430
64763 6777
35358 5093
64763 6419
64763 6526
64763 6430
64763 7381
64763 6608
64763 6404
64763 6832
64763 6544
64763 6993
35358 5165
64763 6878
64763 6642
64763 6853
64763 6387
64763 6405
64763 6393
64763 6390
64763 8488
35358 6679
64763 6724
64763 6391
64763 6379
64763 6495
64763 6517
64763 6417
64763 6409
64763 6946
35358 4988
64763 6414
64763 6409
64763 6524
64763 6362
64763 6397
64763 6470
64763 6126
64763 6689
64763 6870
35358 5066
64763 6459
64763 6347
64763 6211
48312 6401
48312 7430
48312 6492
48312 6423
48312 6389
48312 7041
35358 4943
8746 4621
48312 7376
48312 6489
48312 6479
48312 6364
48312 6404
48312 6383
48312 6474
48312 6332
8746 4031
36432 3642
48312 6432
48312 6366
48312 6828
48312 6491
48312 6487
48312 6744
48312 6969
48312 6279
48312 6538
8746 5148
48312 6340
48312 6527
48312 6391
48312 7179
48312 6385
48312 6414
48312 6593
48312 6744
8746 6282
48312 6404
48312 6400
48312 6415
48312 7342
48312 6531
48312 6533
48312 6479
48312 6370
48312 6910
8746 4991
64763 6371
64763 6486
48312 6808
48312 6528
48312 6378
48312 6417
48312 6452
48312 1374
35358 3758
8746 3571
64763 6432
64763 6392
64763 6420
64763 7251
64763 6894
35358 5164
36031 791
1576 4760
41969 3572
41969 8109
41969 6422
39450 3621
41969 6687
39450 6175
39450 3691
39450 4784
48312 6628
8746 5058
48312 6537
48312 6657
48312 6857
8746 4938
48312 6492
48312 7074
8746 5103
48312 6494
48312 6528
8746 5428
48312 6367
48312 6818
48312 7173
8746 5534
48312 6516
48312 6399
48312 6962
8746 5095
48312 6354
48312 6662
8746 5045
48312 6488
8746 3605
48312 6982
48312 6378
48312 6366
8746 4301
48312 7668
48312 6770
8746 5091
48312 6412
48312 6394
8746 5269
48312 6406
48312 6526
48312 6403
8746 4944
48312 6546
48312 6396
48312 6482
48312 6997
8746 4936
48312 6382
48312 8005
8746 6244
48312 6539
48312 6472
48312 6969
8746 5200
48312 6424
48312 6503
8746 4787
48312 6422
8746 4182
48312 6340
48312 6663
48312 6393
48312 6892
8746 5229
48312 7360
48312 6817
8746 4949
49626 6453
48312 6391
48312 7020
8746 5120
48312 6473
48312 6485
48312 6409
48312 6509
48312 7167
8746 5548
12541 3912
11814 3764
11814 7625
57622 3616
41969 3609
41969 3763
41969 3299
39450 3671
41969 3625
39450 3644
41969 6396
41969 6418
41969 6784
39450 5149
41969 6389
41969 7291
39450 4958
36031 3669
3096 4332
12541 4616
12541 7522
12541 6829
11814 5082
12541 6376
12541 6166
11814 3781
11814 5060
11814 3826
11814 4831
41969 4899
39467 4877
51886 5040
44995 3655
44995 3714
20012 3642
56505 6372
56505 6635
39467 4955
56505 6352
56505 6512
56505 6532
56505 6514
56505 6400
56505 6501
39467 5375
56505 6634
56505 6504
56505 7601
56505 5543
56505 6384
56505 7825
39467 5885
56505 6391
56505 6419
56505 6402
56505 6470
39467 5367
56505 6357
56505 6377
56505 7150
39467 5255
56505 6481
56505 6404
56505 6468
56505 10251
39467 7199
8746 5168
45613 4857
51285 5345
48312 6425
48312 6475
48312 6478
48312 6396
48312 6446
48312 6366
48312 6441
48312 6402
48312 3740
8746 4063
48312 6402
8746 3847
48312 6444
48312 7897
8746 6182
48312 6371
48312 6804
8746 5459
48312 6389
48312 4964
8746 3584
31920 6400
31920 6980
45613 5303
59160 3758
59160 3670
51950 4005
13005 3651
13005 1678
42794 1914
12541 4076
12541 4195
12541 3662
11814 3712
11814 4670
12541 7146
12541 6390
11814 5220
12541 6459
12541 6926
11814 5186
12541 6607
11814 3644
12541 7090
12541 6505
12541 6772
11814 5196
59160 4790
44995 5146
26573 3987
51285 4135
51285 6707
51886 5050
51285 6384
51285 6478
51285 6469
51285 6399
51886 4853
51285 6426
12541 11783
51886 10142
11814 8447
12541 6411
11814 3632
51285 6382
51285 6676
51886 5054
51285 3504
51886 3657
51886 4132
12541 6394
12541 6586
11814 5458
12541 6379
12541 6962
11814 4940
12541 6334
12541 6756
11814 5047
12541 6417
11814 5267
12541 6386
11814 4949
12541 6357
12541 7038
11814 5061
12541 6414
12541 6880
11814 5079
51285 3589
12541 6494
12541 6860
11814 4915
12541 6978
12541 6680
11814 5024
12541 6399
12541 6821
11814 5278
43735 3747
26573 3603
12541 6435
12541 6655
11814 4981
12541 7236
12541 6660
11814 4967
26573 7234
12541 6388
12541 6578
11814 4898
12541 6389
12541 6591
11814 4998
12541 6371
12541 6984
11814 4931
12541 6394
12541 8217
11814 5514
12541 6378
12541 7017
11814 5121
12541 6386
12541 6963
11814 4896
12541 6855
12541 6418
11814 5304
12541 6504
12541 6874
11814 6403
12541 6353
12541 6989
11814 5065
12541 6424
12541 7814
11814 7433
12541 6657
12541 6603
11814 4510
12541 6392
12541 6812
11814 5186
12541 6845
12541 6398
11814 4903
12541 6437
12541 6854
11814 6492
12541 6539
12541 6463
11814 6201
12541 6692
12541 6531
11814 6306
12541 6488
12541 6657
11814 5060
12541 6351
12541 7004
11814 5028
12541 6455
43735 3617
43735 7954
43735 6602
43735 6413
26573 4888
43735 7335
26573 3784
26573 3705
11814 3718
13005 4052
43735 4950
26573 6214
43735 3867
26573 3714
8746 3638
8746 4062
65089 6219
65089 6342
37180 3748
29167 3660
29167 4715
3901 5152
65089 3710
35394 3656
35394 3706
2958 451
35394 3593
56875 6631
39450 3675
11449 6387
11449 6425
56875 6219
11449 6420
11449 6394
11449 6384
11449 6408
11449 7328
11449 6364
11449 6371
11449 6397
11449 6570
11449 6360
11449 6516
11449 6670
56875 6381
11449 6399
11449 6418
11449 6599
56875 6040
11449 6478
11449 6374
56875 4875
11449 6367
11449 6499
11449 6371
11449 6563
11449 6345
11449 6519
11449 6507
11449 6972
56875 5213
11449 6863
11449 6408
11449 6540
11449 6414
11449 6917
11449 6409
11449 6575
11449 7303
11449 4755
56875 3729
11449 6530
11449 6553
11449 6384
11449 6362
11449 6395
11449 6425
11449 6586
11449 6579
56875 6247
11449 6861
11449 6379
11449 6868
56875 6606
11449 6851
11449 6401
56875 4993
11449 6799
56875 5075
11449 6867
11449 6592
11449 7031
56875 5351
11449 6511
11449 6423
56875 4377
11449 6469
56875 4810
11449 6373
11449 6838
11449 7168
11449 7298
56875 5259
11449 6392
11449 7184
56875 5178
11449 6374
11449 6814
11449 6452
11449 6953
56875 5234
11449 6445
11449 6609
56875 4917
11449 6451
11449 3698
56875 3685
11449 6417
11449 7064
56875 5110
11449 6396
11449 6410
11449 6349
56875 6114
11449 6382
11449 7451
56875 6160
11449 6561
56875 6374
11449 6369
11449 6374
56875 5168
11449 6967
11449 6639
56875 5046
11449 6389
11449 6376
11449 6427
56875 6237
11449 6478
11449 6396
11449 6508
56875 5417
11449 6369
11449 6486
11449 6380
11449 6421
56875 6249
11449 3692
41969 3585
41969 6651
41969 6423
39450 6181
41969 6524
41969 6887
39450 5510
41969 6393
41969 6832
39450 5071
41969 6368
41969 6436
39450 6037
11449 7261
56875 4942
11449 6919
11449 6355
56875 6075
41969 6369
41969 6490
39450 6330
11449 6524
11449 6713
56875 5039
11449 6478
11449 6442
11449 6371
11449 6885
56875 5053
11449 6407
11449 6385
56875 6182
11449 6421
11449 6384
11449 6420
11449 3712
56875 5452
41969 6397
41969 6916
39450 4905
41969 6402
41969 6844
39450 6673
41969 6494
41969 6413
39450 6166
41969 6441
41969 7104
39450 6001
41969 6404
41969 6987
39450 5215
41969 6384
41969 6398
39450 6230
41969 6348
41969 6765
39450 5229
41969 6427
41969 6652
39450 5060
41969 7090
41969 6479
39450 5171
41969 6397
41969 6800
39450 5201
41969 6851
41969 6389
39450 4881
41969 6367
41969 6239
39450 4035
39467 6209
56505 6845
56505 6483
56505 6383
56505 6506
56505 6338
39467 4315
11449 3691
56875 3766
45613 6228
31920 6375
31920 6936
45613 5209
31920 6381
31920 6374
31920 6435
31920 6398
31920 6853
31920 6367
31920 6966
45613 4908
31920 6502
31920 6350
31920 7139
31920 6902
31920 6740
45613 5192
31920 6381
31920 6876
45613 5090
31920 6830
31920 6451
31920 6487
45613 6599
31920 6373
31920 6763
45613 5154
31920 6584
45613 6415
31920 6905
31920 6369
31920 6411
45613 6169
31920 6395
31920 6356
31920 6414
45613 6118
31920 6422
31920 6417
31920 6497
31920 7077
45613 6581
56875 4523
11449 6392
11449 6423
11449 6349
11449 6562
11449 6348
11449 6356
11449 6665
11449 6359
11449 3859
11449 6842
56875 5224
11449 6408
11449 6633
56875 5025
11449 6374
11449 6403
11449 6967
56875 5090
11449 7107
56875 6935
11449 6861
11449 6906
56875 5175
11449 6396
11449 6523
11449 6393
11449 6468
11449 6385
11449 6388
11449 6380
11449 6473
11449 6479
56875 5039
11449 6556
11449 6384
11449 6445
11449 6387
11449 6405
11449 6396
11449 6406
11449 7253
56875 5388
11449 6908
11449 6408
11449 6374
11449 6432
11449 7054
11449 6394
11449 6791
11449 6817
56875 5069
11449 6937
11449 6426
11449 6328
56875 4250
9517 3588
34006 3807
14294 4603
14294 5558
13429 5147
13429 3617
14294 3625
11449 3689
56875 4058
8746 6409
56875 3623
48312 6588
48312 6985
8746 5098
11449 6480
11449 6389
11449 6338
56875 3661
56875 3599
39450 6141
11449 6517
11449 6364
11449 6405
11449 6377
11449 6463
11449 6381
11449 6424
11449 6407
11449 6893
11449 6423
11449 6392
56875 5173
11449 6354
11449 6479
11449 6397
11449 6426
11449 6463
11449 6329
11449 6429
56875 6038
11449 10388
11449 6379
11449 6386
11449 6385
11449 6421
11449 6391
11449 6392
11449 6868
56875 5045
11449 6455
11449 6354
11449 6859
11449 6465
11449 6404
11449 6369
11449 6498
11449 6828
56875 5201
11449 6423
11449 6980
11449 6347
11449 3767
56875 3620
41969 6395
41969 6407
39450 6249
41969 6238
41969 3748
39450 3692
39467 6205
1576 6716
56875 5168
56505 6393
56505 6360
56505 6381
56505 6546
56505 6400
56505 6391
56505 6377
56505 6827
39467 5221
56505 6515
56505 6643
56505 6389
39467 6122
56505 6356
56505 6409
56505 6336
39467 4936
56505 6485
56505 6874
56505 6964
56505 6404
56505 6421
56505 6358
56505 6385
56505 6719
39467 5160
56505 6396
56505 6625
56505 6646
39467 5055
56505 6406
56505 6380
39467 6219
56505 6292
39467 4880
56505 3788
36031 3642
36031 6417
36031 7148
1576 5536
44995 3657
44995 3707
59160 3629
59160 6147
44995 4020
178 3770
39467 4051
17471 3824
178 3639
178 6980
17471 8293
17471 6914
17471 4811
178 3678
178 5009
17471 3838
178 6407
17471 4834
8746 6149
48312 3773
8746 3624
17471 6458
17471 6455
17471 6411
17471 6490
178 6044
17471 6503
1069 5060
3170 3969
178 3575
4230 3643
22425 3611
38274 4028
2293 3914
21779 3816
3746 3664
1576 6391
8746 3876
39187 6192
39467 6248
44995 3735
44995 3737
44995 6125
44995 4213
36367 3625
36367 3570
3746 3626
3746 3724
36031 6398
36031 4851
1576 3597
42414 4989
42414 3627
61297 373
45613 6254
56875 6330
48312 6372
48312 7020
48312 6499
48312 6385
48312 6391
48312 6409
48312 6553
8746 5017
48312 6325
48312 6499
48312 6427
48312 6878
48312 6462
48312 3794
8746 3766
56505 6611
20360 1137
21779 3790
21779 3628
8729 3960
1576 6325
34582 5290
31920 6381
31920 6402
31920 6424
31920 6426
45613 4864
31920 6513
31920 6746
31920 6388
31920 6836
31920 6397
31920 6828
45613 5225
31920 6486
31920 6353
31920 6407
31920 6843
45613 4919
31920 6367
31920 6509
31920 6389
31920 6381
31920 6837
45613 4914
39467 6232
31920 6374
31920 6438
31920 6857
45613 5177
31920 7132
31920 6340
45613 5325
31920 6532
31920 6424
45613 4848
31920 6701
31920 6408
31920 6538
31920 6427
31920 6721
31920 6396
31920 6359
31920 7001
45613 4934
31920 6520
31920 6394
31920 6480
31920 6406
31920 6350
31920 6426
31920 6384
31920 6430
31920 6633
45613 4942
31920 6386
31920 7219
31920 6411
31920 3748
45613 3622
11449 6401
11449 6532
11449 6929
11449 6402
11449 6943
56875 4020
11449 6482
11449 3784
56875 3610
59160 3690
48380 3951
8729 3631
8729 7313
59160 4010
59160 4800
44995 5091
59160 3967
24763 3787
36031 6437
36031 6468
1576 3951
36031 6549
36031 6781
1576 5062
36031 6454
36031 6383
36031 6411
36031 6632
1576 5023
36031 6523
36031 6398
36031 6647
1576 5044
36031 7252
36031 6385
36031 3523
1576 3649
8075 6790
59112 3644
34582 3658
59112 3632
59112 3665
34582 16
31920 6636
45613 5053
31920 6356
31920 6426
31920 6349
45613 6121
31920 6580
45613 5111
31920 6372
31920 6417
31920 6976
31920 6990
45613 5044
31920 6399
31920 6361
31920 6396
45613 6070
31920 6403
45613 6232
31920 6431
31920 7129
56505 5175
45613 4880
31920 6402
31920 6419
45613 6154
31920 6853
31920 6813
31920 6926
45613 5079
31920 6410
45613 6143
31920 6361
31920 6422
31920 6378
31920 10540
45613 8937
31920 6387
31920 6427
45613 6127
31920 6416
31920 6492
31920 6431
31920 6385
45613 6108
59112 3672
34582 3627
31920 6488
31920 6375
31920 6406
31920 6491
31920 6583
31920 7093
45613 6922
31920 6461
31920 6401
31920 6516
31920 6410
31920 6365
45613 6195
31920 3722
45613 4618
31920 6359
31920 6388
31920 6383
31920 4841
45613 5079
48380 3590
48380 4928
8729 3779
31920 6845
31920 6498
45613 6344
31920 6435
31920 6757
31920 6834
45613 5187
31920 6446
31920 1697
45613 3632
59160 6058
44995 3593
38949 4282
19647 4307
24763 3621
24763 7882
39187 6244
45137 3829
38949 3601
38949 6818
39467 3641
48380 4607
45137 7278
45137 6374
45137 6694
38949 4891
38949 3712
19647 3621
19647 7177
19647 6449
19647 3781
24763 4658
24763 5088
24763 3688
24763 6208
45137 3978
38949 7052
42414 5153
19647 6222
19647 3633
19647 3579
24763 3731
24763 5998
19647 3345
24763 4243
8224 3623
45137 3701
15473 3998
45137 6435
45137 6418
45137 6370
45137 6529
45137 6601
45137 6398
45137 6397
45137 6161
38949 3763
5764 3616
19647 3949
47922 3883
16794 1704
5221 3622
5221 3632
47753 4698
11042 5100
16794 3737
65089 6320
65089 6367
65089 6079
44995 3661
44995 3747
38949 6931
45137 5075
59160 3604
59160 4695
59160 5643
44995 3681
4341 3826
45137 6468
45137 6432
38949 6036
45137 6492
45137 6692
38949 6524
45137 6798
45137 6380
45137 6431
45137 6931
38949 5326
44995 3639
44995 4750
29167 4959
29167 3687
1577 3773
4341 3608
4341 7508
59160 551
65089 3701
44995 3616
6430 3802
1577 3635
1577 7617
4341 5894
4341 4133
4341 6208
20617 4140
6430 3608
6430 7281
1577 3707
1577 3671
1577 4647
4341 4954
1577 3666
4341 3627
4341 3755
20617 3699
20617 7556
20617 6396
20617 6338
6430 6146
6430 3744
6430 6864
1577 1226
4341 5023
20617 4073
20617 3749
20617 6504
6430 3720
20617 6392
20617 6406
20617 7487
6430 6203
20617 6433
6430 5122
20617 6533
20617 6892
20617 7410
6430 5009
20617 6363
6430 5144
1577 4072
20617 6390
20617 6360
20617 6392
20617 6422
6430 5024
20617 6538
20617 6430
6430 6297
20617 6406
20617 7197
6430 5208
20617 6420
20617 6713
6430 5079
20617 6390
20617 6417
6430 4921
20617 6422
20617 6418
6430 6174
20617 6447
20617 6440
6430 6042
20617 6387
20617 6411
20617 6618
6430 5145
20617 6962
6430 4772
20617 6388
20617 6414
20617 6511
20617 7087
6430 5322
20617 6459
20617 6545
20617 6397
20617 6877
6430 5064
20617 6637
20617 6355
20617 6806
20617 6624
6430 5040
20617 6443
20617 6505
6430 3609
20617 6507
20617 7214
6430 5771
20617 6385
20617 6361
20617 6571
20617 6602
6430 5152
20617 6354
20617 6421
20617 6414
20617 6425
20617 6956
20617 6382
20617 6397
6430 6095
20617 6509
6430 6264
20617 6410
20617 6818
6430 5173
20617 6824
20617 6394
20617 6416
6430 6163
20617 6854
6430 5341
20617 6377
20617 6461
20617 6462
20617 6538
20617 6823
6430 5219
20617 6923
6430 5182
20617 6504
20617 6398
6430 6211
20617 6366
20617 6837
20617 6380
20617 6397
6430 6141
20617 6709
20617 7036
20617 6375
20617 6813
6430 5179
20617 6392
20617 6385
6430 6206
20617 6411
20617 6387
20617 6406
20617 6395
6430 6210
20617 6388
20617 6916
6430 5173
20617 6571
20617 6602
6430 5133
20617 6818
20617 6381
20617 6497
6430 6155
20617 6423
6430 3700
20617 6401
20617 6391
6430 4870
20617 6386
20617 6459
20617 6476
20617 6901
6430 5225
20617 7041
20617 6397
20617 6408
6430 6228
20617 6402
20617 6362
20617 6391
20617 6829
6430 5225
20617 6859
6430 5177
20617 6398
20617 6719
6430 5242
6430 6412
38949 6415
20617 5143
45137 6385
45137 6382
38949 5138
45137 6374
45137 6366
45137 6429
45137 6375
45137 6406
45137 4919
38949 3632
6430 6342
26920 6200
44995 3720
44995 3832
20617 6969
20617 7163
6430 4932
20617 6429
20617 6658
20617 6776
6430 4930
20617 6398
20617 6365
20617 6531
20617 6507
20617 6503
20617 6859
6430 6653
20617 6912
6430 5394
20617 6365
20617 6435
20617 6447
20617 6495
20617 6349
20617 6379
20617 6777
6430 5296
20617 6395
20617 7078
6430 5101
20617 6421
6430 6214
20617 6850
20617 6252
6430 4867
6430 7396
59160 239
59160 6114
44995 3794
37116 6179
38543 4292
26920 6498
6996 8254
38543 4716
20617 3879
38543 7393
20617 6915
6430 4961
20617 6454
20617 6525
20617 6822
6430 4892
20617 6394
20617 6501
20617 6356
20617 6902
20617 6436
20617 6385
20617 6510
20617 6703
6430 4871
20617 6404
20617 6409
20617 7114
6430 5067
20617 6445
20617 7188
20617 6390
20617 6406
6430 6196
20617 6384
20617 6819
20617 6400
20617 6546
20617 6684
6430 5091
20617 6462
20617 6522
20617 6390
20617 6373
20617 6397
20617 6403
20617 6842
6430 6098
20617 6371
20617 6402
6430 6113
20617 6480
20617 6457
6430 6206
20617 6395
6430 4422
20617 6725
20617 6363
20617 6530
20617 6816
20617 6717
20617 6926
6430 6774
20617 6821
20617 6348
20617 6477
6430 5788
37116 3656
37116 6243
6996 3581
6996 5031
38543 3629
20617 6419
20617 6396
6430 6247
20617 6417
20617 6458
20617 6439
20617 3754
6430 3846
20617 6742
20617 6409
6430 6048
20617 6499
20617 6415
20617 6448
20617 6408
20617 6414
6430 6083
20617 6716
20617 6521
20617 6399
20617 6540
20617 6840
6430 3588
20617 6713
6430 5088
20617 6522
20617 6389
20617 6420
6430 6167
20617 6377
20617 6460
6430 3575
20617 6374
6430 3609
20617 6568
20617 6527
6430 6333
20617 6472
20617 6414
6430 6053
20617 6345
20617 6367
20617 6361
6430 5519
20617 6650
6430 4997
20617 6412
20617 6676
20617 6378
6430 4955
20617 6441
6430 3619
20617 6446
20617 6945
6430 6676
20617 6384
20617 6373
20617 6428
6430 4868
20617 6393
20617 6423
6430 5386
20617 6500
6430 5077
20617 6578
20617 6383
6430 6035
20617 6663
20617 6389
6430 6182
20617 6359
20617 6659
6430 5053
20617 6417
20617 6395
20617 6377
20617 6347
20617 6716
6430 5044
20617 6414
20617 6399
20617 6482
20617 6424
20617 6556
20617 7136
20617 6339
20617 6507
20617 6491
20617 6628
6430 5035
20617 6366
20617 6829
6430 5572
20617 6699
20617 6374
20617 6435
20617 6380
20617 6457
20617 6372
20617 6474
20617 6484
6430 5316
20617 7244
20617 6472
20617 6466
20617 6882
20617 6585
20617 6578
20617 6379
20617 6924
6430 5074
20617 6384
20617 6404
20617 6352
20617 6398
20617 6573
20617 6866
20617 6396
20617 6449
20617 6399
6430 5019
20617 6447
20617 6423
20617 6397
20617 6876
20617 6371
20617 6369
20617 6393
20617 6963
6430 4932
20617 6451
20617 6411
20617 6452
20617 6397
20617 6357
20617 6392
20617 6493
20617 6927
6430 5176
20617 6434
20617 6391
20617 6353
20617 6386
20617 6349
20617 6382
20617 6397
20617 6801
6430 5003
20617 6872
20617 6860
20617 6483
20617 6477
20617 6457
20617 6871
20617 6421
20617 6373
20617 6440
6430 3627
20617 6394
20617 6358
20617 6372
20617 6391
20617 6855
20617 6441
20617 6397
20617 6888
6430 5066
20617 6513
20617 6429
20617 6385
20617 6500
20617 6553
20617 6581
20617 6330
20617 6422
6430 5409
20617 7129
20617 6406
20617 6381
20617 6741
20617 7258
20617 6374
20617 6395
20617 6862
6430 3069
20617 6427
20617 6504
20617 6359
20617 6542
20617 6423
20617 6652
20617 6759
6430 5083
20617 6411
20617 6533
20617 6359
20617 6396
20617 6448
20617 6441
20617 6672
20617 6602
20617 6411
6430 1912
20617 6513
20617 6415
20617 6437
20617 6443
20617 6576
20617 6502
20617 7247
20617 6644
6430 5014
20617 6868
20617 6391
20617 6387
20617 6401
20617 6503
20617 6398
20617 6485
6430 6207
20617 6509
20617 6377
20617 6385
20617 6393
20617 6656
20617 6407
6430 5042
20617 6421
20617 6610
6430 5038
26920 4976
20617 6398
20617 7086
20617 6488
20617 6973
6430 5061
20617 6573
20617 6869
20617 6404
20617 6483
20617 6438
20617 6398
20617 6506
20617 6835
20617 6357
20617 6514
6430 6336
20617 6500
20617 6404
6430 6276
20617 6459
20617 6439
20617 6853
20617 6809
20617 6583
20617 6578
20617 6546
20617 6879
6430 5219
20617 6461
20617 6381
20617 6446
20617 6589
20617 6369
20617 6434
20617 6426
20617 6377
20617 6518
6430 6181
20617 6897
20617 6394
20617 6502
20617 6465
20617 6400
20617 6412
20617 6424
20617 6757
6430 5066
20617 6456
20617 6356
20617 6473
20617 6410
20617 6672
20617 6378
20617 6803
20617 6929
6430 5125
20617 6471
20617 6407
20617 6374
20617 6868
20617 6407
20617 6348
20617 6411
20617 6713
6430 5076
20617 6779
20617 6422
20617 6557
20617 6563
20617 7396
20617 6404
20617 6392
20617 6750
6430 4599
20617 6363
20617 6401
20617 6787
20617 6346
20617 6376
20617 6381
20617 6577
20617 6380
20617 6938
6430 4933
6996 3675
20617 6785
20617 6501
20617 6462
20617 6853
20617 6348
20617 6384
20617 6454
6430 3595
20617 6604
6430 5452
20617 1180
6430 3646
20617 6382
20617 6432
20617 7705
6430 5793
20617 6355
20617 6859
20617 6386
20617 6796
20617 6475
20617 6707
20617 6381
20617 6397
20617 6716
20617 6426
20617 6673
6430 5079
20617 6377
20617 6483
6430 5115
20617 6805
20617 6413
20617 6369
6430 4836
20617 6373
20617 7013
6430 5069
20617 7147
20617 6430
20617 6361
20617 6859
20617 6387
20617 6421
20617 6608
20617 7126
6430 5971
20617 6390
20617 6370
20617 6394
20617 6646
20617 6548
20617 6370
20617 6409
20617 7002
6430 5085
20617 6477
20617 6492
20617 6359
20617 6402
20617 6427
20617 6800
20617 6502
20617 6807
20617 6883
6430 5168
20617 6406
20617 6364
20617 6525
20617 6417
20617 6401
20617 6501
20617 6529
20617 6895
6430 4900
20617 6583
20617 6561
20617 6835
20617 6477
20617 7094
20617 6451
20617 6361
20617 6486
6430 5159
20617 6462
20617 6521
20617 6386
20617 6393
20617 6378
20617 6381
20617 6368
20617 7499
6430 5101
20617 6382
20617 6413
20617 6384
20617 6437
20617 6573
20617 6484
20617 6372
20617 6647
6430 4951
20617 6360
20617 6393
20617 6433
20617 6398
20617 6548
20617 6423
20617 6437
20617 6963
20617 6479
6430 5245
20617 6370
20617 6838
20617 6491
20617 6507
20617 6399
20617 6379
20617 6805
6430 4924
20617 6432
20617 6417
20617 6562
20617 6476
20617 6709
20617 6339
20617 6503
20617 6534
6430 6421
20617 6355
20617 6406
20617 6402
20617 6714
20617 6402
20617 6398
20617 6532
20617 6397
6430 4911
20617 6387
20617 6401
20617 6953
20617 6400
20617 6372
20617 6382
20617 5052
20617 7026
6430 5095
20617 6418
20617 6553
20617 6441
20617 6547
20617 6365
20617 6410
20617 6399
20617 6823
6430 6682
20617 6421
20617 6356
20617 6381
20617 6369
20617 6422
20617 6412
20617 7046
6430 4926
20617 7175
20617 6414
20617 6351
20617 6375
20617 6403
20617 6453
20617 7380
20617 6796
6430 6301
20617 6441
20617 6362
20617 6354
20617 6531
20617 6837
20617 6360
20617 6869
20617 6583
6430 6158
20617 6430
20617 6391
20617 6686
20617 6519
20617 6486
20617 6403
20617 6422
20617 6393
6430 6184
20617 6379
20617 6553
20617 6405
20617 6354
20617 6391
20617 6462
20617 6512
20617 6426
20617 7430
6430 4952
20617 6395
20617 7147
20617 6391
20617 6309
20617 6459
20617 6402
20617 6791
20617 6594
6430 5106
20617 6527
20617 6515
20617 6360
20617 6469
20617 6364
20617 6428
20617 6816
20617 6827
20617 6503
6430 5047
20617 6507
20617 6817
20617 6511
20617 6516
20617 7320
20617 6330
20617 6348
20617 6402
6430 5310
20617 6554
20617 6321
20617 6402
20617 6399
20617 6741
20617 7040
20617 6376
20617 6416
6430 6259
20617 8418
20617 6360
20617 6414
20617 6362
20617 6359
20617 6394
20617 6390
20617 6400
6430 5241
20617 6415
20617 6379
20617 6381
20617 6399
20617 6366
20617 6473
20617 6398
20617 6545
20617 6478
6430 6088
20617 6529
20617 6369
20617 6519
20617 6400
20617 6399
20617 6392
20617 6383
20617 6536
6430 6209
20617 6938
20617 6672
20617 6404
20617 6377
20617 6365
20617 6696
20617 6366
20617 7170
6430 5377
20617 6739
20617 6475
20617 6409
20617 6796
20617 6472
20617 6393
20617 6888
20617 6750
6430 6563
20617 8551
20617 6581
20617 6401
20617 6374
20617 6452
20617 6575
20617 7116
6430 5533
20617 6564
20617 6435
20617 6407
20617 6421
20617 6741
20617 8138
20617 6527
20617 6397
20617 6617
6430 5375
20617 6386
20617 6431
20617 6938
20617 6728
20617 6675
20617 6879
20617 6407
20617 19232
6430 17833
20617 6941
20617 6872
20617 6665
20617 6598
20617 6662
20617 6986
20617 6610
20617 6622
6430 5207
20617 7461
20617 6680
20617 6488
20617 6588
20617 6644
20617 6853
20617 6369
20617 6901
6430 6801
20617 9727
20617 6577
20617 6590
20617 6702
20617 6527
20617 6439
20617 6543
20617 7172
6430 6689
20617 6555
20617 6481
20617 6837
20617 6372
20617 6406
20617 8015
20617 6412
20617 6492
20617 7257
6430 5335
20617 6403
20617 6507
20617 6512
20617 6364
20617 6846
20617 6599
20617 6485
20617 7353
6430 5611
20617 7318
20617 6406
20617 6630
20617 6407
20617 9594
20617 6655
20617 6483
20617 6677
6430 5099
20617 6609
20617 6474
20617 6638
20617 6432
20617 6434
20617 6814
20617 6661
20617 6738
6430 4793
20617 7177
20617 6630
20617 6539
20617 6507
20617 6617
20617 6599
20617 6490
20617 7204
6430 5303
20617 6488
20617 6380
20617 6924
20617 6610
20617 6502
20617 6519
20617 6789
20617 6541
20617 6992
6430 5281
20617 9000
20617 6570
20617 6637
20617 6626
20617 6590
20617 6637
20617 6515
20617 6682
6430 4156
20617 7563
20617 6726
20617 6542
20617 6483
20617 6803
20617 6436
20617 6677
20617 6854
6430 5236
20617 6425
20617 6541
20617 6826
20617 6536
20617 6545
20617 6482
20617 6708
20617 8375
6430 6802
20617 6490
20617 6991
20617 6535
20617 6603
20617 6618
20617 9109
20617 6650
20617 7283
6430 5346
20617 6410
20617 6400
20617 6469
20617 6652
20617 6443
20617 7020
20617 6406
20617 7380
6430 5318
20617 6688
20617 7018
20617 6745
20617 6612
20617 6800
20617 6691
20617 6628
20617 6570
20617 7014
6430 5417
20617 6586
20617 6393
20617 6419
20617 6522
20617 6605
20617 6539
20617 6546
20617 6698
6430 4480
20617 9212
20617 6687
20617 6392
20617 6663
20617 6423
20617 6442
20617 6448
20617 6520
6430 3709
20617 6676
20617 6865
20617 7064
20617 6524
20617 6510
20617 6809
20617 6490
20617 6834
6430 5147
20617 6497
20617 6643
20617 6463
20617 7310
20617 7216
20617 6517
20617 6431
20617 7188
6430 5428
20617 6634
20617 6432
20617 6439
20617 6540
20617 8892
20617 7027
20617 6691
20617 6637
6430 4466
20617 6539
20617 6651
20617 6704
20617 6562
20617 6972
20617 6662
20617 6944
20617 6893
6430 5782
20617 6455
20617 6474
20617 6821
20617 6553
20617 6532
20617 6427
20617 6601
20617 7272
6430 5605
20617 6529
20617 6593
20617 6557
20617 6486
20617 6676
20617 6652
20617 6516
20617 7171
6430 5279
20617 8772
20617 6759
20617 6411
20617 6504
20617 6610
20617 6406
20617 6456
20617 7227
6430 5068
20617 6607
20617 6424
20617 6546
20617 6545
20617 6536
20617 6489
20617 6516
20617 6484
20617 8024
6430 6241
20617 6377
20617 6588
20617 6544
20617 6423
20617 6708
20617 6439
20617 6587
20617 6385
6430 5428
20617 6561
20617 6606
20617 6723
20617 13890
20617 8315
20617 6552
20617 6540
20617 6631
6430 4074
20617 6477
20617 6911
20617 6420
20617 6497
20617 6556
20617 6372
20617 6965
20617 7010
6430 5363
20617 6410
20617 6607
20617 6474
20617 6399
20617 6857
20617 6460
20617 6508
20617 6944
6430 5100
20617 7176
20617 6469
20617 6425
20617 6932
20617 6498
20617 6427
20617 6443
20617 6463
20617 7125
6430 5180
20617 8670
20617 6640
20617 6358
20617 6551
20617 6494
20617 6398
20617 6410
20617 6965
6430 5229
20617 6409
20617 6365
20617 6459
20617 7269
20617 6408
20617 6452
20617 6535
20617 6997
6430 4977
20617 6554
20617 6485
20617 6388
20617 6558
20617 6490
20617 6418
20617 6872
6430 5360
20617 6534
20617 6501
20617 6487
20617 6551
20617 6640
20617 7824
20617 6655
20617 6396
6430 4214
20617 6523
20617 6416
20617 6619
20617 6421
20617 6824
20617 6549
20617 6508
20617 6514
20617 7200
6430 5608
20617 7072
20617 6424
20617 6336
20617 6408
20617 6597
20617 6352
20617 6403
20617 6615
6430 6159
20617 6410
20617 6392
20617 6414
20617 6459
20617 6823
20617 6534
20617 6381
20617 6689
6430 4993
20617 8177
20617 6357
20617 6529
20617 6561
20617 7008
20617 6404
20617 6540
20617 7196
6430 5604
20617 6752
20617 6631
20617 6424
20617 6431
20617 6757
20617 6418
20617 6383
20617 7281
6430 5279
20617 6464
20617 6598
20617 6555
20617 6454
20617 6596
20617 6391
20617 6982
20617 6514
20617 7010
6430 5076
20617 6431
20617 6891
20617 6390
20617 6551
20617 7979
20617 6396
20617 6430
20617 7048
6430 5106
20617 6487
20617 6519
20617 6373
20617 6492
20617 6484
20617 6808
20617 6541
20617 6545
6430 4991
20617 6408
20617 6370
20617 6417
20617 6398
20617 6790
20617 6505
20617 6479
20617 6872
6430 6439
20617 6424
20617 6348
20617 6381
20617 6373
20617 6408
20617 6494
20617 6530
20617 6553
6430 4847
20617 7562
20617 6502
20617 6392
20617 6366
20617 6536
20617 6492
20617 6532
20617 6443
20617 6379
6430 4836
20617 6327
20617 6519
20617 6402
20617 6393
20617 6388
20617 6387
20617 6509
20617 6490
6430 6314
20617 6697
20617 7170
20617 6549
20617 6360
20617 6362
20617 6375
20617 6397
20617 6808
6430 6640
20617 6377
20617 6392
20617 6549
20617 6488
20617 6987
20617 6385
20617 6409
20617 10530
6430 9256
20617 6384
20617 6372
20617 6357
20617 6786
20617 6394
20617 6546
20617 6656
20617 6379
6430 6201
20617 6384
20617 6527
20617 6507
20617 6377
20617 6432
20617 6411
20617 6437
20617 6543
6430 6337
20617 6406
20617 6484
20617 6409
20617 6463
20617 6572
20617 6383
20617 6367
20617 6508
20617 6502
6430 5413
20617 7491
20617 6395
20617 6353
20617 6398
20617 2118
20617 6914
20617 6372
20617 6796
6430 5206
20617 6376
20617 6358
20617 6440
20617 6711
20617 6396
20617 7006
20617 6389
6430 6048
20617 6393
20617 6591
20617 6442
20617 6372
20617 6383
20617 6691
20617 6407
20617 6435
20617 6836
6430 6617
20617 6392
20617 6375
20617 6481
20617 7364
20617 6357
20617 6412
20617 6149
6430 3981
20617 4070
6430 3647
20617 6388
20617 6915
6430 5101
20617 6454
20617 6385
20617 6433
20617 6404
20617 6365
20617 6406
20617 6561
20617 6445
20617 6454
20617 7336
6430 5376
20617 6393
20617 6386
20617 6444
20617 6430
20617 6379
20617 6366
6430 4841
20617 6461
20617 6558
20617 6375
20617 6531
6430 5048
20617 6948
20617 6354
20617 6429
20617 6390
20617 6528
6430 5076
20617 6475
20617 6587
20617 6401
20617 6718
20617 7264
20617 6862
6430 3636
20617 6499
20617 6456
6430 3799
20617 6483
20617 6380
20617 6387
20617 6744
20617 961
6430 5442
6430 3700
20617 3656
20617 6448
6430 5238
20617 6729
20617 6419
20617 7189
20617 6446
6430 4981
20617 8222
20617 6430
20617 6652
20617 6594
20617 6502
20617 6959
20617 6455
20617 6415
20617 6388
20617 6193
20617 6419
20617 7075
6430 5296
20617 6511
20617 6608
20617 6441
20617 6342
6430 5103
20617 5104
20617 6848
6430 5580
20617 6509
20617 6384
20617 6419
20617 6457
20617 6800
6430 5607
20617 6382
20617 6434
20617 6506
20617 6414
20617 8094
20617 6554
20617 6512
20617 6428
20617 7293
6430 6158
20617 6532
20617 6841
6430 5553
20617 6108
20617 6636
6430 5054
20617 6546
20617 6418
6430 6225
20617 6437
20617 6428
20617 6391
20617 6557
20617 6474
6430 5089
20617 6634
20617 6409
20617 7595
20617 6252
20617 6514
20617 6389
20617 6535
20617 6644
6430 5062
20617 6427
20617 8098
20617 6422
20617 6363
20617 6381
20617 6412
20617 6590
20617 6398
6430 4330
20617 6392
20617 6407
20617 6419
20617 6587
20617 6390
20617 6402
20617 6240
6430 3656
20617 3625
6430 3681
20617 6401
20617 6741
6430 6592
20617 6532
20617 6551
6430 5398
20617 6411
20617 6526
20617 6400
20617 6452
20617 6372
20617 6568
20617 6537
20617 6570
20617 8207
20617 6668
20617 6371
20617 7080
6430 5297
20617 6386
20617 6552
6430 4239
20617 6489
20617 6463
20617 6389
20617 6647
20617 6412
20617 6494
20617 6758
6430 6612
20617 6933
6430 5183
20617 4142
20617 4347
20617 6138
6430 3743
20617 6838
6430 5210
20617 6417
20617 6527
20617 6427
20617 6598
20617 6607
20617 6848
6430 5303
20617 6442
20617 7704
20617 6395
20617 6452
20617 4838
6430 3646
20617 6498
6430 4872
20617 6469
20617 6634
20617 6454
6430 6197
20617 6514
20617 6846
20617 6530
20617 6456
20617 6630
20617 6451
20617 6687
20617 6748
20617 6541
6430 5406
20617 2327
6430 3755
20617 6396
20617 6502
20617 6907
6430 5192
20617 6661
20617 6677
20617 6387
20617 6715
6430 6504
20617 8599
20617 6971
6430 5026
20617 6735
20617 6416
20617 5069
6430 4952
20617 6543
20617 6542
6430 5284
20617 6626
20617 6999
6430 5345
20617 6590
20617 8446
6430 6406
20617 6554
20617 7005
20617 6435
20617 6649
20617 6541
20617 6600
20617 6567
20617 6932
6430 5697
20617 6501
20617 6395
20617 6563
20617 6408
20617 6394
20617 6570
20617 9252
20617 6493
6430 4078
20617 907
6430 3610
20617 6510
6430 5102
20617 6535
20617 6699
20617 6676
6430 5072
20617 7128
6430 5051
20617 6954
20617 6406
20617 6563
20617 6583
20617 6537
20617 6274
6430 3772
20617 6404
20617 6380
20617 6476
20617 6519
20617 6704
6430 5453
20617 6564
6430 5277
20617 6555
20617 6550
20617 8591
20617 6533
6430 3813
20617 6443
20617 6816
6430 5209
20617 6666
20617 1287
6430 6339
6430 5498
20617 6655
20617 7366
6430 6129
20617 6652
20617 6410
20617 6518
20617 6461
20617 6829
6430 5196
20617 6584
20617 6509
20617 6949
6430 5249
20617 6989
20617 6625
20617 6558
20617 6557
20617 6539
20617 6568
6430 5305
20617 8397
20617 6425
20617 6511
6430 6230
20617 6526
6430 3732
20617 6629
20617 6722
20617 6563
6430 5245
20617 6501
20617 6466
6430 6351
20617 6522
20617 6499
20617 6921
20617 6794
6430 5327
20617 3806
20617 6218
6430 3702
20617 3765
6430 3821
20617 3755
20617 6426
6430 5147
20617 6441
20617 6578
20617 6524
20617 6620
6430 4937
20617 6592
20617 8843
20617 6595
6430 5266
20617 6408
20617 6561
20617 6559
6430 4447
20617 6772
20617 6514
20617 6504
20617 6877
6430 6728
20617 6564
20617 6558
6430 5237
20617 6885
20617 6525
20617 6396
6430 3632
20617 3792
6430 3812
20617 6493
20617 6406
20617 7613
20617 6584
20617 6684
20617 6411
6430 4347
20617 3799
20617 4848
6430 5180
20617 6510
20617 8885
20617 6681
20617 6502
20617 6812
20617 7124
6430 5468
20617 6424
20617 6364
20617 6348
20617 7124
20617 6669
20617 6612
20617 6545
20617 6945
20617 6421
20617 6594
20617 6857
6430 6671
20617 6398
20617 6392
20617 6583
20617 6254
20617 6558
20617 6944
20617 84
6430 5271
20617 6730
6430 4565
20617 6550
20617 6832
6430 6639
20617 8449
20617 6512
20617 6534
20617 6539
6430 5392
20617 6647
20617 6968
20617 6550
20617 6373
20617 5143
6430 3750
20617 7294
6430 5473
20617 6382
20617 6574
20617 6387
20617 6730
6430 5296
20617 6367
20617 7239
20617 6737
20617 6213
6430 5161
20617 3841
20617 3765
6430 3846
20617 6627
20617 6608
20617 6610
20617 6394
20617 6827
20617 6577
6430 5117
20617 7461
20617 6549
20617 6511
20617 6542
20617 6403
20617 6276
6430 6119
20617 6365
20617 6440
6430 4114
20617 6509
20617 6420
20617 6545
6430 5063
20617 6399
20617 6395
20617 6488
20617 6401
20617 6416
20617 6396
20617 6486
20617 6711
20617 6965
6430 5085
20617 6761
20617 6549
6430 4181
20617 3774
20617 6976
6430 5010
20617 6455
20617 7835
20617 6534
6430 5186
20617 6486
20617 6474
6430 3940
20617 6457
20617 6702
20617 6994
6430 4946
20617 6353
20617 6536
20617 6674
20617 6382
20617 7513
6430 6145
20617 6877
20617 6421
20617 6686
6430 5061
20617 6243
20617 6392
20617 6352
20617 6780
20617 6409
6430 4852
20617 6444
20617 6818
6430 4893
20617 3770
6430 3706
20617 6404
20617 7408
20617 6397
20617 6353
20617 6390
20617 6450
6430 6222
20617 6366
20617 6359
20617 6416
20617 6484
20617 6766
20617 4901
20617 6743
6430 6506
20617 6456
20617 6507
6430 6286
20617 6437
20617 6380
6430 4989
20617 6989
6430 5057
20617 6852
20617 6394
20617 6417
6430 6025
20617 7005
6430 4956
20617 6377
20617 6368
20617 6445
20617 6395
6430 4188
20617 6023
20617 3685
6430 3601
20617 6486
20617 6716
20617 6506
20617 6426
6430 6119
20617 6388
20617 6985
20617 6425
20617 6513
20617 6487
6430 5194
20617 6427
20617 6362
20617 4777
6430 3644
20617 6373
20617 6900
6430 4919
20617 6369
20617 6854
6430 5207
20617 6438
20617 6389
20617 6868
20617 6361
20617 6381
20617 6742
20617 6402
20617 5345
6430 3743
20617 4672
20617 6409
20617 6298
6430 4162
20617 3632
6430 4071
20617 3746
20617 3755
6430 3653
6430 6379
20617 5251
20617 6505
6430 6363
20617 6361
20617 6371
20617 6383
6430 4868
20617 6657
20617 6424
6430 5257
20617 6426
20617 6806
6430 5196
20617 6439
20617 6547
6430 6257
20617 6399
20617 6170
6430 4074
20617 6573
6430 5205
20617 6887
20617 6437
20617 6452
6430 6219
20617 6382
20617 6741
20617 6597
20617 6380
6430 6161
20617 6599
20617 6488
6430 6333
20617 6413
20617 6193
6430 3616
6430 6431
65089 6433
65089 6465
65089 6599
65089 6451
65089 6257
24763 7191
20617 4079
20617 6444
6430 6258
20617 6380
20617 6428
6430 6101
20617 6820
20617 6396
20617 6523
20617 7955
6430 5937
20617 6470
20617 6418
20617 6368
20617 6459
20617 5203
20617 6403
20617 6399
20617 6420
20617 6408
20617 6415
20617 6931
6430 5149
20617 6532
20617 6387
20617 6395
20617 6471
20617 6572
6430 6434
20617 6446
20617 6426
20617 6609
6430 6343
20617 6363
20617 6505
20617 6400
20617 6388
20617 6491
20617 6378
20617 6547
20617 6411
6430 6169
20617 7484
20617 6842
20617 6561
20617 6376
20617 6374
20617 6434
20617 6513
20617 6385
6430 5230
20617 6579
20617 6441
20617 6365
20617 6498
20617 6415
20617 6374
20617 6373
20617 6671
6430 5474
20617 6401
20617 6462
20617 6414
20617 6611
20617 6500
20617 6366
20617 6398
20617 6641
20617 6399
6430 5956
20617 6805
20617 6438
20617 6421
20617 6987
20617 6378
20617 6490
20617 6593
20617 6531
6430 5043
20617 6392
20617 6381
20617 6388
20617 6383
20617 6409
20617 6393
20617 6398
20617 6385
6430 5112
20617 6395
20617 6480
20617 6392
20617 6469
20617 6750
20617 6447
20617 6380
20617 6972
6430 4953
20617 6473
20617 6374
20617 6461
20617 6806
20617 6847
20617 6378
20617 6376
20617 6529
6430 6292
20617 6936
20617 6538
20617 6859
20617 6618
20617 6545
20617 6380
20617 6426
20617 6818
6430 6614
20617 6466
20617 6400
20617 6489
20617 6392
20617 7311
20617 6550
20617 6650
20617 6825
20617 6399
6430 6264
20617 6799
20617 6503
20617 6842
20617 6416
20617 6347
20617 6561
20617 6462
6430 6230
20617 6401
20617 6544
20617 6378
20617 7081
20617 6485
20617 6382
20617 6505
20617 6423
6430 5300
20617 6389
20617 6496
20617 6401
20617 6772
20617 6847
20617 6390
20617 6558
20617 6407
6430 6196
20617 6406
20617 6403
20617 6362
20617 6388
20617 6475
20617 6416
20617 6365
20617 6573
6430 6338
20617 6811
20617 6422
20617 6384
20617 6385
20617 6381
20617 6391
20617 6435
20617 6904
6430 5628
20617 6370
20617 6481
20617 6523
20617 6733
20617 6493
20617 6515
20617 7000
6430 5386
20617 6606
20617 6367
20617 6522
20617 6395
20617 6402
20617 6348
20617 6398
6430 6153
20617 6820
20617 6529
20617 6434
20617 6387
20617 6394
20617 6405
20617 6488
20617 6402
6430 4880
20617 6393
20617 6419
20617 6429
20617 7023
20617 6376
20617 6388
20617 6438
20617 6386
6430 5084
20617 6370
20617 6423
20617 6519
20617 6565
20617 6783
20617 6419
20617 6424
20617 6580
6430 6271
20617 6348
20617 6362
20617 6415
20617 6754
20617 6506
20617 6410
20617 6384
20617 6433
6430 5327
20617 6419
20617 6403
20617 6554
20617 6450
20617 6389
20617 6802
20617 6433
20617 7126
6430 6980
20617 6444
20617 6421
20617 6409
20617 6389
20617 6502
20617 6411
20617 6653
20617 6368
6430 6156
20617 6363
20617 6415
20617 6369
20617 6444
20617 6364
20617 6828
20617 6550
20617 6487
6430 6357
20617 6361
20617 6753
20617 7079
20617 6404
20617 6456
20617 6448
6430 6294
20617 6564
20617 6817
20617 6402
20617 6415
20617 6418
20617 7598
20617 6492
20617 6978
6430 5104
20617 6499
20617 6395
20617 6388
20617 6416
20617 6630
20617 6748
20617 6419
20617 6473
20617 6599
6430 6417
20617 6405
20617 6850
20617 6402
20617 6392
20617 6439
20617 4799
20617 6496
20617 6466
6430 6338
20617 6383
20617 6412
20617 6435
20617 6541
20617 6429
20617 6830
20617 6282
20617 6439
6430 6213
20617 6891
20617 6388
20617 6550
20617 6708
20617 6367
20617 6394
20617 6379
20617 6509
20617 6377
6430 6241
20617 6523
20617 4812
20617 4986
19647 3796
19647 3776
19647 4628
6430 3660
24763 5746
20617 3636
20617 3725
6430 3743
20617 4744
6430 3623
20617 8482
20617 6380
20617 6374
20617 6366
20617 6437
20617 6380
20617 6454
20617 6780
20617 7051
20617 6392
20617 6529
20617 6381
20617 6517
20617 6800
20617 6624
20617 6454
6430 6264
20617 6550
20617 6426
6430 6238
20617 6643
20617 6810
20617 6500
20617 6429
20617 6607
6430 6284
20617 6399
20617 6467
20617 6948
6430 5104
20617 5722
29167 212
29167 3754
29167 6042
65089 3597
6430 3622
20617 3770
20617 6447
6430 5279
20617 7331
20617 6448
20617 6666
20617 6401
20617 6293
20617 6418
6430 5157
20617 6405
20617 6412
20617 6434
20617 6358
20617 6310
6430 3630
20617 3675
6430 4027
20617 6373
20617 6394
6430 6131
20617 6403
20617 6633
20617 6397
20617 6370
20617 6617
20617 6246
20617 6526
20617 6406
6430 4888
20617 6824
20617 6458
20617 6400
20617 7067
20617 6377
6430 6182
20617 6408
20617 6610
6430 5034
20617 7000
6430 5072
20617 6543
20617 6388
20617 6394
20617 6568
6430 6375
20617 6538
20617 6386
20617 6404
20617 6416
20617 6663
6430 6432
20617 6403
20617 6503
20617 6181
6430 5193
20617 3744
20617 6078
6430 3595
20617 6392
20617 6755
6430 5126
20617 6831
20617 6418
20617 6545
20617 7200
6430 7070
20617 6371
20617 6546
20617 6876
20617 6408
6430 6213
20617 6491
20617 4757
6430 5118
20617 6746
20617 6429
6430 4996
20617 6414
20617 6463
20617 6420
20617 6371
20617 6490
20617 6405
20617 6519
20617 6394
20617 6432
20617 3898
6430 3747
20617 6852
20617 6409
20617 6854
20617 6935
6430 4918
20617 6390
20617 6416
20617 6417
20617 6904
6430 5321
20617 6452
20617 6440
6430 6257
20617 6406
20617 5134
6430 3611
20617 6717
20617 6374
20617 6413
20617 6425
20617 6365
20617 6437
20617 6955
6430 5195
20617 6385
20617 6431
20617 6545
20617 6382
20617 6354
20617 6400
20617 6797
6430 5109
20617 3653
20617 6432
6430 6122
20617 6352
20617 6397
20617 6385
20617 6356
20617 6407
20617 7148
20617 6832
20617 6881
6430 5104
20617 6379
20617 6510
20617 6486
20617 6826
20617 6494
20617 6375
20617 6396
20617 6607
6430 3767
20617 6374
20617 6480
20617 6392
20617 4821
6430 3621
20617 6418
20617 6414
20617 6581
20617 6555
20617 7023
6430 5458
20617 6378
20617 6419
20617 6374
20617 4937
6430 4904
20617 3635
6430 3693
20617 6469
20617 7313
20617 6462
20617 6969
6430 4959
20617 6420
20617 6918
6430 4925
20617 6505
20617 6392
20617 6395
20617 6418
20617 6543
20617 4845
6430 4943
20617 6396
20617 6398
6430 6244
20617 6450
20617 6445
20617 6527
20617 6378
6430 5305
20617 6404
20617 6373
20617 6334
6430 3653
20617 3659
6430 3697
20617 6409
20617 6497
20617 6540
6430 6374
20617 7011
20617 6370
20617 6591
20617 6413
6430 4858
20617 6387
20617 6353
6430 5149
20617 6468
6430 5072
20617 6865
20617 6402
20617 6961
6430 5164
20617 6404
20617 6549
20617 6650
6430 6467
20617 7610
20617 4792
6430 4932
20617 6394
20617 6403
20617 6380
6430 3613
20617 6398
6430 5116
20617 6793
20617 6361
20617 6500
6430 6367
20617 6462
6430 6125
20617 7790
20617 6558
20617 6393
20617 6214
6430 5402
20617 4743
20617 5123
20617 3903
6430 3627
20617 3644
6430 3624
20617 6009
20617 6755
6430 4964
20617 6482
20617 6737
6430 5513
20617 6424
20617 6373
6430 6215
20617 6524
20617 6377
20617 6504
20617 6343
20617 6677
20617 6435
20617 3767
6430 3779
20617 6359
6430 3598
20617 6457
20617 7702
20617 6530
6430 5247
20617 6519
6430 4242
20617 6663
20617 6930
20617 3692
6430 3749
20617 6545
20617 6401
20617 6884
20617 6492
6430 5792
20617 6575
20617 6414
20617 6353
20617 6372
20617 6875
20617 6359
20617 6435
20617 3918
20617 6352
20617 6805
6430 5173
20617 6468
20617 6397
20617 6385
20617 6739
20617 6498
20617 6484
20617 7488
20617 6960
20617 6952
6430 5209
20617 7005
20617 6406
20617 6423
20617 6511
20617 6523
20617 6882
20617 6391
20617 6473
6430 6355
20617 6389
20617 3676
6430 4647
20617 5118
6430 3688
20617 6919
20617 6551
20617 6778
6430 5531
20617 6471
20617 6488
20617 6408
6430 6220
20617 3921
20617 3679
20617 6607
20617 7089
20617 6404
20617 6431
20617 8211
20617 6403
20617 6409
20617 6534
20617 6406
20617 6410
20617 4779
6430 3666
20617 4963
20617 4743
6430 3827
20617 6463
20617 6414
20617 7033
6430 5374
6430 5275
20617 6687
20617 6395
20617 6812
6430 5178
20617 6745
20617 6716
20617 6417
20617 6552
20617 6421
20617 6544
20617 6411
20617 6619
6430 6440
20617 6423
20617 7561
20617 6582
6430 5171
20617 6628
20617 6484
20617 6531
20617 6368
20617 6365
20617 6357
20617 6408
20617 7133
6430 5003
20617 6665
20617 6354
20617 6414
20617 6529
20617 6631
20617 6654
20617 6500
20617 7072
6430 5390
20617 6720
20617 6570
20617 6429
20617 6396
20617 6605
20617 6488
20617 6536
20617 6530
6430 5528
20617 6594
20617 6417
20617 7828
20617 6414
20617 6633
20617 6436
20617 6798
20617 6411
6430 4155
20617 509
6430 3669
20617 6486
20617 6705
6430 6223
20617 6426
20617 6456
20617 6565
20617 6925
6430 5384
20617 5054
20617 3657
6430 3693
20617 6393
20617 7700
20617 6517
6430 6260
20617 6482
20617 6889
6430 5177
20617 6497
20617 6523
20617 6676
6430 5058
20617 7617
20617 6369
6430 6088
20617 6533
20617 7093
6430 5191
20617 6401
20617 6589
20617 6474
20617 6500
6430 6236
20617 6378
20617 6433
20617 6498
6430 6227
20617 6575
20617 6369
20617 6512
20617 6759
20617 6538
6430 4097
20617 6420
20617 6523
20617 7087
6430 5387
20617 7114
6430 4967
20617 6473
20617 6526
20617 6845
6430 3649
20617 6744
6430 6561
20617 8038
20617 6403
20617 6606
20617 6509
20617 6675
20617 6396
20617 6453
20617 6619
20617 6661
6430 4964
20617 6605
20617 4763
6430 3809
20617 5097
6430 3596
20617 6437
20617 6446
20617 7624
20617 6360
20617 6440
20617 6418
6430 5073
20617 6489
20617 6367
20617 6414
20617 6376
20617 6545
20617 6529
20617 6406
20617 6639
20617 3807
6430 5132
20617 6481
6430 4483
20617 6605
20617 6543
20617 6874
6430 6651
20617 6384
20617 6523
20617 6444
20617 6681
20617 6483
20617 6433
20617 6550
20617 7225
6430 5375
20617 6385
20617 6389
20617 6531
20617 6746
20617 6418
20617 6472
20617 6413
20617 6924
6430 5086
20617 6507
20617 6811
20617 6421
20617 6378
20617 6417
20617 6366
20617 6604
20617 8331
20617 6367
6430 4849
20617 6405
20617 6509
20617 6408
20617 6494
20617 6414
20617 5086
6430 3634
20617 3737
20617 6818
6430 5190
20617 6945
20617 6367
20617 6491
6430 6127
20617 6413
20617 6687
20617 6349
20617 6400
20617 6501
20617 6392
20617 6590
6430 4254
20617 3777
6430 3788
20617 6390
20617 6412
20617 6433
6430 6285
20617 7884
6430 6446
20617 6345
20617 6435
20617 6540
20617 6546
6430 5353
20617 6407
20617 6537
20617 6380
20617 3979
6430 3622
20617 6384
20617 6466
20617 6444
20617 6680
6430 6414
20617 6378
20617 6418
6430 6148
20617 6452
20617 6377
20617 6541
20617 6715
20617 6342
20617 6499
20617 6409
20617 6428
6430 5242
20617 6416
20617 6558
20617 7518
20617 6547
20617 6372
20617 6415
20617 6401
20617 6498
6430 6197
20617 6477
20617 6516
20617 6276
6430 5206
7000 3638
20617 3804
20617 6980
6430 5155
20617 6602
20617 6394
20617 6630
6430 6230
20617 6387
20617 6595
20617 6379
6430 5134
20617 6530
20617 6404
20617 6384
20617 6372
20617 6143
6430 3599
20617 6392
6430 4890
20617 6403
20617 7427
20617 7011
6430 5104
20617 6431
20617 6532
6430 4390
20617 6337
20617 6464
6430 5094
20617 6382
20617 6533
20617 6449
20617 6381
20617 6549
20617 6848
6430 4912
20617 3674
6430 4599
20617 5093
20617 6375
20617 6853
6430 5210
20617 6803
20617 6929
6430 5176
20617 6518
20617 6566
20617 6412
20617 6606
6430 5451
20617 6367
20617 6738
6430 6385
20617 6386
20617 4809
6430 3725
20617 6430
6430 5187
20617 6438
6430 6174
20617 6481
20617 6417
20617 6574
20617 6416
6430 4887
20617 6512
20617 6364
20617 6729
20617 6823
20617 3862
6430 3651
20617 4764
6430 5060
20617 7315
20617 6419
20617 6576
6430 5349
20617 6379
20617 6502
20617 6413
20617 6520
6430 5423
20617 7339
20617 6440
20617 6439
20617 3961
6430 3612
20617 6936
20617 6397
6430 5471
20617 6520
20617 6745
6430 5071
20617 6538
20617 6604
6430 6437
20617 6527
6430 3691
20617 6510
20617 6511
20617 6402
6430 6078
20617 6461
6430 6200
20617 6358
20617 6854
6430 4949
20617 6519
20617 6373
20617 6933
6430 5196
53338 4795
38949 6529
20617 4763
6430 3729
20617 4049
20617 6808
6430 5117
20617 6817
20617 6395
20617 6407
6430 6233
20617 6392
20617 6348
6430 3637
20617 6385
20617 6388
20617 6405
6430 6191
20617 6543
20617 6420
20617 4640
6430 3653
20617 6675
6430 4847
20617 6483
20617 6534
20617 6484
20617 6422
20617 6754
6430 5041
20617 6529
6430 6371
20617 6377
20617 75632
6430 81392
20617 9280
6430 8125
20617 6410
20617 6383
6430 4857
20617 6415
20617 6382
20617 6510
20617 6420
20617 6441
20617 6939
6430 5177
20617 6429
20617 6804
20617 4995
6430 3730
20617 5027
6430 3590
45137 6438
45137 6381
45137 7160
38949 6779
45137 6368
45137 6388
45137 6356
45137 6378
45137 3802
38949 3604
20617 4625
20617 6541
20617 6559
20617 6393
20617 7655
6430 7469
20617 6397
20617 6301
20617 6510
20617 6387
20617 6428
6430 6268
20617 6363
20617 6390
20617 6382
20617 6400
6430 6226
20617 6376
20617 6372
6430 5020
20617 6426
20617 6449
20617 4038
20617 3758
6430 3618
20617 4617
20617 6640
6430 5043
20617 6539
20617 6405
20617 6341
20617 6531
20617 6921
6430 4923
20617 6393
20617 6518
20617 7399
20617 6545
6430 6360
20617 6497
20617 6414
6430 6176
20617 6505
20617 6373
20617 6398
20617 6406
20617 6405
6430 6171
20617 6359
20617 6417
20617 6391
20617 5121
20617 7212
6430 5543
20617 6537
6430 6086
20617 6389
20617 6503
20617 6476
6430 6251
20617 6496
20617 6449
20617 6368
20617 6553
20617 6392
20617 6405
20617 6252
20617 6391
20617 7737
6430 5737
20617 6469
20617 6494
20617 6574
20617 6443
20617 6437
20617 6513
20617 7989
20617 6429
6430 6261
20617 6517
20617 6170
20617 6535
20617 6454
20617 6402
20617 6381
20617 6394
20617 6287
6430 4358
20617 3756
20617 7018
6430 5138
20617 6441
20617 7145
6430 5238
20617 6779
20617 6824
20617 6925
6430 5107
20617 7106
6430 4871
20617 8215
20617 7100
6430 5081
20617 6522
20617 6385
20617 6595
20617 6922
6430 4985
20617 6803
20617 6540
6430 6115
20617 6517
20617 6836
6430 5325
20617 6077
20617 6431
6430 3788
20617 6356
20617 6423
20617 6447
20617 6567
6430 5030
20617 4753
6430 5034
20617 6390
20617 6513
20617 6517
20617 7496
6430 5719
20617 6386
20617 6409
20617 8169
20617 6425
20617 6568
20617 6438
6430 4938
20617 6493
20617 4002
6430 3609
20617 6546
20617 6396
6430 6054
20617 6418
20617 6636
20617 6947
6430 5293
20617 6561
6430 6440
20617 6603
20617 6370
20617 6517
20617 7880
6430 6359
20617 6498
20617 3945
6430 3599
20617 4779
20617 6650
6430 5054
20617 6451
20617 6427
20617 6931
6430 5102
20617 8166
20617 6516
20617 6776
20617 6711
6430 5112
20617 6404
20617 6521
6430 5066
20617 6542
20617 3911
6430 4725
20617 6493
20617 6544
6430 5118
20617 6490
6430 5400
20617 6449
20617 6746
20617 6754
6430 5485
20617 6615
20617 6369
20617 6547
20617 6574
20617 6381
20617 6710
20617 6698
20617 6686
6430 6647
20617 5360
6430 3620
20617 3969
20617 9073
6430 7183
20617 6429
20617 6513
20617 6878
6430 5034
20617 6516
20617 6485
20617 6967
20617 7035
6430 5088
20617 6799
6430 4957
20617 6483
20617 6566
20617 6133
6430 4750
20617 6841
20617 7281
6430 5732
20617 6498
20617 6990
6430 5058
20617 7144
6430 5422
20617 6397
20617 6401
20617 6844
6430 5536
20617 6549
20617 6421
20617 6486
20617 1262
6430 6167
6430 3772
20617 3673
20617 6471
6430 6306
20617 6408
20617 6511
6430 5316
20617 6733
20617 6386
20617 6888
6430 5217
20617 6385
20617 6393
20617 6523
20617 6510
20617 7009
6430 5144
20617 6534
20617 6446
20617 6379
20617 6475
6430 5264
20617 6575
20617 6746
20617 5408
6430 4024
20617 6609
6430 5507
20617 6483
20617 7739
6430 6356
20617 6544
20617 6543
20617 6400
20617 6414
6430 5154
20617 6790
20617 6379
6430 3740
20617 3644
20617 6386
6430 4159
20617 7111
20617 6376
20617 6810
20617 6902
6430 5225
20617 6440
20617 6457
20617 6394
20617 6362
20617 6488
20617 6496
20617 6317
6430 4190
20617 3930
6430 3929
20617 6584
20617 6374
20617 6578
20617 6368
20617 7832
20617 6404
20617 6380
20617 7228
6430 5254
20617 6369
20617 6389
20617 6576
20617 6267
6430 4489
20617 6388
20617 6957
6430 5243
20617 6553
20617 6475
20617 6890
20617 6363
20617 6406
20617 6518
20617 6640
6430 4909
20617 3904
6430 3838
20617 6666
20617 6623
20617 6981
20617 6478
20617 6390
20617 6387
20617 6473
6430 5007
20617 6447
20617 7562
20617 6556
20617 6500
20617 6208
6430 3645
20617 3635
20617 3669
6430 3630
20617 7069
20617 6709
20617 6544
6430 5281
20617 6941
20617 6564
6430 6257
20617 6518
6430 4866
20617 6527
20617 6490
20617 6472
20617 6875
6430 4985
20617 6376
20617 5158
6430 3860
20617 6374
20617 6405
20617 6367
20617 6469
20617 6745
6430 6610
20617 7263
6430 5080
20617 7136
20617 6465
20617 6597
6430 5131
20617 6429
20617 6472
20617 6538
20617 6507
20617 6496
6430 5286
20617 6387
20617 6405
20617 6415
20617 6365
20617 6544
20617 6589
6430 4945
20617 3629
20617 6382
6430 5043
20617 6407
20617 6813
20617 6726
6430 5113
20617 6484
20617 6408
20617 6522
20617 6538
20617 6530
20617 6388
20617 6393
20617 5180
6430 4468
20617 6411
20617 6982
6430 5281
20617 6419
6430 6026
20617 6676
20617 6497
20617 7208
6430 4974
20617 6837
20617 6562
20617 6481
20617 6371
20617 6476
20617 6198
6430 4188
20617 3696
6430 3612
20617 7435
20617 6427
6430 4943
20617 6426
20617 6846
20617 7079
6430 5130
20617 6569
20617 6406
6430 6180
20617 6589
6430 6193
20617 6418
20617 7764
20617 6376
20617 5716
6430 4875
20617 6454
20617 6594
6430 3749
20617 6398
20617 6938
20617 6476
20617 6451
20617 6413
20617 6380
6430 3739
20617 6393
20617 6530
20617 6376
20617 6380
20617 6419
20617 4797
6430 5233
20617 3640
6430 3670
20617 3641
20617 6439
6430 4200
20617 6628
20617 6408
20617 6421
6430 6167
20617 6415
20617 7508
20617 6483
20617 6522
20617 6494
20617 6380
20617 6337
20617 6295
6430 3762
20617 6862
20617 6436
20617 6755
6430 5036
20617 6386
20617 6374
20617 6372
20617 7329
20617 6755
20617 6477
20617 6730
6430 6514
20617 6397
20617 4808
6430 5056
20617 3772
6430 3821
20617 3839
20617 7168
6430 5493
20617 6536
20617 6389
20617 6568
6430 6422
20617 7485
20617 6410
20617 6409
20617 6721
20617 6399
20617 6509
20617 6387
20617 6150
6430 3877
20617 6386
20617 6500
20617 6552
20617 6373
20617 6369
20617 6493
20617 6936
20617 6649
20617 6771
20617 6444
20617 6513
20617 6465
6430 6219
20617 6568
20617 6357
20617 6507
6430 6289
20617 6360
20617 6887
6430 6672
20617 4615
20617 7078
6430 5312
20617 7915
20617 6698
20617 6391
20617 6400
20617 6584
6430 6276
20617 6403
20617 6361
20617 6607
6430 4974
20617 6455
20617 8065
6430 6097
20617 6327
20617 6487
20617 6355
20617 6683
20617 6904
6430 5101
20617 6430
20617 6510
6430 6326
20617 6389
20617 6446
20617 6306
6430 4981
20617 6631
20617 6371
20617 513
6430 6171
20617 6549
20617 7720
20617 6515
20617 6801
6430 5217
20617 6414
20617 6453
20617 6515
20617 6412
20617 6705
6430 5079
20617 6499
20617 6383
20617 4804
20617 6501
6430 5532
20617 6474
6430 5205
20617 6817
20617 6517
6430 3730
20617 6514
20617 6429
6430 6134
20617 6400
20617 6501
20617 6369
20617 6828
20617 6863
20617 6503
20617 6404
20617 6529
6430 4924
20617 4904
20617 4086
6430 3598
20617 6772
20617 6885
6430 4929
20617 6363
20617 7617
6430 6334
20617 7203
20617 6367
20617 6540
6430 6341
20617 6356
20617 6453
20617 6394
20617 6485
20617 6464
20617 10905
6430 9641
20617 6426
20617 6361
20617 6692
6430 5083
20617 6398
20617 4076
6430 3716
20617 6513
20617 6534
6430 4009
20617 6459
20617 6960
20617 7863
20617 6262
6430 4137
20617 3622
20617 6486
6430 4692
20617 6542
20617 6366
20617 6615
6430 6477
20617 6436
20617 6321
6430 6112
20617 6883
6430 4953
20617 6540
20617 6846
20617 6517
20617 6554
6430 5355
20617 6379
20617 6532
6430 5308
20617 6773
20617 6404
20617 6407
20617 6661
6430 4960
20617 3770
20617 6410
20617 6543
20617 6537
20617 7773
20617 6509
20617 6520
20617 6765
20617 6465
6430 6166
20617 5281
6430 3600
20617 4636
20617 6411
20617 6395
20617 6631
20617 6802
20617 6393
20617 6418
6430 6289
20617 6532
20617 6708
20617 6451
20617 7440
6430 5746
20617 6371
20617 3856
6430 3632
20617 6846
6430 5210
20617 6431
20617 6888
6430 5185
20617 6475
20617 6379
6430 6250
20617 8014
20617 6526
20617 6871
6430 5045
20617 6438
20617 6476
20617 6478
20617 3978
6430 3935
20617 3656
6430 4666
20617 6445
20617 6351
20617 239
6430 5106
6430 3780
20617 4957
20617 6453
20617 6388
20617 7100
20617 6392
6430 5445
20617 6915
6430 4933
20617 6858
20617 6423
6430 5130
20617 6360
20617 6755
6430 6220
20617 6410
20617 7675
20617 6772
6430 5190
20617 6947
6430 4994
20617 6548
20617 6616
6430 5161
20617 6816
20617 6892
6430 4927
20617 6578
20617 6450
6430 5235
20617 6373
20617 6421
20617 6819
20617 6343
20617 6398
20617 6695
20617 6408
6430 6171
20617 3733
6430 3611
20617 6594
20617 6389
6430 5114
20617 6447
20617 6404
20617 6815
6430 5053
20617 6470
20617 7256
20617 7094
6430 5278
20617 6366
20617 6369
6430 5073
20617 6508
20617 6134
20617 6395
6430 6194
20617 6401
6430 3893
20617 6583
20617 6546
6430 6236
20617 6623
6430 5007
20617 6647
20617 6522
6430 6333
20617 6843
20617 6646
6430 4953
20617 6402
20617 6428
20617 6361
20617 6757
6430 5008
20617 6474
20617 6466
20617 7320
20617 6443
20617 3046
6430 5020
20617 6281
6430 3764
20617 6431
20617 6528
6430 6392
20617 6406
20617 6437
6430 5384
20617 6355
20617 7099
6430 4923
20617 6620
20617 6547
20617 6562
20617 6386
20617 6493
20617 3760
6430 3613
20617 6389
20617 6420
6430 6217
20617 6391
20617 6417
6430 6256
20617 6487
20617 6427
20617 6367
20617 7054
20617 6430
20617 6381
20617 6365
20617 6276
6430 4817
20617 6388
20617 6404
20617 6855
20617 7005
6430 4891
20617 6372
20617 6390
20617 6692
20617 6396
20617 6378
6430 6147
20617 6484
20617 6395
20617 6814
20617 6384
20617 6373
20617 6397
20617 6391
20617 6575
20617 6468
6430 5098
20617 6503
20617 6388
20617 6507
20617 6504
20617 6564
20617 6981
20617 6363
20617 6136
6430 3882
20617 4114
20617 6791
6430 5014
20617 6548
20617 7127
20617 6609
20617 6391
20617 6341
6430 4823
20617 3637
6430 3743
20617 5958
20617 6948
6430 4925
20617 6344
20617 6424
20617 6398
6430 6130
20617 6411
20617 6493
20617 6408
20617 6541
20617 6534
20617 6742
20617 6521
20617 3795
6430 4061
20617 6549
6430 6402
20617 6947
20617 7040
6430 5046
20617 6420
20617 6352
20617 6309
6430 6121
20617 5000
6430 3617
20617 6370
20617 6963
6430 5178
20617 6479
20617 6349
20617 6410
20617 6419
20617 6824
20617 7684
20617 6727
6430 5220
20617 6386
20617 6470
20617 6454
6430 6003
20617 6409
20617 6399
20617 6374
20617 6663
20617 6488
20617 6797
6430 5069
65089 6962
65089 6402
65089 6293
29167 4778
29167 4817
65089 4951
24763 6288
44995 4640
44995 5079
59160 3627
59160 3622
59160 4747
44995 4980
19647 3765
19647 3629
24763 3676
51752 4692
52704 5236
12769 3795
56508 449
51752 973
6430 6399
38949 6464
26920 6425
20617 3733
20617 6624
6430 6428
20617 6824
20617 6563
20617 6609
6430 5117
20617 7032
20617 6414
20617 6361
20617 6427
6430 4092
20617 6389
20617 6398
20617 6415
20617 6414
6430 5007
20617 6420
6430 4873
20617 6524
20617 6390
20617 6417
20617 6923
6430 5178
20617 6512
20617 9381
20617 6408
20617 6812
20617 3600
6430 3931
45137 6372
45137 6399
45137 6396
45137 6402
45137 6579
45137 6449
45137 7144
45137 5721
38949 5151
37116 3574
37116 6204
6430 7118
14712 5402
43385 3909
52704 4603
12769 4968
52704 7782
12769 5014
26920 3636
20617 4943
43385 3704
43385 4492
14712 1053
43385 13428
43385 6455
12769 6194
43385 6367
43385 6804
12769 5234
14712 7352
14712 6563
14712 6384
14712 6643
52704 5045
12769 3730
52704 3703
12769 6226
14712 7129
52704 5004
43385 6764
12769 3915
38949 6752
20617 940
6430 4054
20617 6392
20617 6501
20617 6366
20617 6505
6430 6079
20617 6874
20617 6806
20617 6982
6430 5204
20617 6356
6430 6155
20617 6393
20617 6530
20617 6847
20617 6779
6430 4988
20617 6385
20617 6636
6430 5040
20617 6368
20617 6416
6430 6230
20617 6378
20617 6499
20617 7005
6430 6884
20617 6603
20617 7089
20617 6406
20617 6372
20617 6865
20617 6727
6430 5077
20617 6912
6430 5141
20617 7970
20617 6711
20617 6601
20617 6554
20617 6362
20617 6565
20617 6467
20617 7044
6430 4931
20617 6844
20617 6567
20617 6376
20617 4888
6430 3780
43385 5397
43385 4246
12769 4686
14712 5005
45137 6488
45137 6402
38949 4915
45137 7626
45137 6467
45137 6412
45137 6362
45137 6363
45137 3896
38949 4008
52704 3625
20617 3792
20617 7238
6430 5334
20617 6402
20617 6532
20617 6581
6430 5113
20617 6491
20617 6470
20617 6369
20617 6383
20617 6179
6430 5123
20617 3654
20617 3667
6430 4110
20617 6543
20617 6381
6430 6040
20617 6479
20617 6757
20617 6369
20617 6865
6430 6643
20617 8235
20617 6609
20617 6382
20617 7047
6430 5211
20617 6466
20617 6162
20617 7583
6430 6682
20617 6451
20617 6401
20617 6389
6430 4888
20617 6719
20617 6896
6430 5298
20617 6542
20617 6712
20617 6350
20617 6554
20617 6408
20617 6248
6430 3863
20617 6370
20617 6864
6430 6459
20617 6716
6430 4537
20617 3623
20617 6871
6430 5234
20617 6419
20617 7862
20617 6506
20617 6396
20617 386
6430 4884
6430 3668
20702 3631
20617 3880
20617 6797
20617 6372
20617 6510
6430 6265
20617 6591
20617 6362
20617 6482
20617 6611
20617 6803
20617 6461
20617 6511
20617 6446
6430 6141
20617 6450
20617 6396
20617 6493
20617 3828
6430 3601
64399 3851
20617 5966
20617 6355
20617 6617
20617 6769
6430 6282
20617 7625
20617 6412
20617 3650
6430 3650
20617 6468
20617 6391
20617 6662
20617 6481
20617 6380
20617 6488
20617 6396
6430 6263
20617 6377
20617 6408
6430 4910
20617 6497
6430 5528
20617 7548
20617 6421
20617 6395
20617 6548
6430 6221
20617 3798
20617 6576
20617 6394
20617 6569
20617 6354
20617 6429
6430 6198
20617 6397
20617 7689
20617 6403
20617 6522
20617 6525
20617 6410
20617 6726
6430 5267
20617 6929
6430 5033
20617 6713
20617 6512
20617 6576
20617 6547
20617 6364
20617 6382
20617 7061
6430 5374
20617 6387
20617 6471
20617 6388
20617 6448
6430 5506
20617 3665
20617 6464
20617 6702
6430 6483
20617 6387
20617 6632
20617 6405
20617 6449
20617 6384
20617 6426
20617 8482
20617 6805
20617 6380
20617 4771
6430 3626
20617 6346
20617 6947
6430 5073
20617 6775
20617 7036
6430 4929
20617 6416
20617 6271
6430 3618
20617 3659
20617 7232
20617 6873
6430 4887
20617 6383
20617 6375
20617 6415
20617 6616
20617 6423
6430 5289
20617 6507
20617 6428
20617 6811
6430 5615
20617 6397
20617 6671
6430 3620
20617 6412
20617 7359
20617 6384
20617 6935
6430 4919
20617 6535
20617 6425
20617 6386
20617 6453
20617 6956
6430 5126
20617 6704
20617 6428
20617 4031
6430 3752
44995 5997
44995 3729
6430 970
20617 3851
20617 6387
20617 7095
6430 5197
20617 6531
20617 6415
6430 5129
20617 6399
20617 6340
20617 6483
6430 5119
20617 6506
20617 6256
6430 3770
20617 7745
20617 6939
6430 4944
20617 6560
20617 6507
20617 6405
20617 6495
20617 6424
20617 6518
20617 6853
6430 4995
59160 4226
59160 3774
44995 4573
59160 5237
18940 3963
20617 3692
20617 6370
6430 5002
20617 6851
20617 6656
20617 6414
20617 6568
20617 6825
20617 6442
6430 5075
20617 6487
20617 6374
20617 6451
20617 6196
6430 3624
20617 6967
20617 6604
20617 7042
6430 4893
20617 6372
20617 6736
20617 6709
6430 5717
44995 3615
20617 3646
20617 6480
6430 5256
20617 6497
20617 6416
20617 6425
20617 6377
20617 6823
6430 5221
20617 6376
20617 6612
20617 6617
6430 5013
20617 6403
20617 6460
20617 6526
20617 6365
20617 6409
20617 6384
20617 6393
20617 7026
6430 5070
20617 6856
20617 6904
20617 6406
20617 3672
6430 3640
20617 3620
2748 4831
18940 4916
18940 8416
65089 6321
65089 6223
6430 3863
20617 3629
20617 6305
6430 3605
20617 6344
20617 6395
20617 6977
6430 5189
20617 6798
20617 6893
20617 6464
6430 6287
20617 6519
20617 6537
20617 6586
20617 6411
20617 6388
6430 6160
20617 6394
20617 6571
20617 6389
20617 6439
20617 7242
20617 6788
6430 5111
20617 6408
20617 6379
20617 6403
20617 6849
20617 6567
6430 3698
20617 6384
20617 6396
6430 6210
20617 3812
6430 5011
2748 3659
2748 8288
2748 6357
2748 7051
18940 5458
2748 6269
18940 5256
18940 3718
18940 4135
18940 6638
29167 4891
29167 3711
65089 4596
2748 3711
2748 5050
2748 3696
18940 4117
18940 4696
20617 4631
20617 6392
6430 3741
20617 6372
20617 6456
20617 6454
6430 6136
20617 6518
20617 6426
20617 6438
6430 5102
20617 6408
20617 6268
6430 3628
20617 6502
20617 6413
20617 6386
6430 5363
20617 7552
6430 5730
20617 6449
20617 6390
20617 6959
6430 5205
20617 6417
20617 4817
6430 5066
20617 4035
6430 3611
20617 6493
20617 6592
6430 5116
20617 7187
20617 6410
20617 6447
6430 6218
20617 6399
20617 6424
20617 6396
20617 7169
6430 6921
20617 6402
20617 6559
20617 6389
20617 6399
6430 5311
20617 6470
20617 5099
2748 3616
6430 5411
20617 6890
6430 5074
20617 6402
20617 6314
6430 4920
2748 3786
20617 3667
20617 6462
20617 7061
6430 4926
20617 6416
20617 6499
20617 6376
20617 6452
20617 7078
20617 6379
20617 6308
6430 4794
20617 6680
20617 6451
6430 6237
20617 6417
20617 6828
20617 6448
6430 6249
20617 6396
20617 6358
20617 6363
20617 7044
6430 5117
2748 6305
2748 3783
18940 3625
2748 6460
2748 6365
2748 615
18940 3736
2748 6429
2748 6593
2748 6402
2748 6395
18940 6207
2748 6396
2748 6406
18940 4085
2748 7211
2748 6463
18940 6031
2748 3857
36432 1533
20617 4653
6430 4922
20617 6580
20617 6359
20617 6406
63958 3676
6430 5047
20617 6437
6430 5160
20617 6432
20617 6640
20617 6355
20617 6532
20617 6434
20617 6404
20617 6474
20617 4500
6430 4182
63958 5213
20617 6524
20617 6373
6430 3634
20617 6463
20617 6402
20617 6385
20617 6427
20617 7163
6430 6873
20617 6534
20617 6213
6430 3832
2748 6330
18940 4861
2748 6489
2748 3696
2748 3665
18940 5089
2748 5131
18940 3619
2748 6634
2748 6563
18940 6280
2748 4865
2748 6237
18940 3631
2748 6373
44995 5006
44995 3740
44995 4094
44995 4806
44995 5031
44995 3804
44995 3668
44995 4694
2748 6571
2748 6453
18940 6213
2748 6705
2748 6918
18940 5551
2748 6803
2748 6379
18940 6210
2748 6364
2748 6423
18940 5375
2748 6351
2748 6510
18940 6068
2748 6420
2748 6466
18940 4960
59160 3558
59160 3669
59160 6098
44995 3641
21760 3826
4352 3794
60673 3669
14598 3674
59160 761
59160 3618
44995 3592
59160 3752
44995 3642
59160 4755
59160 5068
44995 3649
59160 3814
2748 6864
2748 6548
18940 4289
2748 6356
2748 6541
18940 6255
2748 7420
2748 6654
18940 5017
2748 6419
2748 6452
18940 6272
2748 6806
2748 6223
18940 4867
2748 6410
2748 3837
18940 4590
2748 3144
18940 3600
51755 3654
51755 3603
36432 813
58619 4664
58619 4959
63958 872
20617 3735
20617 6412
6430 6224
20617 7130
20617 6921
6430 5075
20617 6457
20617 6817
20617 6402
20617 6350
20617 6426
20617 6443
20617 6407
20617 6521
20617 6204
6430 1931
20617 6380
20617 6415
6430 4636
20617 6400
20617 6845
20617 6396
20617 6802
6430 4108
6430 3635
6430 3607
41100 3787
60673 3601
60673 7759
36996 6045
14598 4922
49293 3728
21760 3611
12429 4321
4352 4098
14598 7617
21760 6660
4352 6347
2748 6689
2748 6376
18940 6132
2748 6903
44995 5186
2748 6378
2748 3676
18940 3609
2748 6522
2748 6788
18940 5058
2748 6386
2748 7564
18940 6238
2748 6536
2748 6406
18940 6034
2748 6529
18940 4880
2748 6543
2748 7012
18940 5574
2748 6447
2748 6389
18940 6112
2748 6448
2748 6836
18940 5734
2748 6383
2748 6730
18940 5019
2748 6429
2748 6880
18940 5045
2748 6419
2748 6579
18940 6079
2748 6795
2748 7033
18940 5404
2748 6577
18940 6000
2748 6428
2748 6397
18940 6145
2748 6716
2748 6440
18940 6225
41100 3753
41100 7530
41100 6759
60673 5175
41100 6386
2748 6381
2748 6421
18940 6271
36996 3695
36996 7926
36996 6903
14598 5186
36996 6365
49293 3605
41100 6283
60673 3586
49293 7412
49293 6661
21760 5060
49293 7193
12429 6944
12429 7494
12429 7359
4352 5548
12429 6563
36996 6202
14598 6045
12429 6376
4352 4931
49293 6322
21760 3632
60673 5063
21760 901
60673 4829
4352 3608
14598 5264
60673 6236
60673 3745
60673 3697
2748 6573
60673 4423
2748 6925
18940 4894
2748 6391
2748 6381
18940 6200
2748 6815
2748 6384
18940 6214
2748 5095
26076 3639
18940 3598
59160 6612
30108 3890
41100 3629
41100 3748
41100 4605
60673 3632
60673 4980
41100 3662
41100 3600
41100 3623
49293 3599
36996 3637
14598 3704
49293 4629
49293 5332
21760 4499
21760 3775
12429 3595
4352 3633
41100 6930
60673 5201
41100 6888
41100 6384
41100 6810
60673 5189
41100 6450
60673 6194
41100 6571
60673 6360
41100 6507
41100 7446
60673 6323
41100 6384
41100 6505
60673 6362
41243 3821
41100 6375
41100 6909
60673 4909
41100 6377
41100 6512
60673 6322
41100 6430
60673 6191
41100 6422
60673 5131
41100 6833
60673 5029
41100 6406
60673 6085
41100 6939
60673 4086
41100 6882
60673 6687
41100 6386
60673 5216
41100 6524
60673 5061
41100 6426
60673 6231
41100 6412
60673 6198
41100 6555
60673 6328
41100 6350
41100 6384
60673 5160
41100 6417
41100 6676
60673 5044
41100 6374
60673 3768
41100 6383
41100 6695
41100 6456
60673 6235
41100 6437
41100 6778
60673 4942
41100 6369
60673 5154
41100 6385
41100 6851
60673 6548
41100 6963
41100 6415
41100 6396
60673 6180
44995 3683
41100 7025
41100 6728
60673 4899
41100 6442
41100 6673
60673 5185
41100 6472
41100 6840
60673 5166
41100 6429
41100 7006
60673 5552
41100 6430
60673 3628
41100 6410
41100 6418
41100 6390
60673 6189
41100 6888
60673 6672
41100 6480
50091 3862
30108 4703
30108 7077
60673 4131
19263 3693
60673 5119
51468 4388
50091 3611
50091 7207
50091 6880
30108 5084
50091 6391
50091 6322
30108 5348
41100 6571
41100 6411
60673 6176
41100 6534
41100 4810
60673 5145
30108 3806
30108 3656
30108 6313
60673 3796
60673 4707
60673 5047
60673 3725
60673 3808
60673 6217
60673 3861
60673 3683
60673 3754
60673 4672
60673 5026
60673 3691
60673 3704
60673 4724
60673 5129
60673 4187
60673 1683
60673 6122
60673 3693
60673 3906
60673 4767
60673 5028
60673 4148
60673 4696
60673 5013
60673 3687
60673 3688
60673 3670
60673 6070
60673 3659
60673 3677
60673 4114
50091 6126
50091 3685
30108 3724
50091 3817
60673 3685
60673 6226
60673 3671
60673 3809
60673 3741
60673 6032
30108 3763
50091 3716
50091 3682
30108 3638
60673 6517
60673 3725
60673 4151
60673 4715
60673 5094
60673 3700
60673 3732
60673 6110
60673 3897
60673 3714
60673 3847
60673 4822
33031 5159
60673 3881
60673 4137
60673 3701
60673 4668
60673 5014
60673 3721
60673 6089
60673 3694
60673 4148
60673 6468
60673 3762
60673 3688
60673 3696
60673 5144
60673 5050
9434 4246
41100 4125
41100 6410
41100 6832
60673 4939
41100 6812
60673 6465
41100 6768
60673 5714
41100 6912
60673 5094
41100 4995
60673 3578
41100 7326
41100 4982
60673 3643
41100 6563
60673 3777
41100 6872
60673 4953
41100 6828
60673 5191
41100 3855
60673 3675
41100 6482
41100 6430
60673 6234
41100 7037
60673 4977
41100 6928
60673 5214
41100 7004
41100 6412
60673 6029
41100 6488
41100 3981
60673 3619
41100 6521
41100 6678
60673 6529
41100 6385
41100 6390
60673 6080
41100 6545
41100 6366
60673 3699
41100 6432
41100 2202
60673 4928
41100 6359
41100 4800
60673 3660
61573 3854
33031 3633
41100 6842
60673 4548
41100 6836
60673 5219
33031 7312
41100 6431
41100 5515
60673 3616
41100 6543
41100 3392
60673 3716
41100 7235
41100 6388
60673 6248
41100 6385
41100 7096
60673 6965
41100 6335
41100 6551
60673 6384
41100 6851
41100 6519
60673 6241
24971 3833
41100 6521
41100 6612
60673 5162
41100 6487
41100 6379
60673 6205
41100 6368
60673 6137
41100 6405
41100 6769
60673 5049
41100 5183
41100 6354
41100 6438
60673 6235
41100 6415
60673 5055
41100 6825
41100 6372
41100 6517
60673 6353
41100 6371
41100 6414
60673 6241
41100 6670
60673 5040
41100 6519
41100 6449
60673 5197
41100 6402
41100 6450
60673 5985
41100 6489
60673 3760
41100 6416
41100 6937
60673 5288
41100 6394
41100 6673
41100 6386
60673 6171
41100 6410
41100 7269
60673 6258
41100 6371
60673 5438
41100 6531
61573 5347
41100 6399
41100 6416
60673 4864
61573 7741
61573 6378
33031 6235
61573 6403
41100 6846
41100 6389
60673 5008
41100 6778
60673 5315
41100 6544
61573 6762
33031 4859
41100 6507
41100 6412
60673 5255
41100 6492
41100 6405
60673 5244
41100 6450
60673 3646
41100 6486
33031 3724
33031 3726
33031 6729
33031 3682
33031 3784
41100 6574
60673 6166
41100 6371
41100 6807
60673 6418
41100 6367
41100 6433
41100 6391
60673 6195
41100 6766
60673 5266
41100 6441
41100 3840
60673 3646
41100 6420
41100 6378
41100 6406
60673 6029
41100 6472
60673 3599
41100 6426
60673 6123
41100 6428
41100 6495
60673 5273
41100 6465
41100 6508
60673 4173
41100 7636
41100 6940
60673 5166
41100 6378
41100 6375
41100 6922
60673 5184
41100 6692
41100 6436
60673 6290
41100 6398
60673 4993
41100 6415
41100 6372
41100 7179
60673 5443
41100 6460
41100 3688
60673 3627
41100 6382
60673 6248
41100 6394
41100 6939
60673 5186
41100 6372
41100 6570
60673 6391
41100 6378
41100 6438
60673 6252
41100 6549
41100 6805
60673 5007
41100 7015
41100 6420
60673 6454
41100 6575
50091 3964
61573 3791
61573 3771
61573 3695
33031 4778
33031 4956
61573 3617
61573 6431
33031 6015
61573 6483
61573 6407
61573 6443
61573 6357
33031 5119
61573 6787
61573 6536
61573 6393
33031 3601
61573 6715
61573 6401
33031 6148
61573 6383
61573 6885
33031 5241
61573 6399
61573 6478
33031 6267
61573 6406
61573 6895
33031 6653
41100 6373
41100 6503
41100 6382
60673 6072
61573 6709
33031 4899
61573 6476
33031 5031
41100 6947
41100 6554
41100 6558
60673 5075
41100 6380
41100 6370
41100 6388
60673 6172
41100 6370
41100 6731
60673 6438
41100 6418
41100 6409
60673 4783
61573 6453
33031 6240
61573 6966
33031 5101
41100 6502
41100 6382
41100 6513
60673 5274
41100 6924
41100 9931
41100 6998
60673 5087
61573 6799
33031 5178
61573 6889
33031 4937
41100 6430
41100 6448
60673 6308
41100 6432
61573 6523
61573 6407
33031 6162
41100 6426
41100 6390
41100 6876
60673 5066
41100 6720
41100 6416
41100 6918
60673 4902
41100 6430
60673 6253
41100 6381
41100 6429
60673 5154
61573 6374
61573 6396
33031 5367
41100 6512
41100 5381
60673 4799
41100 6358
41100 6390
41100 6398
60673 6090
41100 7326
60673 5568
41100 6497
41100 6408
60673 5247
41100 6678
41100 6347
41100 6494
60673 6298
41100 6365
41100 6415
41100 6419
60673 6205
61573 7287
61573 6599
33031 4983
61573 6411
61573 6937
33031 5055
41100 6495
41100 6420
41100 6563
60673 6385
41100 6464
41100 6365
41100 6497
60673 6059
41100 8774
41100 6581
41100 7199
60673 5493
41100 6396
60673 4849
41100 6547
41100 6386
41100 6535
60673 6367
41100 7364
60673 4955
41100 6400
41100 6421
60673 6227
41100 6544
41100 6795
60673 4962
41100 6578
41100 6507
60673 5145
41100 6392
41100 6592
60673 6456
41100 6509
41100 6369
41100 6515
60673 6346
41100 6699
60673 5141
41100 6396
41100 7423
60673 5947
41100 7516
41100 6526
41100 7001
60673 5357
41100 6420
60673 5155
41100 6382
41100 7103
41100 6411
60673 5152
41100 6526
60673 5446
41100 6869
41100 6898
60673 5188
41100 6474
41100 6392
41100 6927
60673 5100
41100 6454
41100 6602
60673 5258
41100 6766
60673 4955
41100 6394
41100 6578
41100 7171
60673 5284
41100 6697
60673 5115
41100 7643
61573 5420
41100 6347
60673 5405
41100 6463
41100 6383
41100 6864
60673 5211
41100 6477
41100 3827
60673 3640
41100 6396
41100 6430
60673 6268
41100 6412
60673 5033
41100 6435
41100 6422
41100 6839
60673 6542
41100 6400
41100 6528
60673 3607
41100 6424
41100 6739
60673 6437
41100 6402
41100 6422
60673 6280
41100 6542
60673 4201
41100 6419
41100 7646
41100 6551
60673 5247
41100 6533
41100 6458
60673 6180
41100 6386
41100 7002
60673 5277
41100 6558
41100 6407
60673 5159
41100 6814
60673 5189
41100 7428
41100 6463
41100 6883
60673 5236
41100 6908
60673 4952
41100 6509
41100 7192
60673 5181
41100 6507
41100 6390
41100 6987
60673 5007
41100 6575
41100 6429
60673 3638
41100 6466
41100 6972
41100 8045
41100 7034
60673 5073
41100 6903
60673 4983
41100 6383
41100 6546
41100 6925
60673 5081
41100 7224
60673 5275
41100 6797
41100 6376
41100 6975
60673 5209
41100 6512
60673 5158
41100 6491
41100 6880
60673 5061
41100 6511
41100 6422
41100 6518
60673 3646
41100 6426
60673 5005
41100 6604
41100 6898
60673 4920
41100 6432
41100 6365
41100 6500
60673 4883
41100 7427
41100 7152
60673 5371
41100 6562
60673 5086
41100 6499
41100 6709
41100 7575
60673 5781
41100 6605
60673 3612
41100 6850
41100 6845
60673 4970
41100 6458
41100 6407
41100 6731
60673 5038
41100 6474
41100 6976
60673 5077
41100 6433
41100 6606
60673 4788
41100 6855
41100 6434
60673 5020
41100 6532
60673 4774
41100 6415
41100 6418
60673 4889
41100 7732
41100 6889
60673 5201
41100 6523
41100 6408
41100 7245
60673 5424
41100 6910
60673 4985
41100 6494
41100 6354
60673 5199
41100 6402
41100 6816
41100 7127
60673 5279
41100 6550
41100 6948
60673 5236
41100 6557
41100 6603
60673 5341
41100 6415
41100 6991
60673 5152
41100 6464
60673 5392
41100 6895
41100 6385
41100 6925
60673 5126
41100 8394
60673 6501
41100 6738
41100 6546
60673 5340
41100 7167
41100 6821
41100 7094
60673 5322
41100 6473
41100 6408
60673 5913
41100 6625
41100 6659
60673 5065
41100 6400
41100 6600
60673 5124
41100 6446
41100 6533
60673 3628
41100 6554
60673 3609
41100 6415
41100 6364
41100 6922
60673 5085
41100 6472
60673 4112
41100 6491
41100 6863
41100 7193
60673 5491
41100 7195
41100 7004
60673 5264
41100 6712
41100 7163
60673 5112
41100 6391
41100 6772
60673 5142
41100 6756
41100 6991
60673 4925
41100 6952
60673 5055
41100 6539
41100 6399
41100 6944
60673 5083
41100 6544
41100 7087
60673 5051
41100 6437
41100 6790
60673 5190
41100 6719
41100 6963
60673 5088
41100 6463
60673 5498
41100 6529
41100 6433
41100 6468
60673 6645
41100 7044
60673 5133
41100 6439
41100 6421
60673 5252
41100 6427
41100 6834
60673 4910
41100 6476
41100 6576
41100 6932
60673 5356
41100 6546
41100 6532
60673 6075
41100 6746
60673 4194
41100 6475
41100 6523
41100 6402
60673 5425
41100 6548
41100 7046
60673 5089
41100 6416
41100 6494
60673 5352
41100 6396
41100 6807
60673 5173
41100 6431
41100 7199
60673 6771
41100 6457
41100 6951
60673 4920
41100 6482
41100 6830
60673 5177
41100 6411
41100 6720
60673 5088
41100 6434
41100 6573
60673 4919
41100 6489
41100 6857
60673 4905
41100 6957
60673 5068
41100 6401
41100 6467
41100 6924
60673 5092
41100 6530
60673 4059
41100 6405
41100 6400
41100 7090
60673 5042
41100 6406
41100 7027
60673 5276
41100 7182
41100 6801
60673 5393
41100 6527
41100 6923
60673 4972
41100 6354
41100 6407
60673 5313
41100 6410
41100 6954
60673 4921
41100 7339
41100 6451
60673 6031
41100 6391
41100 6800
60673 5106
41100 6395
41100 6425
60673 5341
41100 6367
60673 3627
41100 6465
41100 6367
41100 6446
60673 5372
41100 6416
60673 5169
41100 6405
41100 6424
41100 6973
60673 5258
41100 7781
60673 5841
41100 6557
41100 6414
41100 6429
60673 5271
41100 6882
60673 4953
41100 6410
41100 6516
41100 7054
60673 5095
41100 6478
41100 6380
60673 5345
41100 6872
41100 6642
60673 5067
41100 7020
60673 5118
41100 6403
41100 6454
60673 5464
41100 6709
41100 6481
41100 6932
60673 5078
41100 6485
41100 6750
60673 5063
41100 6365
41100 7204
60673 4971
41100 7400
60673 5516
41100 6375
41100 6377
41100 6894
60673 5067
41100 7220
41100 6608
60673 5035
41100 6431
41100 6737
60673 5022
41100 6862
60673 4968
41100 6403
41100 6388
41100 6866
60673 4924
41100 6960
60673 5063
41100 6497
41100 6382
41100 7061
60673 5084
41100 6532
41100 6379
60673 3601
41100 6522
41100 6980
60673 5183
41100 6754
41100 6890
60673 5237
41100 7102
41100 6949
60673 5108
41100 6391
41100 6695
60673 5065
41100 13724
60673 12745
41100 6369
41100 6653
60673 5070
41100 6479
41100 6423
41100 6376
60673 3632
41100 6407
60673 5307
41100 6510
41100 6402
60673 3596
41100 6426
41100 6395
60673 4109
41100 6393
41100 6468
41100 6813
60673 4956
41100 6377
41100 6908
60673 5164
41100 6381
41100 6418
60673 3688
41100 8709
60673 6501
41100 6383
41100 6374
41100 6977
60673 5192
41100 6555
41100 6478
60673 3619
41100 6875
60673 4953
41100 6393
41100 6696
60673 5097
41100 6508
41100 6657
60673 5038
41100 6389
41100 6412
41100 6757
60673 5555
41100 6536
60673 6224
41100 6563
41100 6415
41100 6459
60673 6314
41100 7091
60673 5092
41100 6443
41100 6401
41100 7654
60673 6030
41100 6906
41100 6955
60673 5074
41100 6366
41100 7010
60673 5128
41100 6538
60673 4870
41100 6458
41100 6402
41100 7030
60673 5093
41100 6561
60673 6310
41100 6540
41100 6562
41100 6897
60673 5246
41100 7025
60673 5156
41100 6516
41100 6458
60673 5395
41100 6435
41100 6398
41100 6419
60673 6126
41100 6891
41100 6589
60673 5271
41100 8700
60673 6629
41100 6409
41100 6724
60673 5069
41100 6415
41100 6420
41100 6382
60673 5269
41100 7023
60673 5388
41100 6377
41100 6470
60673 6258
41100 6567
41100 6820
41100 6487
60673 6094
41100 6670
41100 6917
60673 5101
41100 6540
60673 6156
41100 6805
41100 6451
41100 7127
60673 5522
41100 6499
41100 6520
60673 6112
41100 6531
41100 6453
60673 6278
41100 8950
41100 6713
60673 6563
41100 6425
41100 6765
60673 5176
41100 6431
60673 4040
18940 6121
2748 3730
2748 28
18940 3683
33031 6030
33031 3708
33031 4810
33031 5017
33031 3866
33031 4692
60673 5145
60673 3847
60673 3735
60673 4692
60673 5204
60673 4086
60673 3697
60673 3771
60673 4715
60673 5076
60673 4184
60673 3909
60673 6076
41100 5010
61573 3757
61573 3642
61573 603
41100 3908
61573 3769
61573 3803
41100 7637
41100 6592
60673 6229
61573 6505
41100 7179
41100 5046
41100 3677
61573 6405
60673 6043
33031 4177
41100 6450
41100 6385
60673 4863
61573 6443
61573 6638
33031 6518
41100 6374
41100 6479
60673 5242
61573 6551
61573 6934
33031 5065
41100 7016
60673 4125
61573 8247
61573 7060
33031 5149
41100 6588
41100 6796
60673 5094
61573 6345
61573 6417
33031 6053
41100 6582
41100 6352
60673 5365
41100 6509
41100 7160
60673 5285
61573 6394
61573 6786
33031 5178
41100 6634
41100 6981
60673 5663
61573 6552
61573 6585
33031 5110
41100 6704
41100 6623
60673 4938
61573 6977
61573 6793
33031 5013
41100 6541
41100 8132
60673 6003
61573 6535
61573 6962
33031 6683
41100 7362
41100 6688
60673 6257
61573 6400
61573 6848
33031 4933
41100 6484
61573 6777
61573 6395
33031 5091
61573 6397
61573 6841
33031 4156
61573 6611
41100 6456
41100 6877
60673 5258
41100 6399
60673 5103
41100 6380
61573 6603
61573 6976
33031 4211
41100 6521
60673 5299
41100 6680
61573 6452
61573 8074
33031 7879
41100 7153
60673 4969
41100 6725
61573 6655
41100 6487
33031 4123
60673 3603
41100 6534
41100 6431
60673 5249
41100 6416
61573 6388
61573 6427
33031 5165
41100 7003
60673 5010
41100 6364
61573 6379
61573 6472
33031 5266
41100 6415
41100 6538
60673 6226
61573 6378
61573 7026
33031 5266
41100 6423
41100 6541
60673 6333
61573 6548
61573 8250
33031 7616
41100 6639
41100 7004
60673 5046
61573 6387
61573 6729
33031 5354
41100 6537
41100 6655
60673 5184
41100 6545
60673 4935
41100 6381
61573 6430
61573 6372
33031 6221
41100 6421
41100 6392
60673 6089
61573 6391
61573 7141
33031 5399
41100 6527
41100 6819
60673 5163
61573 6625
61573 7040
33031 5296
41100 6531
41100 7228
60673 5489
61573 8302
61573 6870
33031 5177
41100 6411
60673 4951
41100 6454
61573 6399
61573 6837
33031 6405
41100 6366
41100 6759
60673 4935
41100 6413
41100 6399
60673 5136
61573 6846
61573 6954
33031 4935
41100 6634
60673 4932
41100 6545
41100 6868
60673 5315
61573 6543
61573 7099
33031 5377
41100 6353
41100 6466
60673 6011
61573 7580
61573 6566
33031 6343
41100 7676
41100 6388
60673 5093
61573 6651
61573 6409
33031 6228
41100 6418
41100 6455
60673 6210
41100 6863
61573 6457
61573 6371
41100 6584
33031 4969
60673 3700
61573 6444
61573 6778
33031 4945
61573 6747
61573 6545
33031 4085
61573 6493
61573 6941
33031 5339
61573 6365
61573 6561
33031 5079
41100 6716
41100 6612
60673 5356
41100 6511
41100 6860
60673 5235
41100 7021
41100 6412
60673 6166
61573 6344
61573 6622
33031 5142
61573 6382
61573 6412
33031 6060
41100 6485
41100 6574
60673 5199
41100 6390
41100 6394
60673 6186
61573 6539
61573 7015
33031 5212
41100 6383
41100 6413
60673 6266
61573 6512
61573 6900
33031 5109
41100 6792
41100 6565
60673 6089
61573 6825
61573 6478
33031 6056
41100 6417
41100 6412
60673 4957
61573 7614
61573 7107
33031 5414
41100 6462
41100 6446
60673 6265
41100 6417
41100 6881
60673 5306
61573 6372
61573 6768
33031 6484
41100 6405
41100 7006
60673 5226
61573 6459
61573 6454
33031 6099
41100 6366
41100 6522
60673 5067
61573 6662
61573 6835
33031 5198
41100 6541
41100 6921
60673 5853
61573 6424
61573 6405
33031 6387
41100 6419
41100 7122
60673 5653
61573 6555
41100 6350
61573 6477
33031 6304
61573 6373
61573 6891
33031 6688
61573 6535
61573 6644
33031 5163
61573 6439
61573 6606
33031 6409
61573 6373
61573 6498
33031 5029
61573 6411
61573 6437
33031 3621
61573 6537
61573 6811
33031 5185
61573 6543
61573 6386
33031 5344
61573 6390
61573 6404
33031 4863
61573 6507
61573 6947
33031 5235
61573 7449
61573 6537
33031 6353
61573 6749
61573 6717
33031 5237
61573 6408
61573 6652
61573 6861
33031 6657
61573 6441
61573 6400
61573 6874
33031 6621
61573 5061
61573 6940
33031 4913
61573 6412
61573 6485
33031 6304
61573 6391
61573 6384
61573 6373
33031 4820
61573 6431
33031 3601
61573 6832
61573 6397
33031 6159
61573 6430
61573 6930
33031 5083
61573 6965
61573 6389
33031 6244
61573 6427
61573 6530
33031 6234
61573 6398
61573 6400
33031 6084
61573 6485
61573 6477
33031 6070
60673 4952
48028 3651
45137 3786
45137 3615
38949 3596
64180 3579
37764 3719
23189 3597
44995 6320
44995 3722
44995 3754
44995 3685
44995 6085
44995 3712
59160 3646
59160 3645
59160 3701
44995 3674
59160 6225
59160 7540
44995 1572
59160 1931
59160 3781
44995 3725
44995 4653
44995 5048
59160 3846
44995 3616
44995 4645
44995 5176
59160 3792
59160 3786
59160 4808
44995 4944
44995 3696
59160 3596
59160 3704
59160 4653
44995 4951
60673 3820
59160 4718
44995 5026
44995 3730
59160 3622
59160 3655
41100 6843
41100 6371
60673 4841
41100 6412
41100 7063
60673 5681
41100 6522
41100 6392
60673 5273
60673 3622
60673 6039
60673 3663
60673 3702
60673 3670
60673 6034
60673 3812
60673 3695
60673 3674
60673 4726
60673 5027
60673 3671
60673 3777
59160 6126
44995 3807
44995 3730
44995 3707
59160 6067
44995 3654
44995 3830
41100 682
41100 6210
41100 6480
41100 6769
60673 5179
41100 6398
41100 7213
60673 5861
41100 6443
41100 6816
60673 5185
41100 6623
60673 4953
41100 6530
41100 3024
60673 3611
41100 6389
41100 6825
60673 5101
41100 6410
41100 6686
60673 6392
41100 6373
41100 6789
59160 5063
60673 3622
59160 3790
41100 6965
60673 5235
41100 6393
41100 6451
60673 4933
41100 6412
41100 6367
41100 6408
60673 6023
41100 6862
41100 7014
60673 6873
41100 6428
60673 6172
41100 6401
41100 6660
60673 5058
41100 6573
41100 6617
41100 6458
60673 5417
60673 3718
60673 3714
60673 3790
60673 6030
60673 3721
60673 3773
59160 3753
59160 3655
44995 3647
59160 6276
60673 3725
60673 3768
60673 6134
60673 3659
60673 3703
60673 3743
60673 5314
60673 5058
60673 3655
60673 3898
60673 3696
60673 5719
60673 4936
60673 3742
60673 3698
60673 4671
60673 5504
60673 4187
60673 3850
60673 3686
60673 6027
60673 3702
60673 3839
60673 3835
60673 4694
60673 5044
60673 3654
60673 3679
60673 4768
60673 5002
60673 3771
44995 3783
44995 6522
60673 3791
60673 3707
60673 3700
60673 4777
60673 5111
60673 3745
60673 3709
60673 4708
60673 5228
60673 4385
60673 3742
60673 3862
60673 6066
60673 3684
60673 3696
60673 3842
60673 4677
60673 5009
60673 3720
60673 3739
60673 3776
60673 6458
60673 3675
60673 3666
60673 3694
60673 4693
60673 5028
41100 6378
41100 6968
60673 5081
41100 6393
41100 6838
60673 4902
41100 6409
41100 6402
60673 6200
41100 6389
60673 6204
41100 6850
60673 5214
41100 6572
60673 5305
41100 6984
60673 5870
41100 6461
60673 3609
41100 6431
60673 4851
41100 6552
41100 6497
60673 3660
41100 6401
41100 6388
60673 6240
41100 6396
60673 3625
41100 6376
60673 5151
41100 6495
41100 6400
60673 6031
41100 6730
60673 5055
41100 6491
60673 3616
41100 6385
41100 6454
60673 6245
41100 6511
60673 6165
41100 6484
60673 5151
41100 6876
41100 7560
60673 5609
41100 6428
41100 1116
60673 5425
41100 6492
60673 6302
41100 6637
60673 5053
41100 6381
41100 6403
60673 4021
59160 6328
59160 3631
41100 6382
41100 6241
60673 5164
41100 6477
41100 6493
59160 4748
60673 3640
44995 5554
41100 6435
41100 6993
60673 4965
41100 6385
41100 6667
60673 5078
41100 6372
41100 9397
60673 7133
41100 7705
60673 5712
41100 6970
60673 5593
41100 6418
60673 4848
41100 6964
60673 4958
41100 6376
60673 3605
41100 6716
60673 6498
41100 6415
60673 3617
41100 6590
60673 6383
41100 6602
41100 3512
60673 3639
59160 4761
41100 6527
41100 6393
60673 6169
41100 6391
60673 4882
41100 6930
60673 5193
41100 6378
60673 6217
41100 6655
60673 5268
41100 1631
60673 3603
41100 3678
41100 3603
41100 910
41100 6391
41100 6478
60673 6019
41100 6377
41100 6419
60673 4862
41100 6347
41100 6729
60673 4924
41100 6484
41100 6388
60673 6160
41100 6394
41100 6678
60673 6527
41100 6367
41100 7392
60673 5743
41100 6399
41100 6435
60673 6173
41100 6541
41100 9365
60673 4778
41100 6489
41100 6593
41100 6370
41100 6494
60673 6047
41100 6377
41100 6564
60673 6389
41100 6415
41100 7177
60673 4941
41100 6397
41100 6958
60673 5167
41100 6385
41100 6399
60673 5389
41100 6418
41100 6415
60673 6149
41100 6378
41100 6442
60673 6275
41100 6391
41100 6376
60673 6192
41100 6423
41100 6450
60673 5440
41100 6799
41100 7056
60673 4931
41100 6959
41100 6842
60673 6536
41100 6376
41100 7011
60673 4984
41100 6387
41100 6417
60673 6281
41100 6401
41100 6403
60673 5345
41100 6527
41100 6519
60673 6283
41100 6365
41100 6435
60673 6222
41100 6448
41100 6838
60673 4943
41100 6532
41100 6391
60673 6034
41100 6375
41100 6511
60673 5549
41100 6382
60673 4865
41100 6363
41100 6417
60673 6270
41100 6995
41100 6784
60673 5103
41100 7476
41100 6988
60673 4891
41100 6411
41100 6399
60673 6057
41100 6834
41100 6685
60673 5037
41100 6408
41100 6559
60673 5077
41100 6821
41100 6520
60673 6355
41100 6412
41100 6805
60673 5089
41100 6537
41100 6731
60673 6544
41100 6795
41100 6377
60673 6231
41100 6400
41100 6473
60673 6281
41100 6416
41100 6868
60673 6731
41100 6456
41100 6516
60673 5050
41100 6571
41100 6425
60673 4867
41100 6397
41100 7016
60673 4949
41100 6370
41100 6761
60673 5167
41100 6400
41100 6482
60673 4910
41100 6436
41100 6399
60673 6250
41100 6541
41100 6514
60673 5170
41100 6393
41100 6530
60673 6110
41100 6468
41100 6386
60673 4844
41100 6830
41100 6665
60673 5031
41100 7995
41100 6619
60673 5043
41100 6413
41100 6553
60673 5145
41100 6371
41100 6794
60673 5197
41100 6397
41100 6774
60673 5163
41100 6831
41100 7095
60673 5341
41100 6385
41100 6461
60673 3847
41100 6365
41100 6570
60673 6286
41100 6483
60673 6174
41100 6391
41100 6417
60673 6175
44995 3623
41100 6741
41100 6670
60673 6534
41100 6887
41100 8830
60673 7224
41100 6374
41100 6573
60673 6377
41100 6537
41100 6916
60673 5305
41100 6464
41100 6863
60673 5242
41100 6488
41100 6654
60673 4989
41100 6503
41100 6782
60673 6612
41100 6811
41100 6671
60673 5225
41100 6392
41100 6526
60673 5371
41100 6417
41100 6370
60673 6212
41100 6971
41100 6673
60673 6770
41100 6449
41100 6392
60673 6303
41100 8158
41100 6420
60673 5145
41100 6442
41100 6421
60673 5516
41100 6564
41100 6393
60673 4228
41100 6388
41100 6508
60673 5101
41100 6618
41100 6755
60673 5185
41100 6689
41100 6747
60673 5163
41100 6558
41100 6542
60673 5199
59160 5342
41100 6513
60673 5251
41100 6515
41100 6555
60673 6308
41100 6570
41100 6773
60673 5146
41100 6493
41100 8224
60673 7369
41100 6420
41100 6396
60673 5000
41100 6540
41100 7210
60673 5272
41100 6566
41100 6745
60673 5515
41100 6495
41100 6714
60673 3822
41100 6447
41100 6556
60673 6389
41100 6542
41100 6810
60673 5186
41100 7038
41100 7000
60673 5361
41100 6449
41100 7898
60673 6598
41100 6672
41100 6659
60673 5185
41100 6530
41100 6841
60673 5359
41100 8385
41100 6406
60673 6253
41100 6507
41100 6953
60673 5762
41100 6421
41100 6419
60673 5554
41100 6593
41100 6442
60673 6238
41100 6572
41100 6862
60673 6459
41100 6376
41100 6444
60673 4862
41100 6745
41100 7041
60673 5269
41100 6524
41100 6446
60673 5128
41100 6394
41100 6548
60673 5329
41100 6366
41100 6516
60673 6205
41100 6399
41100 6407
60673 6159
41100 7999
41100 6859
60673 6642
41100 6530
41100 6410
60673 6222
41100 6497
41100 6490
60673 6254
41100 6518
41100 6522
60673 5272
41100 6505
41100 6503
41100 6441
60673 5221
41100 6578
60673 3748
41100 6544
41100 6823
60673 6382
41100 6516
41100 6589
41100 7072
60673 5048
41100 6748
60673 4760
41100 6503
41100 6566
60673 6184
41100 6678
41100 8183
41100 6450
60673 4769
41100 6555
41100 7829
60673 6432
41100 6376
60673 5059
41100 6396
41100 6528
41100 6770
60673 5313
41100 6515
41100 6595
41100 6417
60673 6203
41100 6372
41100 6587
41100 7083
60673 5108
41100 6650
60673 5306
41100 6923
41100 6935
60673 5715
41100 6405
41100 6510
41100 6410
60673 4924
41100 6502
41100 6739
60673 5250
41100 8351
60673 6388
41100 6373
41100 6760
60673 5140
41100 6610
41100 6674
60673 6418
41100 6375
41100 6909
60673 5098
41100 6455
41100 6512
60673 5543
41100 6584
41100 6931
41100 6538
60673 5158
41100 6566
60673 6132
41100 6548
41100 6618
60673 5406
41100 6365
41100 6577
60673 5259
41100 6783
41100 7159
60673 5067
41100 6654
41100 6584
60673 5383
41100 13399
41100 6462
60673 5228
41100 6524
41100 6956
41100 7016
60673 6841
41100 6409
60673 3767
41100 6574
41100 6525
41100 6584
60673 5344
41100 6558
41100 6958
41100 6567
60673 5318
41100 6523
41100 6511
41100 7320
60673 5160
41100 6570
41100 6429
41100 6546
60673 6191
41100 6665
41100 6542
41100 6736
60673 5496
41100 6436
41100 6580
60673 3796
41100 8574
60673 6883
41100 6509
41100 7009
60673 5306
41100 6571
41100 6385
60673 4873
41100 6539
41100 6419
41100 6549
60673 5027
41100 6438
60673 5150
44995 3609
41100 6387
41100 6542
41100 6856
60673 5477
41100 6558
60673 4118
41100 6411
41100 6407
60673 4884
41100 6724
41100 6370
41100 6391
60673 6162
41100 7718
60673 6226
41100 6425
41100 6863
60673 6666
41100 8040
41100 6655
41100 6632
60673 5255
41100 6529
60673 5238
41100 6394
41100 6549
60673 6298
41100 6468
41100 6617
41100 6524
60673 5198
41100 6558
60673 3624
41100 6512
41100 6542
60673 6374
18940 8237
18940 3701
41100 6509
41100 6536
60673 3615
41100 6518
41100 6432
41100 6494
60673 4222
41100 6496
41100 6438
60673 6162
41100 6505
60673 5095
41100 7855
41100 6412
41100 6389
60673 6037
41100 6606
41100 7072
60673 5189
41100 6457
60673 5160
41100 6365
41100 6542
60673 6391
41100 6491
41100 6516
60673 5379
41100 6395
41100 6410
60673 4964
41100 6400
41100 6510
60673 5057
41100 6401
41100 6473
60673 5730
41100 6417
41100 7152
60673 5060
41100 6377
41100 6572
60673 6370
41100 6496
41100 8427
60673 6439
41100 6541
41100 6377
60673 5010
41100 6420
41100 6398
60673 5172
41100 6714
41100 6645
60673 3633
41100 6371
41100 6889
60673 5158
41100 6505
41100 6410
60673 5033
41100 6397
41100 6679
60673 5079
41100 6396
41100 6484
41100 6541
60673 6335
41100 6542
41100 6410
60673 5057
41100 6760
60673 6338
41100 6555
41100 6419
60673 6277
41100 7516
41100 6368
41100 6504
60673 6338
41100 7132
60673 5172
41100 6541
41100 6444
41100 6387
60673 5183
41100 6406
60673 3816
41100 6396
41100 6586
41100 6398
60673 6237
41100 6397
41100 6971
60673 5237
41100 6409
60673 5243
41100 6562
41100 6363
41100 6715
60673 6360
41100 6882
41100 6406
41100 6516
60673 5084
41100 6470
41100 6492
41100 6431
60673 4902
41100 7728
60673 5621
41100 6695
41100 7210
60673 5626
41100 6392
41100 6679
60673 5218
41100 6408
41100 6452
60673 6186
41100 6441
41100 6404
60673 6230
41100 6406
41100 6500
41100 6607
60673 6379
41100 6555
60673 3638
41100 6880
41100 6846
60673 5159
41100 6916
2748 1307
60673 5115
38949 3723
38949 3573
33031 4083
44995 4780
44995 6530
60673 3954
18940 6798
8729 5177
60673 4833
60673 4967
60673 3706
60673 3874
60673 6130
60673 3852
60673 4143
45137 3794
38949 3691
59160 4659
59160 4947
48380 209
8729 1087
61573 6776
61573 6767
33031 5209
41100 6371
41100 6475
41100 6519
61573 6803
60673 4902
61573 7037
33031 5101
61573 6371
61573 5763
33031 5138
41100 7804
41100 7181
41100 6380
60673 6085
61573 3645
41100 6980
60673 5303
41100 7036
41100 6660
60673 6528
41100 6520
41100 6521
41100 6535
60673 6096
41100 6859
60673 5320
41100 6515
60673 6380
41100 6364
60673 5127
41100 6383
60673 4812
41100 6968
60673 5180
41100 6393
60673 3581
41100 6516
41100 3680
60673 3762
38545 3628
41100 3830
41100 3708
41100 7265
41100 6839
41100 6409
60673 6302
41100 6406
60673 5334
41100 6532
41100 6423
60673 6193
41100 6569
41100 6451
41100 6843
60673 5208
41100 6368
41100 6432
41100 6795
60673 4904
41100 6452
41100 6416
41100 6818
60673 5218
41100 6735
60673 5065
41100 6388
41100 6387
60673 6239
41100 6444
41100 6377
41100 6760
60673 6038
41100 6424
60673 3632
41100 7329
41100 7056
60673 5046
41100 6404
41100 6667
60673 3788
41100 6450
41100 6922
60673 5164
41100 6413
41100 6461
60673 5289
41100 6439
41100 6916
60673 5170
41100 6459
41100 6382
60673 6437
41100 6390
41100 6852
60673 5185
41100 6453
41100 6412
60673 6113
41100 6427
41100 7271
60673 6719
41100 6477
41100 6422
60673 6211
9537 3892
41100 6411
41100 7416
41100 6663
60673 5040
41100 6837
60673 5256
41100 6721
41100 6393
60673 6180
41100 6471
41100 6945
41100 6411
60673 6224
41100 6380
41100 6518
60673 6289
41100 6488
60673 5063
41100 6411
41100 6435
60673 6055
41100 6420
41100 6569
60673 5117
41100 6363
41100 7176
60673 5595
41100 6339
41100 6457
60673 5169
44995 5111
41100 6341
41100 6451
41100 7353
60673 7098
41100 6374
41100 6440
41100 6481
60673 6071
41100 6390
41100 6706
60673 6248
41100 6392
41100 6424
60673 4877
41100 6539
41100 6409
60673 6179
41100 6476
41100 6514
41100 6612
60673 4922
41100 6453
60673 3603
41100 6400
41100 6541
60673 5356
41100 6571
41100 6399
41100 6385
60673 3611
41100 6408
41100 6471
41100 6461
60673 6253
41100 7185
41100 6529
41100 6391
60673 6197
41100 6469
41100 6932
60673 4909
41100 6774
60673 5713
41100 6607
41100 6385
41100 6837
60673 6600
41100 6900
60673 5194
41100 6360
41100 7060
60673 4980
41100 6419
60673 6225
41100 6690
41100 6426
41100 6772
60673 5167
41100 6397
60673 5022
41100 6838
41100 6827
60673 5183
41100 6366
41100 6506
41100 7072
60673 5824
41100 6379
41100 6381
41100 6767
60673 5395
41100 6401
41100 6442
60673 6289
41100 6412
41100 6394
41100 6404
60673 5259
41100 6408
60673 5012
2748 3781
41100 6371
41100 6877
60673 4924
41100 6385
41100 6482
41100 6403
41100 6438
60673 6294
41100 6549
41100 6421
41100 6883
33031 5258
60673 5127
41100 6437
41100 6944
60673 4925
41100 6990
60673 6728
2748 2254
18940 3605
41100 6376
41100 6487
41100 6550
60673 6352
41100 6398
60673 5093
41100 6367
41100 6366
60673 5108
41100 6402
41100 6354
41100 6427
60673 4908
41100 6376
41100 6931
60673 5143
41100 6468
60673 3640
41100 6384
41100 6380
60673 4876
41100 6838
41100 6444
60673 4859
41100 6475
41100 6852
41100 6646
41100 7655
60673 5977
41100 6404
41100 6386
41100 7551
60673 6177
41100 6818
41100 6623
60673 5031
41100 6408
60673 5362
41100 6372
41100 6429
41100 6711
60673 5065
41100 6390
60673 6233
41100 6563
41100 6355
60673 5431
41100 6503
41100 6483
41100 6963
60673 5212
41100 6915
60673 5078
41100 6559
41100 6547
60673 5376
41100 6412
41100 6387
41100 6543
60673 6195
41100 7447
60673 5441
41100 6441
41100 6379
60673 4887
41100 6523
41100 6732
41100 6404
60673 6199
41100 6393
60673 6007
41100 6520
60673 3640
41100 6412
41100 6676
60673 5036
41100 6401
41100 6376
41100 6640
60673 5045
59160 6216
41100 6345
41100 6571
60673 6440
41100 6411
60673 4792
41100 6732
60673 5634
41100 7023
41100 6451
41100 6379
60673 5300
41100 6456
60673 6182
41100 6791
41100 6535
41100 6518
60673 6301
41100 6478
60673 5339
41100 6382
41100 6749
60673 6336
41100 6422
41100 6356
41100 6411
60673 6243
41100 6904
60673 5061
41100 6569
41100 6831
60673 6554
41100 6584
41100 6407
41100 6770
60673 4923
41100 6822
41100 6432
60673 6223
41100 6479
60673 4144
41100 6416
41100 6345
41100 6968
60673 5217
41100 6361
41100 6376
60673 5174
41100 6412
60673 5292
41100 6341
41100 6394
60673 4872
41100 6919
60673 5185
41100 6511
60673 5051
41100 6371
41100 6781
60673 5168
41100 6415
41100 6370
41100 6407
60673 6084
41100 6519
41100 7239
60673 4934
41100 6431
41100 6377
41100 6411
60673 6225
41100 6403
41100 6986
41100 6433
60673 6214
41100 6854
60673 5209
41100 6400
41100 6408
60673 5241
41100 6458
41100 6590
60673 6355
41100 6366
41100 6399
41100 6367
41100 6632
60673 4948
41100 6492
41100 6488
41100 6647
60673 6474
41100 6831
41100 6532
41100 6756
60673 5556
41100 6356
41100 6440
41100 6453
60673 6294
41100 6428
41100 6390
41100 6918
60673 4917
41100 6924
41100 6459
60673 6274
41100 6403
41100 6522
41100 6702
41100 6410
60673 5340
41100 6369
41100 6379
41100 6862
60673 5256
41100 6891
60673 5193
41100 6397
41100 6464
60673 6142
41100 6406
41100 6825
41100 6673
60673 5851
41100 6505
41100 6537
60673 6325
41100 6967
60673 5186
41100 6409
41100 6847
60673 6396
41100 6802
41100 6480
60673 6092
41100 6932
41100 6413
41100 6829
41100 6389
60673 5632
41100 6418
41100 6993
60673 5288
41100 6429
41100 6401
41100 6410
41100 6560
60673 5070
41100 6435
41100 6497
41100 6378
60673 5083
41100 6425
41100 6409
41100 6920
60673 5094
41100 6434
41100 7104
60673 5074
41100 6404
41100 6477
41100 6814
41100 6904
60673 5271
41100 7047
41100 6447
41100 6884
60673 6608
41100 7278
60673 5812
41100 6384
41100 6406
60673 6160
41100 6436
41100 6443
60673 5174
41100 6385
41100 6421
60673 6180
41100 6701
41100 6951
60673 5216
41100 6455
41100 6475
41100 6837
60673 5568
41100 6369
41100 6378
60673 6114
41100 6818
60673 5194
41100 6365
41100 6531
41100 6507
60673 4837
41100 6554
60673 6095
41100 6377
41100 6475
41100 8073
60673 6789
41100 6954
60673 5072
41100 6374
41100 6364
41100 6378
60673 6226
41100 6779
60673 5040
41100 6368
41100 6392
41100 6404
60673 5208
41100 6883
60673 5076
41100 6454
41100 6845
41100 6430
60673 6040
41100 6707
60673 5042
41100 6530
41100 6809
41100 6895
60673 5185
44995 3722
2748 6818
2748 3387
18940 2131
44995 5748
44995 5127
59160 3619
59160 3685
59160 3712
44995 4672
54520 5129
8934 3961
54520 3788
54520 7307
8934 328
8934 10632
8934 6461
8934 6401
54520 6182
8934 1745
54520 3753
54520 4715
54520 6603
54520 5443
8934 3702
54520 3871
8934 4623
8934 4979
8934 6180
54520 3621
8934 7064
54520 3809
38543 3591
6996 3760
6996 4135
38543 3660
38543 3597
60673 4667
18940 6418
60673 3676
18940 6173
41100 3602
41100 6418
41100 6421
60673 6227
41100 6670
41100 6425
60673 6188
41100 6403
41100 6432
41100 6367
41100 6384
60673 3621
41100 6374
41100 6707
60673 5080
41100 6414
41100 6771
60673 5067
41100 6430
41100 6413
41100 6387
60673 6145
41100 6897
60673 6684
41100 6922
41100 7412
60673 5728
41100 6516
41100 6557
60673 6242
60673 3682
41100 6399
60673 5133
41100 6609
60673 5329
41100 6410
41100 6415
60673 6050
41100 6408
60673 6006
41100 6396
41100 6813
41100 6547
41100 6529
60673 6341
41100 6381
41100 6357
41100 6410
60673 4805
41100 6759
60673 6511
41100 6366
41100 6392
41100 6383
41100 6406
60673 5256
41100 6401
41100 6859
60673 6526
41100 6395
41100 6399
60673 6097
41100 6394
41100 6873
60673 6302
41100 6381
41100 6632
60673 6255
41100 6670
60673 5061
41100 6759
60673 5290
41100 6452
41100 6803
60673 5230
2748 3678
41100 6400
60673 3603
41100 6399
41100 6545
41100 6641
60673 4951
41100 6557
41100 6384
41100 6369
41100 6480
60673 6155
41100 6551
60673 3630
41100 7207
41100 6434
60673 6254
41100 6721
41100 6392
41100 6410
41100 6591
60673 6419
41100 6439
41100 6877
60673 4932
41100 6466
41100 6903
60673 5247
41100 6380
41100 6542
41100 6486
41100 6670
60673 5070
41100 6423
41100 6483
41100 6660
60673 5038
41100 6430
41100 6375
41100 6536
41100 6479
60673 6271
41100 6873
60673 5053
41100 6401
41100 6532
41100 6921
60673 6719
41100 6750
60673 5074
41100 7166
41100 6513
41100 6425
41100 6417
60673 6248
41100 6733
41100 6399
41100 6917
60673 5168
41100 6385
41100 6427
60673 6245
41100 6396
41100 6689
60673 5050
41100 6404
41100 6401
60673 4885
60673 5204
41100 6403
41100 6394
41100 6583
60673 6440
41100 6406
41100 6836
60673 4905
41100 6505
60673 6329
41100 7225
41100 6859
60673 5210
41100 6379
41100 6375
60673 6222
41100 6546
41100 6393
60673 6162
41100 6490
41100 6624
60673 5033
41100 6805
41100 6405
41100 6356
41100 6383
60673 6191
41100 6349
41100 6381
41100 6365
41100 6677
60673 5046
41100 6410
41100 6548
60673 6181
41100 6375
41100 6421
60673 4880
41100 7058
60673 5187
41100 7407
41100 6415
60673 6212
41100 6387
41100 6571
41100 6365
41100 6849
60673 5219
41100 6404
41100 6438
41100 6365
41100 6547
60673 6137
41100 6433
41100 6385
41100 6394
41100 6672
60673 6152
41100 6366
41100 6352
41100 6410
41100 6845
60673 6694
2748 7036
2748 2513
18940 3616
2748 6603
2748 6309
18940 4900
2748 3736
18940 3742
41100 7556
41100 6401
60673 6217
41100 6507
41100 6452
60673 4921
54520 6301
54520 6405
18940 6140
18940 3865
18940 6377
30108 6525
30108 6382
30108 5085
33031 3752
18940 4730
8934 3743
2748 4930
8934 1663
54520 3603
18940 4071
30108 6134
61573 6533
61573 6361
61573 6376
33031 4972
61573 6288
33031 5290
59720 4112
2748 729
18940 6253
50091 5193
50091 3709
50091 3653
30108 3720
50091 3625
2748 6438
2748 3986
2748 6343
18940 4894
2748 3762
18940 4626
8934 5047
54520 3770
50091 3771
50091 3797
30108 3731
50091 6207
50091 3670
30108 3610
48635 3784
50091 4911
50091 5145
30108 4184
2748 255
18940 3751
2748 6407
2748 3841
18940 3755
8633 4603
10457 3947
47258 6265
1501 3821
30108 3698
30108 6508
30108 6381
30108 6490
30108 6493
30108 6949
50091 5244
30108 6445
50091 2846
50091 17
50091 3762
50091 3620
30108 6511
50091 3878
50091 176
30108 6561
50091 972
50091 5028
50091 710
50091 1257
50091 4130
30108 3617
27280 3618
50091 3774
30108 4882
46400 6314
155 4324
26076 3864
50091 3743
50091 3856
30108 3640
33031 6140
33031 3786
33031 3860
33031 4901
33031 5029
61573 3621
61573 6430
33031 6256
61573 1594
33031 3661
61573 6600
33031 3606
61573 6380
61573 6732
33031 5080
61573 6573
33031 6341
61573 6733
61573 6630
33031 6229
61573 6397
33031 6205
61573 6423
61573 6402
33031 5131
61573 7585
33031 5992
61573 6510
61573 6415
33031 6026
61573 6414
33031 6071
61573 6690
61573 7230
33031 5322
61573 6382
61573 6533
61573 7374
33031 7102
61573 6979
33031 5177
61573 6550
61573 6409
33031 6038
61573 6508
33031 3816
61573 6875
33031 4928
61573 6412
61573 6366
61573 6837
61573 6393
33031 4646
61573 6399
61573 6424
61573 6392
33031 5114
61573 7737
61573 7067
33031 5028
61573 7720
33031 5727
61573 6889
33031 5643
61573 6417
61573 6115
33031 4123
33031 3845
61573 6705
33031 5076
61573 6380
61573 6442
33031 4854
61573 6456
33031 4427
61573 6415
33031 5044
33031 5430
61573 6749
33031 5067
61573 6839
61573 6970
33031 5278
61573 6626
61573 6713
61573 6990
33031 5224
61573 7021
61573 8264
33031 3817
61573 6359
33031 3674
61573 6443
33031 3686
61573 7146
33031 5530
61573 6215
33031 6284
33031 6124
33031 3676
61573 6239
33031 3786
61573 4668
33031 5081
33031 3831
61573 6456
61573 6521
61573 6367
33031 5199
61573 6471
61573 6557
61573 6615
33031 6210
61573 6854
33031 4908
61573 6414
61573 6666
33031 5346
61573 6550
61573 793
33031 3561
61573 6990
33031 5219
61573 6501
61573 6390
33031 4882
61573 6648
33031 5595
61573 6370
61573 6538
33031 6104
61573 6508
61573 6560
61573 6387
33031 6243
61573 6529
33031 4839
61573 6387
61573 6501
33031 6313
61573 6550
61573 6443
61573 6399
33031 5173
61573 6389
61573 6603
61573 6388
33031 4075
61573 6404
33031 4881
61573 7579
33031 7422
61573 6381
33031 4930
33031 3767
61573 6419
33031 5221
61573 6404
33031 5254
61573 6511
33031 5158
61573 7201
33031 6383
61573 6870
61573 6409
33031 6024
61573 6371
61573 6525
61573 6417
33031 6102
61573 6374
33031 3680
61573 6517
61573 6423
33031 6204
61573 6536
61573 6383
61573 6392
33031 4667
61573 6357
61573 6379
61573 6814
33031 5241
61573 7473
33031 7304
61573 6552
33031 5748
61573 6845
33031 6643
61573 6403
33031 5358
61573 6759
61573 6900
33031 5087
61573 6409
61573 6455
61573 6538
33031 6313
61573 6388
61573 6369
61573 6436
33031 6236
61573 6510
33031 3651
61573 6395
61573 6650
33031 6261
61573 6414
61573 6861
33031 5389
61573 6776
33031 5186
61573 6597
33031 6179
61573 6390
61573 7742
33031 7472
61573 6378
61573 6818
33031 5169
61573 6418
33031 6175
61573 6386
61573 6570
33031 6192
61573 6408
33031 6019
61573 4748
33031 5104
61573 6515
61573 6369
61573 7013
33031 5235
61573 6824
61573 6376
61573 6778
33031 5322
61573 6418
61573 6770
61573 6438
33031 6211
61573 6752
33031 6508
61573 6391
61573 6358
33031 3624
61573 6427
61573 7473
33031 5523
61573 6390
61573 6402
61573 6898
33031 5080
61573 6597
61573 6987
33031 5090
61573 6453
33031 5334
61573 6555
61573 6520
61573 6729
33031 6576
61573 6408
61573 6967
33031 5202
61573 6847
33031 4911
61573 6455
61573 3657
33031 3594
61573 6368
61573 6457
61573 6394
33031 6134
61573 6407
33031 6098
61573 6415
61573 6637
33031 4966
61573 7020
61573 7077
33031 4899
61573 6391
61573 6369
61573 6372
61573 6425
33031 6241
61573 6361
61573 6991
33031 5079
61573 6380
61573 6784
61573 6543
33031 6309
61573 6436
33031 3665
61573 6478
61573 6415
61573 7225
33031 5241
61573 6610
33031 5026
61573 6408
61573 6495
61573 6462
61573 6493
33031 4000
61573 6418
61573 3736
33031 3649
61573 6450
61573 6957
61573 6353
61573 6395
33031 4232
61573 6461
61573 6350
61573 6424
33031 5170
61573 7191
33031 5317
61573 6363
61573 6551
61573 6375
61573 6408
33031 6155
61573 6523
61573 6453
33031 6298
61573 6368
61573 6366
33031 6180
61573 6388
61573 6815
33031 6667
61573 6486
61573 6430
33031 5362
61573 6448
61573 6546
61573 6373
61573 6358
33031 4971
61573 6844
61573 3711
33031 3701
33031 6421
33031 5204
33031 3861
33031 6040
33031 3700
61573 6403
33031 6230
61573 6368
61573 6423
33031 6120
61573 6467
61573 6823
61573 6930
33031 5222
61573 6405
33031 4866
61573 6656
61573 6414
33031 6264
61573 4911
33031 4975
61573 6423
33031 4794
61573 6429
61573 6411
61573 6393
33031 4871
61573 6416
61573 7571
33031 6244
61573 7669
33031 5903
61573 6503
61573 6385
61573 6362
61573 6404
61573 3774
33031 4621
61573 6468
33031 6258
61573 6392
61573 7034
33031 5200
61573 6400
61573 6389
61573 6380
33031 6024
61573 7194
33031 4935
61573 6822
61573 6419
61573 6404
33031 6230
61573 6483
61573 6771
33031 5032
61573 6802
33031 5213
61573 7009
33031 5364
61573 6426
61573 6855
61573 6973
61573 6488
33031 5155
61573 6386
33031 6222
61573 6835
61573 6388
61573 6364
61573 6479
61573 6581
33031 6406
61573 6415
33031 6195
61573 6391
61573 6379
61573 6479
33031 6284
61573 6405
61573 6974
33031 4952
61573 6840
33031 5216
61573 6349
61573 6410
61573 6678
33031 5041
61573 6858
61573 14
33031 6149
61573 5867
61573 6448
61573 7475
33031 5417
61573 6417
61573 6528
61573 6399
33031 6080
61573 6432
61573 6402
61573 6461
33031 6152
61573 6457
61573 7016
33031 5554
61573 6472
61573 6344
61573 6401
61573 6920
33031 4942
61573 6385
61573 6368
61573 6413
61573 6444
61573 6411
61573 6432
33031 6239
61573 6792
61573 6780
61573 6502
61573 6374
61573 6500
61573 6367
33031 6085
61573 7606
61573 6368
61573 6514
61573 6364
61573 6466
61573 6433
33031 6031
61573 6389
61573 6477
33031 6294
61573 6449
61573 6380
61573 6369
61573 6427
33031 4807
61573 6548
61573 6396
61573 6562
33031 5095
61573 6383
61573 6856
61573 6369
33031 5880
61573 6426
61573 6527
33031 6361
61573 6404
61573 6428
33031 6208
61573 6351
61573 6882
33031 6645
61573 7389
61573 6596
61573 6412
61573 6507
61573 6427
61573 6916
33031 5280
61573 6361
61573 6436
33031 6173
61573 6604
61573 6819
61573 6559
61573 6481
61573 6404
61573 6914
33031 6574
61573 6452
61573 6951
33031 5116
61573 6421
61573 6390
61573 6349
61573 6915
33031 6771
61573 6529
61573 6396
61573 6389
61573 6921
33031 5078
61573 6371
61573 6447
33031 6239
61573 7130
61573 6838
33031 5652
61573 6527
61573 6654
61573 6528
61573 6572
33031 6370
61573 6496
61573 6416
61573 6544
61573 6775
61573 6409
33031 6090
61573 6443
33031 5393
61573 6419
61573 6583
33031 5186
61573 6526
61573 6394
61573 6404
33031 6248
61573 6411
33031 6014
61573 6382
61573 6400
61573 6412
61573 6399
33031 6255
61573 6492
61573 7495
33031 7071
61573 7663
61573 6780
33031 5177
61573 6488
61573 6925
33031 5361
61573 6434
61573 6364
61573 6396
61573 7442
33031 6163
61573 6383
61573 6484
33031 6075
61573 6387
61573 6556
33031 5252
61573 6475
61573 6914
33031 4951
61573 6409
61573 6436
33031 6218
33031 6176
61573 6467
61573 6373
33031 6050
61573 6361
61573 6901
61573 6434
33031 5399
61573 6874
33031 4819
61573 6462
61573 6411
33031 6195
61573 6406
61573 6405
33031 6200
61573 6427
33031 3634
61573 6347
61573 6451
33031 6267
61573 6393
61573 6557
61573 6755
33031 5593
61573 6405
61573 6985
61573 6403
61573 6661
61573 6426
61573 6972
33031 5196
61573 6933
33031 4983
61573 6387
61573 6378
33031 6168
61573 8017
61573 6426
61573 7730
33031 7532
33031 3811
61573 6473
61573 6715
33031 5469
61573 6511
61573 6598
61573 6207
33031 4989
61573 6779
33031 5074
61573 7292
33031 5075
61573 6592
61573 6679
61573 6362
33031 3747
61573 6497
61573 6873
33031 6725
61573 7141
33031 5391
61573 6544
61573 6404
61573 6397
61573 6828
61573 6674
61573 7295
33031 5501
33031 5705
61573 6545
61573 8350
61573 6414
61573 6397
61573 6372
61573 6553
61573 6595
33031 5276
33031 3887
61573 6911
33031 5056
61573 6364
61573 6416
61573 6635
61573 6975
33031 5345
33031 4886
33031 5024
61573 7048
33031 5099
61573 6423
61573 6885
61573 1885
33031 3896
61573 6534
33031 5259
61573 7634
61573 6364
61573 6472
61573 6377
33031 5116
61573 6701
61573 7889
61573 6395
33031 5400
61573 7185
33031 4973
61573 6415
61573 6404
61573 6397
61573 6388
33031 5361
61573 6421
61573 6381
61573 6697
61573 6617
61573 6352
33031 4965
61573 6432
33031 6294
61573 6417
61573 6484
61573 6570
61573 6499
61573 6514
61573 6575
61573 6385
33031 6018
61573 6379
33031 3603
61573 6368
61573 6813
61573 6885
33031 5424
61573 8074
61573 6566
61573 6626
61573 6577
33031 5112
61573 6403
61573 6975
33031 6790
61573 6353
61573 6520
61573 6387
61573 6857
61573 6358
61573 6406
33031 6263
61573 6390
61573 6366
61573 6386
33031 4894
61573 6750
33031 4914
61573 6516
61573 6973
61573 6521
61573 6442
33031 6248
61573 6381
61573 6519
61573 6331
61573 6707
33031 6401
61573 6609
33031 4142
61573 7797
61573 6634
61573 6498
33031 6285
61573 6434
33031 4019
61573 6361
61573 6775
61573 6415
61573 6404
33031 5234
61573 6986
61573 6518
61573 6423
61573 6472
33031 5464
61573 6502
61573 6548
61573 6406
61573 6357
61573 6643
33031 5044
61573 6394
61573 6370
61573 6351
33031 6128
61573 6463
61573 6514
33031 6297
14712 808
52704 5124
14712 3723
52704 4826
18940 5268
2748 3113
18940 3641
13306 3717
54407 6214
33031 3684
33031 5216
33031 5296
33031 3662
33031 4261
61573 6620
61573 6419
61573 6693
61573 6431
61573 6433
33031 5164
61573 7012
33031 5057
61573 6637
61573 6578
61573 6660
33031 4329
61573 3771
33031 4623
33031 6177
61573 3692
61573 6436
61573 6901
33031 6643
61573 7734
61573 7813
33031 6275
61573 6475
61573 6409
61573 6356
61573 6408
61573 6394
33031 4889
61573 6372
61573 6385
61573 6485
61573 6905
33031 5195
61573 6426
61573 6913
33031 5319
61573 6378
61573 6495
61573 6401
61573 7016
33031 5225
61573 6395
61573 6390
61573 6414
61573 6503
61573 6671
33031 5073
61573 6365
61573 6421
61573 6441
61573 7947
33031 7736
61573 6373
61573 6359
61573 6447
33031 5137
61573 6389
61573 6378
33031 4866
61573 6665
61573 6855
33031 5054
61573 6390
61573 6389
61573 6430
61573 6915
33031 5316
61573 6969
33031 5192
61573 6492
61573 6383
33031 6039
61573 6361
61573 6417
33031 6246
61573 6511
61573 6984
33031 5650
61573 6365
61573 6839
33031 4658
61573 6613
61573 8387
33031 6614
61573 6846
61573 6358
33031 3576
61573 6423
61573 7632
33031 6262
61573 6553
61573 6381
61573 6561
33031 6340
61573 6384
61573 6406
33031 6198
61573 6684
33031 5026
61573 6462
61573 6370
61573 6528
61573 6832
33031 5215
61573 6412
61573 6390
61573 6372
61573 6633
33031 5265
61573 6608
61573 6404
61573 6377
61573 6496
61573 6449
33031 6318
61573 7519
61573 6377
61573 6480
61573 6399
33031 4895
61573 7101
33031 5088
61573 6417
61573 6488
61573 6549
33031 6222
61573 6827
33031 5795
61573 6467
61573 6427
61573 6525
33031 6319
61573 6378
61573 6892
33031 5190
61573 6431
61573 6496
61573 6415
61573 6723
33031 5058
61573 6879
33031 6697
61573 6388
61573 7491
33031 6216
61573 7147
61573 6363
61573 6406
61573 6685
61573 6421
33031 6197
33031 3855
33031 3843
61573 6387
61573 6398
33031 3782
33031 3635
61573 6441
61573 6462
33031 6266
61573 6414
61573 6379
61573 6409
61573 6243
33031 3625
33031 4704
33031 5036
61573 6469
61573 6586
61573 6949
33031 5324
61573 230
61573 3685
33031 3602
61573 3602
61573 6467
61573 6893
61573 6353
61573 6835
33031 5174
61573 6428
61573 6571
61573 6419
61573 6519
61573 6362
33031 3597
61573 6851
33031 5211
61573 6620
61573 6406
61573 6556
61573 6435
61573 6540
61573 6382
33031 6038
61573 6368
61573 6362
33031 5085
61573 7057
61573 7206
33031 6923
61573 6385
61573 6849
61573 6468
33031 3607
61573 6369
33031 6101
61573 6431
61573 6829
33031 5792
61573 6446
61573 6407
61573 6394
61573 6464
61573 6360
33031 6129
61573 6833
61573 6380
61573 6385
61573 6505
61573 6390
61573 6154
33031 3973
61573 6421
61573 563
33031 3665
41472 3661
39316 3943
23193 3754
44386 3585
62679 3794
4504 4622
33031 5035
33031 3707
33031 6195
33031 6226
33031 4087
61573 6270
61573 5314
33031 4974
33031 4277
61573 3755
61573 6419
61573 6198
61573 4769
33031 3711
61573 6862
33031 5226
61573 6376
61573 6838
61573 6839
33031 5200
61573 6618
33031 5043
61573 6909
61573 6837
61573 6402
61573 6513
33031 5446
61573 6345
61573 6587
33031 6283
61573 6381
61573 6410
61573 6448
33031 6085
61573 6405
33031 5361
61573 6508
61573 6399
33031 6243
61573 6481
61573 6841
33031 5602
61573 6486
61573 6380
33031 5278
61573 6493
61573 6254
33031 4878
61573 6375
61573 6808
61573 6395
33031 5285
61573 6486
61573 6837
61573 6930
33031 5222
61573 6807
33031 5807
61573 6417
61573 6258
33031 4085
61573 6516
33031 5229
61573 6429
61573 6418
33031 6058
61573 6668
61573 6420
33031 5423
61573 6378
61573 6554
61573 6464
61573 7149
33031 6968
61573 6639
33031 5030
33031 6028
33031 6329
61573 6812
61573 6511
61573 6607
61573 6393
33031 6195
61573 6394
61573 6532
61573 6519
61573 6474
61573 6368
61573 6848
33031 6444
61573 6427
33031 6194
61573 7060
33031 5048
61573 6454
61573 6385
61573 6817
33031 6650
61573 6536
33031 4964
61573 7429
33031 5692
61573 6419
33031 6246
61573 7089
61573 6819
33031 5194
61573 6394
33031 6073
61573 6499
61573 6393
61573 6386
33031 5051
61573 6385
61573 6407
33031 6206
61573 6420
33031 3615
61573 6923
33031 3605
61573 6731
33031 5065
61573 6364
33031 4824
61573 6428
61573 6390
33031 6617
61573 6839
61573 6838
61573 6376
61573 6392
33031 4869
61573 6408
33031 4874
61573 7096
33031 4946
61573 7206
61573 7048
33031 5361
61573 6872
33031 4898
61573 6412
61573 6430
33031 4992
61573 6395
33031 6105
61573 6572
33031 5229
61573 6437
33031 6141
61573 6473
61573 6493
61573 6418
61573 6377
61573 6481
33031 6293
61573 6364
33031 6169
33031 3706
61573 7873
33031 6013
61573 6467
61573 6437
61573 6772
33031 5061
61573 6419
61573 6393
61573 6996
33031 5213
61573 6887
61573 6797
33031 5092
61573 6556
33031 6099
61573 6786
33031 4660
61573 6445
61573 6367
61573 6511
61573 6403
33031 6149
61573 6430
61573 6548
61573 6447
33031 6293
61573 6392
33031 5253
61573 6747
33031 5265
61573 6499
61573 6502
61573 7184
33031 6910
61573 6554
61573 6354
61573 6369
61573 6384
33031 6119
33031 5097
61573 6430
61573 6904
61573 6382
33031 6136
61573 6471
61573 6441
61573 6863
61573 6714
33031 6423
61573 6836
61573 6461
33031 6263
61573 6735
61573 6803
61573 6527
33031 6289
61573 6579
61573 6365
61573 6494
61573 6366
33031 5701
61573 6539
61573 6375
61573 6432
61573 6374
61573 6854
61573 6516
61573 6392
61573 6384
61573 6410
33031 6205
33031 6128
61573 6885
61573 6382
61573 6425
61573 6380
61573 6497
61573 6403
33031 6276
61573 6515
61573 6455
33031 6141
61573 6377
61573 6465
61573 6859
61573 6572
61573 6375
61573 6849
33031 4951
61573 6819
61573 6980
33031 5196
61573 6449
33031 6281
61573 6366
61573 6369
61573 6402
61573 6441
61573 6390
33031 6076
61573 7039
33031 5123
61573 6399
33031 4990
61573 6942
33031 5942
61573 6668
33031 6361
61573 6363
61573 6551
33031 5185
61573 6513
61573 6389
33031 6055
61573 6376
33031 5015
61573 6436
33031 5134
61573 6411
61573 6916
33031 5323
61573 6671
61573 6379
61573 6419
33031 6047
61573 6506
61573 6654
61573 6543
33031 6308
61573 6387
61573 6884
61573 6423
33031 6283
61573 6372
61573 6454
61573 7399
33031 6835
61573 6931
61573 6410
33031 6206
61573 6411
61573 6412
61573 6458
61573 6615
33031 4927
61573 6464
61573 6326
33031 6186
61573 6448
61573 6393
61573 6872
33031 5173
61573 6476
61573 6407
61573 6410
61573 6775
61573 6553
61573 6956
33031 5078
61573 6432
33031 6177
61573 6393
61573 6409
61573 6398
61573 6480
61573 6465
61573 6395
61573 6415
61573 7469
33031 5406
61573 6532
61573 6402
61573 7173
61573 6405
61573 6555
61573 6402
61573 7049
61573 6437
61573 6639
33031 4955
61573 6434
61573 6396
61573 6859
61573 6438
61573 6381
61573 6370
61573 6549
61573 6939
33031 5195
61573 6501
61573 6424
61573 6431
61573 6394
61573 6423
61573 6387
61573 6899
61573 6407
61573 6398
33031 6212
61573 6559
61573 6964
61573 6747
61573 6386
61573 6541
61573 6583
61573 6413
61573 6990
33031 5078
61573 6539
61573 6385
61573 6421
61573 6409
61573 6467
61573 6440
61573 6561
61573 6618
33031 5133
61573 6883
61573 6404
61573 6391
61573 6508
61573 6388
61573 6426
61573 6510
61573 6422
33031 6210
61573 6450
61573 6392
61573 6373
61573 6367
61573 6400
61573 6425
61573 6932
61573 7104
33031 5080
61573 7114
33031 4929
52704 3614
54520 6306
54520 6298
30108 3751
30108 3727
30108 6515
30108 6392
44995 3766
44995 3794
59160 4862
59160 4313
59160 4747
44995 3597
22815 3855
42270 3657
14712 3644
8934 4635
8934 6177
50091 5225
50091 4405
50091 3707
50091 556
30108 3625
50091 6157
3333 3806
22815 3666
40196 4554
42270 3639
22815 7409
42270 6528
54520 6410
30108 4082
3333 3647
40196 3628
3333 10392
3333 6363
3333 6528
22815 6323
40196 7370
40196 6414
40196 6813
42270 5185
3333 6293
40196 6299
22815 6133
42270 3738
3333 1005
3333 3678
22815 3580
22815 6576
40196 304
40196 6428
42270 3622
3333 3621
3333 3736
3333 3636
3333 4253
22815 841
3333 4918
44995 3696
44995 3719
59160 3717
59160 3583
59160 6121
44995 5191
58129 3961
35493 4071
58129 3626
58129 6545
35493 5667
35493 7340
35493 8876
35493 6928
58129 4902
35493 7241
58129 3905
35493 3592
35493 3733
35493 5162
58129 3622
58129 6178
35493 4070
35493 6403
35493 4137
58129 3594
35493 6379
35493 6594
35493 4573
58129 3615
35493 6430
35493 6369
35493 6229
58129 4064
44995 3665
44995 6066
44995 3652
44995 3721
44995 4766
44995 5132
44995 3697
44995 3703
35493 6391
35493 7084
58129 5479
59160 3773
59160 4978
59160 3756
59160 3901
44995 3622
59160 3578
59160 3631
35493 6395
35493 6518
35493 6519
58129 6080
35493 6391
35493 6233
35493 3906
59160 3694
59160 5457
58129 3619
44995 4948
59160 3901
59160 6715
44995 4896
19913 3887
38718 3624
19913 3600
19913 6985
35493 6488
35493 6424
35493 6678
58129 5017
35493 6440
35493 6839
58129 4888
59160 5523
36206 3822
29039 4015
25955 3820
39266 3695
56674 4668
8547 5473
21858 3862
43363 3764
60771 3691
4450 3735
38718 3762
38718 7336
19913 3702
19913 4203
19913 6740
35493 6372
35493 6545
35493 6503
35493 5081
58129 3745
35493 6393
35493 6222
58129 4854
43612 4838
23117 3806
29039 5135
25955 3718
25955 7252
43597 4116
8547 3710
14941 3686
36206 3814
2638 3777
43363 3633
39503 3997
51788 3705
64078 4765
21858 5259
39266 4487
60771 3639
27215 3784
4450 3630
29039 7042
36206 7187
14924 3805
56674 3624
8547 6964
43363 6364
4450 6364
60771 6361
39266 4997
21858 6400
56674 6471
38718 5154
38718 3851
19913 3620
19913 3648
38718 6517
38718 6928
19913 5123
38718 6395
38718 6332
38718 6814
38718 6338
19913 3636
38718 6936
19913 5193
38718 6370
38718 6834
38718 6384
19913 4864
38718 6397
19913 6058
38718 6979
38718 6581
38718 6438
19913 4889
23117 3626
43597 4786
2638 3648
64078 3625
39503 4579
44995 4960
51788 3604
14924 3760
23117 7689
23117 6758
23117 6270
25955 3617
43597 7359
43597 6734
43597 6892
8547 4903
2638 7386
2638 6371
2638 6482
43363 3812
43612 4088
27215 3627
14941 4061
51788 7482
51788 6691
51788 6619
39266 5043
43612 7312
39503 7079
39503 6569
39503 6208
43612 6521
43612 6797
21858 4952
29039 4083
14941 7404
14941 6359
14941 6279
36206 3697
64078 7049
64078 6888
64078 6536
60771 5032
14924 7296
14924 6520
14924 6338
56674 3642
25955 3749
27215 7603
27215 6422
27215 6262
4450 5049
8547 4689
43363 5200
39266 3738
5281 3623
162 4141
38718 6471
38718 6391
19913 5325
29039 4088
21858 3886
36206 6053
38718 6473
38718 6659
19913 4973
38718 6955
38718 6433
38718 6410
38718 6653
19913 6271
19913 5199
38718 6365
38718 6435
38718 6827
38718 6473
38718 6406
38718 6386
38718 6395
19913 5178
38718 6433
38718 6441
38718 6391
60771 3741
19913 3594
38718 6398
38718 6363
38718 6831
38718 6353
38718 6377
38718 6515
38718 6833
19913 6487
38718 6574
38718 6844
19913 5220
56674 4357
4450 4702
43363 3746
39266 4936
29039 3690
21858 3620
36206 3739
60771 3591
56674 3639
25955 3685
4450 3739
8547 4747
25955 5137
25955 8531
25955 3674
25955 3707
8547 6283
8547 4486
8547 3720
8547 6015
8547 3758
8547 3703
8547 3684
8547 6144
8547 3847
8547 3679
8547 6630
8547 3804
8547 3683
23117 6201
43597 3805
2638 6107
43363 4171
33284 3828
29185 3857
51788 4963
39266 3628
43612 5126
29039 3677
38718 6803
38718 7025
19913 4953
38718 6415
38718 6565
19913 6254
39503 6151
21858 3612
14941 3787
36206 4679
64078 5125
60771 3660
38718 6368
38718 6405
19913 6151
38718 6496
38718 6469
19913 6297
38718 6445
38718 6578
19913 6146
14924 3827
56674 5951
38718 6414
38718 6444
19913 6273
2638 4109
43363 4027
2638 4822
2638 5145
27215 3803
43363 955
4450 3612
38718 6409
38718 6442
19913 5412
43612 3656
29039 3863
38718 6387
38718 6389
19913 3646
51788 3802
43612 3661
51788 3769
38718 6734
39266 26
29039 3582
43612 3616
51788 3634
39503 3695
29039 3584
64078 4101
39266 4322
21858 4628
60771 3660
23117 5451
64078 3849
60771 3617
25955 3741
39503 3653
64078 3611
21858 3724
60771 4608
39503 5112
27215 3629
21858 3770
4450 3623
27215 3782
4450 1386
43597 4678
8547 4986
25955 3654
8547 3779
38718 6405
19913 6170
38718 6533
38718 6457
14941 3666
14941 3745
14941 3678
36206 3713
36206 441
14924 5970
19913 3630
56674 4083
23117 3580
14924 3802
14924 3658
56674 3765
56674 3631
43597 3591
38718 6399
38718 6388
38718 6420
38718 6946
43597 4882
19913 5573
43597 3581
23117 6489
23117 6337
25955 6201
23117 6355
23117 6238
25955 4808
23117 6430
23117 6409
25955 5401
23117 6560
23117 6376
25955 5804
23117 6575
23117 6315
23117 6422
25955 6246
23117 6382
23117 6937
25955 4993
38718 7112
38718 6491
38718 6394
38718 6659
19913 5088
23117 6387
25955 3653
43597 6301
43597 7258
8547 5378
59552 3760
43597 6283
43597 6298
43597 6392
8547 6222
43597 6244
8547 3634
43597 6538
43597 6375
43597 6145
8547 3646
43597 6304
43597 6344
8547 4851
43597 6437
43597 6312
8547 6012
43597 6579
8547 6425
8547 4403
8547 4130
23117 6419
23117 6954
25955 6719
43597 6471
8547 4859
43597 6370
8547 5618
23117 6369
23117 6906
25955 5127
23117 6438
23117 6381
23117 6794
25955 5195
23117 6470
23117 6432
23117 6395
23117 6373
23117 6394
23117 6417
23117 6450
23117 7679
25955 6377
23117 6377
23117 6475
25955 6156
23117 6420
23117 6980
25955 5058
23117 6855
25955 6516
23117 6412
23117 6425
23117 6988
23117 6590
25955 6125
23117 6372
23117 6415
23117 6364
23117 6469
25955 5349
23117 6479
23117 6559
25955 6364
43597 6527
8547 3813
43597 6475
43597 6723
43597 6379
8547 6081
57856 3841
43597 6624
8547 4934
43597 6389
43597 6400
43597 6521
43597 6393
8547 6179
43597 6372
43597 6362
43597 7207
43597 6999
8547 4993
43597 6401
43597 6965
8547 6533
43597 6385
43597 6526
8547 6364
43597 6416
8547 6251
43597 6422
8547 4999
43597 6510
8547 6186
43597 6939
8547 4955
43597 6483
43597 6361
43597 6878
43597 7440
8547 6160
43597 6362
43597 2278
8547 5112
23117 6784
23117 6572
25955 6193
43597 6374
43597 6905
8547 5095
23117 6434
23117 6426
25955 6252
43597 6414
43597 7072
8547 6864
23117 6864
23117 6868
25955 4944
23117 6407
23117 6503
25955 6324
23117 6414
23117 6424
25955 6009
23117 6444
23117 6481
25955 6346
23117 6425
23117 6428
25955 6255
23117 6410
23117 6506
23117 6409
25955 3615
23117 6908
25955 5166
23117 6376
23117 6402
23117 6426
23117 6364
25955 6072
23117 6378
23117 6392
23117 6391
23117 6480
25955 4954
43597 6935
43597 6412
8547 6274
23117 6397
23117 6312
25955 4924
43597 6401
43597 6408
8547 6247
43597 6361
43597 6417
8547 4958
43597 6499
43597 6867
8547 4930
43597 6455
43597 6508
8547 6335
43597 6391
43597 6382
43597 6433
8547 6158
43597 6414
8547 5299
43597 6536
43597 6856
8547 6678
43597 7219
43597 6426
43597 6450
8547 6241
43597 6883
8547 5872
43597 6776
43597 6418
8547 6157
43597 6411
43597 6365
43597 6363
8547 6237
43597 6443
8547 6174
43597 6401
43597 6422
8547 4881
43597 6532
43597 6576
43597 6436
8547 6277
43597 6427
8547 6271
43597 6395
43597 6398
43597 6413
43597 6433
8547 6243
43597 6396
43597 6409
43597 6944
8547 5164
43597 6451
8547 6499
43597 6910
43597 6407
43597 6572
8547 6426
43597 6439
43597 6919
8547 5193
43597 6438
8547 4913
43597 6373
43597 6357
43597 6788
43597 7363
8547 5171
43597 6397
43597 6553
43597 6547
8547 6326
43597 6384
8547 4906
43597 6533
43597 6703
8547 5235
43597 7041
43597 6520
43597 6363
8547 6137
43597 6483
43597 7187
8547 5481
43597 6549
43597 6990
8547 6791
43597 6892
8547 4921
43597 6571
43597 6408
43597 6630
43597 6412
43597 6447
8547 6138
43597 6509
43597 6427
43597 6789
8547 5174
43597 6408
43597 6919
8547 5192
43597 6401
43597 6423
8547 6018
43597 6392
43597 6413
43597 6416
43597 6389
43597 6430
8547 6075
43597 6462
8547 3596
43597 6363
43597 6386
43597 6388
8547 6234
43597 6843
43597 6436
43597 6429
8547 6025
43597 6364
43597 6417
8547 5318
43597 6425
43597 6391
43597 6867
43597 6415
8547 5332
43597 6681
43597 6410
8547 6111
43597 6426
43597 6375
8547 6171
59160 5099
8547 3882
43597 7360
8547 5518
43597 6955
8547 5077
43597 6481
43597 6796
8547 5016
43597 6561
8547 6355
43597 6386
8547 4948
43597 6533
43597 5582
8547 3823
43597 6503
43597 6373
43597 6403
8547 6134
43597 6469
8547 5319
43597 6359
43597 6360
43597 6439
8547 6210
43597 6370
43597 6349
43597 6473
8547 6047
43597 6440
8547 6223
43597 6718
43597 6489
43597 6379
8547 4876
43597 6807
8547 4795
43597 6371
43597 6915
8547 5109
43597 6369
8547 4582
43597 6303
43597 6794
43597 6284
8547 4057
43597 6461
43597 6364
43597 6250
43597 6486
43597 6226
8547 5310
43597 6412
43597 6413
8547 6223
43597 6396
43597 6392
43597 6172
8547 4048
43597 6476
43597 6210
43597 7804
8547 5170
43597 6468
43597 6413
8547 6255
43597 6400
43597 6328
43597 6302
43597 3890
8547 3749
43597 6298
43597 6542
43597 6253
43597 6386
8547 6218
43597 6712
43597 7055
43597 6546
43597 6623
8547 5141
43597 6384
43597 6491
43597 6422
8547 6027
43597 6429
43597 6416
43597 6582
8547 4762
43597 6788
43597 6419
8547 6217
43597 6313
43597 6389
8547 6203
43597 6496
43597 6508
43597 6510
8547 6256
43597 6462
43597 6367
43597 6939
8547 5188
44995 3583
8547 6028
44995 3655
44995 3852
25955 4665
43597 6406
59160 2946
59160 5112
44995 3624
31947 3773
44995 4053
44995 6051
58129 6189
23117 6770
23117 6360
25955 6164
23117 6325
23117 6585
23117 6387
23117 6336
23117 6980
25955 5349
23117 6476
23117 6406
23117 6463
23117 6523
25955 5238
23117 6988
25955 5206
23117 6381
23117 6578
23117 6730
25955 5066
23117 6808
23117 6782
25955 4866
23117 6704
23117 6397
23117 7483
25955 5711
23117 4116
23117 6665
25955 5697
23117 6447
23117 6611
25955 5498
23117 6431
23117 6825
25955 5228
23117 6512
23117 6580
25955 5009
23117 6402
23117 6904
25955 5087
23117 6466
23117 6671
25955 5057
23117 6725
23117 6540
25955 6374
23117 6575
23117 6469
25955 6247
23117 6421
23117 6402
25955 5093
23117 6372
23117 6855
23117 6959
25955 5110
23117 6987
23117 6564
25955 6261
23117 6408
23117 6434
25955 6275
23117 6361
25955 3643
23117 6378
23117 6726
25955 5153
8547 4049
39866 3810
31947 4049
31947 7149
59160 2077
59160 6107
44995 3613
39866 3603
39866 7428
39866 6376
39866 7522
31947 5323
35493 3584
31947 3716
39866 499
39866 3728
31947 3617
31947 6176
39866 3712
35493 5313
39866 6257
39866 4007
31947 3766
39866 2308
39866 6315
31947 5086
58129 3698
17471 3618
17471 3617
178 4054
17871 3701
53313 3814
64675 3785
47267 3659
17570 3613
4613 4773
57861 5022
29188 3830
178 253
44995 3627
44995 4666
8547 5027
8547 3700
8547 6168
8547 3783
8547 3705
8547 3790
8547 6507
8547 3807
8547 3745
8547 5140
8547 4998
8547 3789
8547 3698
8547 6149
8547 3678
8547 4277
8547 3693
8547 6067
8547 3684
8547 3750
8547 3661
8547 6005
8547 3702
44995 3651
44995 5177
44995 5403
44995 3726
44995 3698
44995 6234
13306 3742
13306 3591
17471 4037
178 3712
11730 3628
43597 3632
59160 4610
59160 5056
59160 3829
44995 4234
43597 779
53137 4848
43597 4922
43597 6461
8547 3634
43597 6328
8547 5330
43597 6543
43597 6444
8547 4866
54407 3708
54407 3607
43597 6772
8547 5176
43597 6550
54407 3664
8547 3771
43597 6404
8547 6259
43597 6603
8547 5018
59160 4934
59160 3649
59160 3576
43597 6417
43597 6386
59160 5465
8547 4891
44995 3735
59160 3845
43597 6899
43597 6925
8547 5193
47646 3903
43597 6366
43597 6558
8547 5263
43597 6395
43597 6518
8547 6274
43597 6370
43597 6895
8547 4935
43597 6418
43597 7443
8547 6952
59160 6054
44995 4064
43597 6376
43597 6654
8547 5074
43597 6476
43597 6405
8547 4877
43597 7026
43597 4780
8547 4109
43597 6417
43597 6393
8547 5357
43597 6374
43597 7159
8547 5776
43597 7035
43597 3973
8547 4659
49421 3866
43597 6308
43597 6151
8547 4913
43597 6306
43597 3707
8547 3578
43597 6331
43597 6480
8547 5063
43597 6152
43597 7248
8547 5392
43597 3746
8547 3601
43597 6369
43597 6798
8547 5202
43597 6406
43597 6585
8547 5698
43597 6502
43597 6395
8547 4984
20258 3801
47646 3628
47646 6957
43597 6453
43597 7657
8547 5641
43597 6615
43597 6640
8547 5039
43597 6854
43597 6622
8547 5033
43597 6393
43597 4057
8547 4609
43597 6539
43597 6479
54407 3686
54407 6750
8547 5845
13306 3648
43597 6830
43597 6455
8547 6354
43597 6463
43597 6410
8547 6111
54407 6367
54407 6479
13306 5697
54407 6570
54407 6515
54407 6433
13306 5329
7641 4867
53137 3757
54407 6894
54407 6742
13306 4916
54407 6826
54407 6430
54407 6690
13306 6476
43597 6415
43597 6425
43597 3829
8547 3663
54407 6395
54407 6438
13306 4913
54407 6417
54407 6420
54407 6924
13306 4919
43597 7146
8547 4949
43597 6448
43597 6521
43597 6454
8547 5483
53137 7125
54407 6822
54407 6308
13306 5146
13306 4681
43597 6368
43597 6408
8547 6280
43597 7061
43597 6615
8547 4922
43597 6398
8547 6177
43597 6396
43597 6430
43597 6916
8547 4937
43597 6546
8547 4729
43597 6369
43597 6421
43597 6266
8547 4872
20258 3601
43597 7076
8547 4963
43597 6438
43597 6390
8547 5606
43597 7029
8547 5486
43597 6448
43597 6451
8547 5406
20258 7768
20258 7448
47646 6194
43597 6379
43597 6418
43597 7103
43597 6550
43597 3829
8547 3624
43597 6706
43597 6307
43597 6372
43597 6174
8547 4901
43597 6370
43597 3815
8547 3595
43597 6422
43597 6493
43597 6656
8547 3617
47646 3762
43597 9353
43597 6258
8547 5199
47646 3758
47646 6307
43597 6405
43597 6378
8547 6121
43597 6830
43597 6854
43597 6373
43597 6422
8547 6239
43597 6393
43597 6450
8547 6263
43597 6941
43597 6753
8547 6367
43597 6380
43597 3793
8547 3655
43597 6377
43597 6416
8547 6022
43597 6405
43597 6402
43597 6410
43597 6808
8547 6654
43597 6574
43597 6349
43597 4328
8547 4077
43597 6907
8547 4888
43597 6596
43597 6441
8547 5007
43597 6372
43597 6404
43597 6364
43597 3809
8547 3719
7641 3729
43597 6400
43597 7057
8547 5039
43597 6850
20258 1173
47646 3614
47646 4621
43597 7077
8547 5101
43597 6387
43597 6379
43597 6392
43597 6431
8547 6194
43597 6416
43597 6672
54407 5162
8547 3704
43597 6805
43597 6851
8547 6415
43597 6817
43597 6361
43597 6396
43597 6390
43597 6534
8547 6158
43597 6375
8547 5230
43597 6457
43597 6313
8547 5315
43597 6483
43597 6455
43597 6888
43597 6574
8547 6281
43597 6451
43597 6509
43597 6901
8547 5170
43597 6408
8547 5088
43597 6397
43597 6363
43597 6414
8547 5388
43597 6402
43597 6548
43597 6396
43597 6417
8547 6175
43597 6364
8547 6141
43597 6366
43597 6372
43597 6380
8547 4903
43597 6417
8547 6263
43597 6408
43597 6426
8547 5414
43597 6829
43597 6524
43597 7097
8547 5474
43597 7006
8547 6819
43597 6378
43597 6452
8547 6271
43597 6356
43597 6733
8547 5022
43597 6440
43597 6412
43597 6952
8547 5204
20258 2146
47646 3619
59160 4930
30352 5162
7641 5103
53137 3629
53137 5138
53137 5256
53834 3986
30352 3748
30352 7216
20258 3687
7641 6196
7641 3662
53137 4711
53137 4994
7641 3766
44995 3608
53834 3746
53834 7751
53834 6498
53834 6279
30352 3640
7641 3647
7641 6304
7641 6643
53137 4153
7641 3633
7641 3704
53137 3723
30352 3711
53137 4741
30352 5149
30352 6583
7641 3615
53834 3853
53834 3647
30352 4617
30352 5018
53834 3648
53834 3578
53834 6384
53834 4592
30352 3768
44995 4633
44995 5064
59160 3606
59160 3666
59160 6134
44995 3605
22578 3815
34377 4138
22578 3621
22578 7263
34377 5211
34377 7349
34377 6416
34377 6281
22578 3663
22578 3934
34377 3658
22578 6380
20656 3772
5296 4651
34377 5158
59569 3790
42059 3802
21579 3736
50250 5616
54728 4256
64974 3610
45120 3776
4169 3751
22578 3684
13306 3767
13306 4652
54407 4745
54407 4193
44995 3695
44995 3886
54407 3704
54407 6513
13306 5255
54407 6842
54407 6891
13306 4932
54407 6473
54407 6445
13306 6287
54407 6847
54407 6463
54407 6379
13306 5368
54407 6387
54407 6469
54407 6757
13306 4870
54407 6460
54407 6979
13306 5053
54407 6550
54407 3829
13306 4485
54407 6568
54407 6399
54407 6940
13306 5069
54407 6538
54407 6589
13306 5127
54407 6389
13306 5029
54407 6525
54407 6661
13306 4987
54407 7111
54407 6411
13306 5334
54407 6460
54407 6384
54407 6439
13306 6069
54407 6362
54407 6397
13306 6182
13306 5324
54407 6399
54407 6410
54407 6391
13306 6231
54407 6414
13306 6178
54407 6505
54407 6393
54407 6400
13306 6006
54407 6387
54407 6816
13306 5045
13306 3674
54407 6391
13306 5124
54407 6409
54407 6376
54407 6561
13306 6282
54407 6874
13306 5472
54407 6547
13306 6127
54407 6564
54407 6934
13306 5068
54407 6817
54407 6423
13306 6221
54407 6485
13306 6234
59160 3576
59160 3769
59160 7434
44995 6013
14999 4012
54407 3730
58129 6338
29465 3885
36632 5127
51992 3691
14105 4127
17176 3681
51210 3687
14999 3648
14999 7173
51210 5172
51210 7345
14999 3628
44995 4116
44995 3736
51210 7231
59160 5016
59160 5207
35493 4034
19129 4068
29465 3611
29465 7128
55992 4145
36632 3582
36632 6487
10936 3635
51992 3658
51992 6548
47801 3628
14105 3591
14105 6382
35515 3646
17176 3587
17176 6911
44995 4968
14999 3636
59160 6101
8547 3688
43597 6212
19129 4663
19129 3671
29465 3705
55992 3617
55992 5653
55992 5444
36632 3581
10936 3803
10936 4988
10936 3702
51992 3644
47801 3611
47801 407
14105 3605
35515 3616
35515 4317
35515 4110
17176 3615
29465 6659
36632 3667
51992 3642
14105 3652
17176 3622
29465 6530
36632 6352
51992 6438
14105 6619
17176 6628
44995 6420
35493 6283
8547 3674
58129 4633
19129 5080
19129 3637
55992 3760
55992 3655
10936 3732
10936 3598
47801 968
35515 3608
35515 4625
19129 3807
55992 4938
10936 3618
35515 3610
47801 3578
55992 6335
10936 6274
35515 6232
47801 6900
36632 5189
51992 3623
17176 4934
14105 3627
19129 6351
29465 3609
49484 3579
39532 3964
44995 3666
44995 3705
8547 6144
8547 3678
8547 3769
8547 6018
8547 4163
8547 3752
8547 4674
8547 5100
8547 3845
8547 6052
8547 4133
8547 3684
25955 4768
8547 5048
44995 3659
44995 4152
58129 6881
36632 6480
59160 5187
59160 3643
43597 6324
43597 6295
43597 681
8547 5107
43597 4008
43597 6410
8547 3652
43597 6367
43597 6438
43597 6750
8547 3607
43597 7904
8547 5566
43597 6734
8547 6570
43597 6469
43597 6406
8547 6080
43597 6399
43597 6382
43597 6817
8547 5205
43597 7424
8547 5230
43597 6385
43597 6394
8547 6258
43597 6239
8547 4614
43597 6351
43597 6819
43597 6433
43597 3854
8547 3616
23117 6418
23117 6314
23117 6405
23117 6288
25955 5156
23117 6420
23117 6724
23117 6434
25955 6142
23117 6413
23117 6730
25955 4890
43597 6294
23117 6403
25955 6052
23117 6366
23117 6913
25955 4956
23117 6375
23117 6510
23117 7497
25955 5798
59160 3718
59160 3789
44995 3605
43597 6715
8547 5152
43597 6378
43597 6418
8547 6244
43597 6440
23117 6400
25955 6137
23117 6338
23117 6526
23117 6407
25955 5250
43597 7077
43597 6426
43597 6380
8547 6078
43597 6386
43597 6359
43597 6518
8547 5062
43597 6638
8547 3613
43597 6317
43597 5785
8547 5159
23117 6384
23117 6907
23117 6397
23117 6182
25955 5087
43597 6261
29465 6370
43597 6319
8547 5222
14105 6394
43597 6336
43597 6548
43597 6359
8547 3681
43597 6419
8547 6217
43597 6421
43597 6924
8547 5222
43597 3712
43597 6342
8547 5266
43597 6372
43597 6534
43597 5111
8547 3906
17176 6392
43597 6480
43597 6300
8547 4697
43597 6533
43597 6410
43597 6999
8547 6713
43597 6385
43597 6511
43597 6575
8547 6391
43597 6415
43597 6498
8547 6312
43597 6780
8547 5045
43597 6803
43597 6395
8547 5877
43597 6449
43597 6509
43597 6532
8547 5028
43597 6588
43597 6368
43597 6596
8547 6475
43597 6370
43597 6460
8547 6266
43597 6415
43597 6484
8547 6141
43597 6414
43597 6407
43597 6881
43597 6878
8547 6690
43597 6379
43597 6397
8547 6092
43597 6371
43597 6811
43597 6377
8547 6237
43597 6383
8547 3621
43597 6424
43597 6421
8547 6153
43597 6427
43597 6373
43597 6381
43597 6464
8547 5077
43597 6390
8547 3605
43597 6496
8547 6326
43597 6423
43597 6503
8547 6304
43597 6487
43597 6459
8547 6186
43597 6497
43597 7072
43597 6396
43597 6434
8547 6182
43597 6399
43597 6543
8547 6231
43597 6370
43597 6841
43597 6515
8547 5880
43597 6402
43597 6375
43597 7223
8547 6973
43597 6546
43597 6362
43597 6389
43597 6408
43597 6582
8547 6458
51992 6480
59160 4914
35493 3680
55992 5073
19129 3637
47801 4043
35515 3740
44995 3666
10936 3650
59160 6322
50986 3800
15147 4355
32555 3760
44995 3661
35493 6444
35493 6154
58129 3883
35493 6476
35493 6992
58129 4858
57073 3821
20208 3760
15147 3687
50986 3587
50986 7161
15147 6520
12017 3673
32555 3622
32555 6306
35515 6311
10936 6733
19129 6332
17176 3603
51992 3654
29465 3644
20208 3608
57073 3771
12017 4615
20208 7393
20208 6572
20208 6247
50986 3618
57073 7271
57073 6846
57073 6315
15147 4083
12017 8254
12017 6382
12017 7293
32555 4982
50986 4713
15147 5057
32555 3765
55992 6478
55992 5991
36632 3727
55992 6420
55992 6551
55992 6181
36632 4882
20208 3638
20208 3627
20208 3739
50986 4726
50986 6280
57073 819
57073 3666
15147 4624
15147 6861
12017 1829
12017 3643
32555 3609
32555 6280
55992 7150
55992 6365
55992 6198
36632 4355
55992 6569
36632 4133
20208 3615
47801 6566
57073 4085
20208 6510
20208 6869
50986 4885
20208 6419
20208 1751
50986 3621
57073 6882
12017 5163
57073 4755
15147 3655
57073 4967
12017 6497
12017 6390
32555 6175
12017 912
32555 3615
14105 3605
15147 4074
8547 4122
8547 4715
8547 5092
8547 4353
8547 3693
44995 4649
44995 5112
17176 6362
51992 6680
58129 6367
43597 4876
36632 6575
59160 3593
59160 3779
43597 6351
43597 6300
8547 3608
43597 6489
43597 6236
43597 6324
43597 6392
8547 5590
43597 6398
43597 6373
8547 5289
43597 6384
43597 6372
8547 6177
43597 6422
43597 6368
43597 748
8547 4600
43597 6399
43597 6545
43597 7157
43597 6406
8547 6041
43597 6402
43597 6797
8547 5041
43597 6741
43597 6398
43597 6917
8547 4934
43597 6717
8547 6644
43597 6524
43597 6386
43597 6508
8547 4909
43597 6986
8547 5053
43597 6767
43597 6204
43597 6468
8547 6143
43597 6358
43597 6421
43597 7129
8547 4937
43597 6764
43597 6419
43597 6549
8547 6379
43597 6900
43597 6715
8547 5149
43597 6933
43597 6498
43597 6884
8547 6563
43597 6474
43597 6658
43597 6145
8547 4848
43597 6401
8547 6165
43597 6380
43597 6925
8547 5059
43597 7469
43597 6378
43597 7028
8547 5243
43597 6894
8547 5267
43597 6512
43597 6351
43597 6390
43597 6571
8547 5249
43597 6489
43597 6385
43597 6418
43597 6420
8547 6051
43597 6386
43597 6373
8547 3659
43597 7475
43597 6393
8547 3622
43597 6364
43597 6424
43597 6549
43597 6382
43597 6395
8547 4932
43597 6454
43597 6538
43597 6402
8547 6227
43597 6363
43597 6391
43597 6417
43597 6402
43597 6380
43597 6431
8547 6202
43597 6559
43597 6927
8547 5241
14105 6471
43597 6386
43597 6404
43597 6413
43597 6620
43597 6380
43597 6667
8547 4431
43597 6435
43597 8173
43597 6410
43597 6442
43597 6844
43597 6599
43597 6608
43597 6400
43597 6393
8547 4835
43597 7819
43597 6390
43597 6384
43597 6624
43597 6411
43597 6847
43597 6568
43597 6496
8547 3794
43597 6539
43597 6419
43597 7133
43597 7203
43597 6561
43597 6657
43597 6503
43597 6608
8547 5189
29465 6724
43597 6492
43597 6421
43597 6416
43597 6568
43597 9420
43597 6529
43597 6470
8547 6230
43597 6322
43597 6502
43597 6933
43597 6679
43597 6260
43597 6520
43597 6612
43597 5106
43597 6466
43597 6827
43597 6419
8547 6027
43597 6640
43597 739
8547 4786
43597 6477
43597 6351
8547 3999
43597 6498
43597 7366
8547 6121
43597 6856
43597 6408
43597 6520
8547 5218
43597 6668
8547 5184
43597 1212
8547 3799
43597 6543
43597 6399
8547 5530
43597 6380
43597 6663
43597 6377
43597 6517
43597 6980
43597 6711
43597 6568
43597 6658
43597 6528
8547 5307
43597 6947
43597 6651
43597 3776
8547 3727
43597 6432
43597 8087
43597 6628
8547 4345
43597 6967
8547 5373
43597 6874
43597 6549
8547 4078
43597 6529
43597 6556
43597 6551
43597 8433
43597 6670
8547 5739
43597 6952
8547 5781
43597 6704
43597 6803
43597 7116
8547 5180
43597 6782
8547 5452
43597 6994
43597 7001
8547 5662
43597 6396
43597 6350
43597 6694
43597 3938
8547 3934
43597 6450
43597 6456
8547 3807
43597 6470
43597 6384
43597 6568
8547 5297
43597 6648
43597 6588
8547 5425
43597 6404
43597 7105
43597 6742
8547 5484
44995 5795
35515 4030
10936 4050
35493 3795
55992 3587
33281 3854
31840 4059
33281 4829
31840 5207
47801 4069
19129 3658
59160 3933
63903 5170
48564 3951
63903 5062
63903 7522
33281 6742
44995 4015
48564 3748
48564 11603
48564 7006
48564 5289
63903 5099
35515 6484
63903 4020
63903 3949
63903 6518
55992 6510
35493 7250
35493 5260
58129 3859
35493 6776
48564 6280
48564 4163
63903 3738
63903 4925
17176 3835
48564 11621
36632 8132
19129 6532
47801 6464
58129 4332
29465 4935
14105 5231
63903 3821
48564 3964
10936 5079
51992 3888
60987 5635
23391 4192
15147 6494
63903 6487
51992 6497
14105 6599
29465 6903
58129 6692
48564 4625
48564 6464
57073 1990
57073 6539
57073 2654
15147 3753
15147 9813
10936 8114
47801 4417
63903 3891
19129 3749
35493 5519
57073 3869
57073 5516
57073 6381
57073 7244
15147 5698
57073 3844
15147 5452
47801 6587
19129 6392
35493 6837
14105 5302
29465 3920
58129 3686
10936 6509
10936 3876
51992 3871
10936 6859
51992 5399
52386 4249
53767 3837
15147 6666
44995 5181
44995 3947
59160 4183
57073 3762
57073 6663
57073 6428
57073 7093
57073 1585
15147 6593
44995 5024
15147 6485
59160 4373
58943 3945
30826 4827
30826 5185
11407 937
57073 3793
57073 3725
57073 6500
57073 3325
15147 3732
44995 3771
30826 3780
51840 3884
58943 3820
58943 8070
51840 6412
51840 10468
51840 6533
51840 6973
58943 5326
58943 3849
51840 3686
51840 525
58943 5014
58943 6378
51840 3733
51840 1883
51840 1997
58943 3657
58943 4326
44995 6090
44995 3958
8547 3926
59160 3832
59160 3764
59160 6376
44995 5055
43597 6437
43597 3806
8547 3741
51840 3738
51992 6719
10936 5365
10936 6532
10936 3987
51992 3735
30427 3712
10936 6888
10936 6515
51992 4199
10936 6548
10936 7405
10936 9371
51992 7594
42295 4474
10936 6574
10936 7117
51992 5669
10936 6568
10936 6496
51992 5375
12423 4382
25901 5115
64647 5137
13614 3925
27495 3854
17768 3933
38360 3786
31998 3827
14557 3738
15304 3817
11662 5348
32186 3767
39958 5092
39958 3807
2811 1265
39958 3789
23498 4019
44995 3863
44995 6178
60809 3932
17687 4106
59160 3784
59160 6055
1775 3973
59160 4879
44995 5139
37180 3772
42270 4174
13971 4084
51858 3935
3901 1189
37180 322
55840 5138
13971 5540
18977 4105
51858 3867
13971 7301
51858 6935
31868 5303
55840 3763
18977 3879
40196 5520
40196 3801
40196 3873
42270 3784
42270 4216
11444 3747
54867 4862
18977 8537
18977 6680
18977 4836
51858 3886
55840 9930
55840 6530
55840 4951
13971 3934
51858 5146
13971 3839
2173 3857
18977 6404
13971 3929
55840 6399
13971 3764
51858 3851
51858 4815
51858 5287
59536 4434
55840 4181
13971 3859
18977 3285
14437 3929
55442 3795
37542 3938
18977 6706
18977 4038
51858 3910
18977 3747
51858 3760
18977 4729
51858 5263
44995 3805
44995 3846
59160 3777
59160 8194
44995 4621
5231 4012
18977 3673
2611 3829
5231 3735
5231 7114
2611 3826
2611 7790
2611 6526
2611 6472
5231 4299
5231 5168
5231 3979
5231 6258
2611 3847
2611 1929
5231 3797
5231 3993
2611 3780
22246 3779
2611 3776
33515 3825
38748 4746
2611 6398
2611 6509
5231 5310
2611 6630
2611 6928
2611 6487
2611 6677
5231 5213
2611 3487
5231 3716
2611 6859
2611 6597
5231 5366
2611 6657
2611 6693
2611 7172
5231 5082
2611 6974
5231 5436
2611 6493
2611 7004
2611 6577
5231 3756
2611 6515
2611 6506
5231 5263
2611 7135
5231 5232
2611 6691
2611 6548
5231 5302
2611 7459
5231 5955
2611 6620
2611 6502
5231 6244
2611 6495
2611 8334
5231 6881
2611 6680
2611 6971
5231 5001
2611 6548
2611 6893
5231 5203
2611 6441
2611 6502
5231 6289
2611 6869
2611 6533
5231 6726
2611 6518
2611 6644
5231 5414
2611 6557
2611 6565
5231 6417
2611 6371
2611 6611
5231 5029
2611 6433
2611 6930
5231 6563
2611 6451
2611 6908
5231 5107
2611 6416
5231 3786
2611 5027
58974 5543
5231 5252
5231 3825
2611 3722
2611 4747
5231 5137
5231 3845
2611 6295
5231 4026
2611 6757
5231 3906
2611 7054
5231 4956
2611 6828
5231 5227
2611 4328
5231 3790
2611 6470
5231 3627
5231 6173
2611 112
2611 3829
2611 7217
5231 5332
2611 6506
2611 6497
5231 3645
2611 6612
2611 6556
5231 5000
2611 8073
2611 6647
5231 5161
2611 6618
2611 6859
5231 5235
2611 6550
2611 6786
5231 4290
2611 7457
2611 6658
5231 5046
2611 6784
5231 3992
2611 6488
5231 5424
2611 6387
2611 6947
5231 5319
2611 6723
5231 5431
2611 6701
5231 3718
2611 6903
2611 6448
5231 6014
2611 6551
2611 6843
5231 6372
2611 6883
2611 7124
5231 4939
2611 8037
2611 6939
5231 5314
17044 3904
2611 6626
2611 6787
5231 5208
2611 6553
2611 6540
2611 7255
5231 5505
2611 6520
2611 6913
5231 5337
2611 6368
2611 6820
5231 5816
2611 6563
2611 7074
5231 5205
2611 6407
5231 4801
2611 6420
2611 6368
2611 6501
5231 4346
2611 6376
2611 6735
5231 5156
7154 3810
2611 6339
2611 6672
5231 4180
2611 8795
5231 6897
2611 6535
2611 6518
2611 7041
5231 5247
2611 6646
2611 6602
5231 4921
2611 6650
5231 5227
2611 6561
2611 6395
5231 5005
2611 6517
2611 7114
5231 5260
2611 6405
2611 6931
5231 5191
2611 7547
2611 7041
5231 5299
2611 6536
2611 6887
5231 5926
2611 6486
2611 6892
5231 4950
2611 6554
2611 6528
5231 5304
2611 6563
2611 6811
5231 5192
2611 6517
2611 6803
5231 5215
2611 6391
2611 7047
5231 5257
2611 6443
2611 7200
5231 5315
2611 6449
2611 6418
5231 4967
2611 6400
2611 7072
5231 5481
2611 6524
2611 6397
2611 6863
5231 5199
60224 3707
2611 6540
5231 3645
2611 6509
2611 6821
5231 5154
2611 6376
2611 6393
2611 6437
5231 6029
2611 7397
2611 6917
5231 5079
2611 6480
2611 6609
2611 3804
5231 3745
2611 6757
2611 6496
2611 6397
2611 6438
2611 6359
5231 4923
2611 6487
5231 5045
2611 7036
2611 6553
5231 6363
2611 6387
2611 6512
2611 6231
5231 5484
49886 4067
2611 6413
2611 6443
2611 6381
2611 6939
5231 5131
5231 3926
2611 3778
161 4971
34420 4906
23392 4930
12129 3841
18913 3586
31203 4945
5231 3876
2611 3636
2611 6052
2611 6385
5231 5088
2611 6614
2611 6706
5231 5077
2611 6861
2611 6408
2611 6542
5231 6422
2611 6397
5231 5108
2611 6380
2611 6538
2611 6787
5231 4932
2611 7088
5231 5199
2611 6751
5231 5173
2611 6398
2611 6370
2611 6432
5231 5081
2611 8063
5231 6647
2611 6862
2611 6405
5231 6249
2611 6419
2611 6824
5231 4989
2611 6384
2611 6520
2611 6430
5231 6255
2611 6952
2611 6386
5231 6210
2611 6416
5231 6155
2611 6561
2611 6784
2611 6456
2611 6405
5231 4959
2611 6530
2611 6395
5231 5061
5231 3711
2611 3592
58209 3623
63330 4079
34209 3583
54112 4109
42849 4699
5231 6524
19263 3815
19263 3757
2611 4614
51468 4922
51468 3643
51468 3664
5231 4971
14999 3632
44995 5003
44995 3808
5231 3647
2611 4631
2611 5568
5231 3631
2611 4102
5231 3611
55781 3686
10720 3755
57120 3790
59874 3604
55776 4588
2611 4971
2611 3625
2611 3764
2611 6557
5231 5074
2611 6464
51210 3622
14999 3622
59160 3578
59160 4704
19263 3622
2611 3774
2611 3821
2611 139
5231 3609
5231 3640
59160 4714
44995 6038
2611 5671
51468 4811
51468 6897
19263 4937
51468 6862
51468 6598
19263 6233
51468 6394
51468 7227
19263 6967
51468 6476
51468 6405
19263 6093
51468 6256
51468 6936
19263 5086
51468 6385
51468 5061
19263 3619
51468 3764
38561 4630
51468 5096
19263 5146
19263 3674
16045 3728
51468 3606
58145 4283
59071 3697
14210 3616
4936 5074
42001 4982
42001 3727
42001 3797
35863 3603
35863 3574
42001 3698
27198 3751
19379 3767
19270 3786
49876 3690
58315 4681
36232 5242
28945 3711
32655 3645
1053 3672
1053 3662
1053 3624
62482 455
1053 3727
22502 5057
22502 3655
7957 3741
22502 3637
7957 4127
7957 3745
22502 3649
62476 4772
62476 1229
57374 3817
57374 3570
27525 3677
33603 3818
44995 3770
44995 6201
59160 3610
59160 3822
44995 3624
40864 3855
25505 3820
62476 4747
30626 5154
37916 3659
37916 3744
37916 4377
2067 3666
2067 3732
37916 3643
41971 3644
41971 6098
14901 3645
41971 3611
14901 2264
26871 3632
49864 5098
41971 3762
2604 3785
7345 3873
42752 4637
56335 5227
52918 3655
48122 3693
63021 3788
36016 3887
40864 3667
25505 3674
30626 3906
51950 4825
51950 1128
23126 3614
23126 3692
51950 3659
44062 3717
49616 3861
33324 3611
48306 3636
20012 4750
60593 3701
57622 4936
35358 3727
49031 3688
64763 3690
3096 3600
49626 3639
51886 3660
51285 4519
53338 3634
11814 5300
12541 5146
26573 3618
43735 3642
9517 3587
34006 3675
39450 4074
41969 3825
1069 3608
3170 3729
4230 4631
22425 5179
38274 4233
2293 3658
8746 3604
1576 4246
56875 3807
48312 3803
39187 3634
39467 3626
36031 4235
11449 4642
56505 5747
45613 5133
8075 3748
31920 3702
8224 3634
15473 3732
5764 3638
47922 3818
40864 4161
25505 4686
47753 5016
11042 3868
30626 3627
4341 3741
1577 3601
34377 3731
22578 3622
24763 3620
19647 3830
26920 4611
37116 5571
12769 3613
43385 3765
20702 3609
64399 3802
65089 3682
29167 3763
26076 3732
41243 3687
9434 3600
24971 6328
48028 3745
64180 3792
37764 3620
23189 3626
34377 3652
22578 3610
38545 3682
9537 3826
43735 3661
26573 5375
60673 4890
41100 3926
59720 3671
48635 3813
8633 4018
10457 3833
27595 3640
12235 3688
47258 3686
54218 4655
1501 5057
27280 3639
46400 4573
155 3716
26076 3677
38718 136
19913 3631
19913 3606
38718 4882
18940 3610
2748 5162
53834 3714
53834 3668
30352 3786
30352 3640
53834 3765
27595 3844
12235 3854
54218 4807
41472 5033
39316 4221
23193 3600
44386 3599
62679 3627
43735 3672
26573 3607
4504 3697
33031 3609
61573 3848
23117 4630
23117 5006
25955 3717
25955 3807
23117 3643
54520 3656
30108 3718
8934 3619
50091 3824
5281 4193
162 4838
29185 5251
33284 3628
59552 3673
57856 3734
19647 3642
19647 3680
19647 3630
24763 3576
24763 3595
31947 4669
19647 4959
39866 3633
17871 4105
53313 3767
64675 3605
47267 3678
17570 3625
4613 3821
57861 3792
29188 3663
43597 310
8547 3646
8547 3579
43597 4076
11730 3609
49421 3852
47646 3570
20258 3664
53137 4724
7641 3826
29167 5155
29167 3621
29167 3626
65089 14
29167 3622
20656 3609
5296 3607
59569 6211
42059 4300
21579 3805
54728 3685
64974 3730
50250 4384
45120 3982
4169 3725
1577 3808
1577 3816
4341 914
1577 3620
13306 3631
54407 3755
49484 3673
39532 3981
27595 3629
12235 3841
54218 4610
50986 3683
32555 5118
20208 4082
12017 3735
17176 3733
36632 4037
35515 3687
55992 3739
60987 3630
23391 3856
63903 3721
48564 4816
14105 5075
29465 3760
58129 3689
19129 3580
47801 3624
35493 4152
52386 3607
53767 4781
15147 5477
57073 4847
30427 3825
42295 3810
51992 3688
10936 3774
12423 3584
25901 3845
64647 3618
13614 3673
27495 3624
17768 3650
38360 4749
31998 5047
15304 3647
14557 3624
11662 3835
32186 3782
23498 4411
60809 3818
1775 3702
31868 3633
11444 3583
54867 4657
17687 4962
2173 3652
51858 3601
59536 3711
18977 3868
14437 4230
55442 3709
37542 3671
22246 3660
33515 4628
38748 4976
58974 3673
17044 3606
7154 3824
60224 3635
49886 3808
161 3651
23392 3639
12129 3640
18913 3619
31203 4621
34420 7349
58209 5103
63330 3651
54112 3587
42849 3617
34209 3613
5231 3719
55781 3732
10720 3627
59874 3636
55776 4609
57120 5161
2611 3775
19263 3602
38561 3615
16045 3660
51468 4471
59071 3817
58145 3719
14210 4840
4936 3696
27198 5033
19379 3678
19270 3595
49876 4082
58315 3617
36232 4263
28945 3638
32655 3656
27525 3741
33603 4664
44995 4974
59160 3632
26871 4261
49864 3696
2604 4073
7345 3711
42752 3713
56335 3635
44995 4649
44995 5059
44995 4168
26573 2051
22578 3630
22578 3597
59720 3619
59160 4658
59160 1367
59160 3654
48635 351
59720 897
34377 3712
22578 3627
44995 4616
52918 5013
43735 3717
26573 3645
48122 3811
59160 3750
1098 3663
63563 3655
44995 4622
63021 4950
36016 3650
48203 3670
42303 3809
1098 3626
1098 7035
13630 3812
63563 3586
63563 7453
50494 3972
48203 4014
13630 6814
63563 5184
13630 6902
13630 5268
63563 3611
42303 7193
42303 6378
42303 4774
63563 3722
1098 4741
50494 7145
50494 6913
50494 4826
50494 6872
48203 3348
48203 3898
13630 6114
63563 6172
42303 3792
1098 3744
50494 6151
48203 3649
13630 3690
13630 1104
63563 3667
63563 4073
44995 5968
44995 3728
59160 3659
44995 4048
13630 3615
44062 3780
49616 5197
33324 3590
48306 5597
20012 4970
60593 3671
57622 3637
35358 3631
49031 3804
64763 3780
3096 3733
49626 3678
51886 4595
51285 5217
44995 4084
59160 3619
11814 3585
12541 3665
9517 3582
34006 3655
39450 3607
41969 3670
1069 5063
3170 5019
4230 3588
22425 3601
38274 3696
2293 4251
8746 3667
48312 3716
1576 4028
56875 3606
39467 3592
56505 4897
36031 5088
11449 3830
39187 3677
45613 3590
8075 4249
31920 3965
8224 3577
15473 3653
5764 3616
47922 4667
47753 4932
11042 3765
44995 3828
44995 3708
59160 3777
59160 4856
59160 5159
59160 3822
44995 3675
23760 3822
41169 3688
14233 4721
23760 4954
23760 5712
42904 3621
41169 4960
41169 7029
14233 7755
14233 6942
14233 6261
23760 3586
42904 3729
42904 7290
42904 6435
42904 3909
41169 4614
14233 5127
23760 3641
42904 6406
41169 3603
23760 3739
41169 4711
14233 3787
42904 4902
42904 4135
41169 6191
14233 3809
23760 3790
42904 3775
42904 2453
41169 386
42904 3611
44995 3652
44995 4834
59160 3670
59160 4917
59160 3939
44995 4824
169 4280
49344 5047
169 3703
169 6798
49344 3886
49344 7278
49344 6379
49344 6889
169 5178
169 4784
169 5164
169 3933
49344 6130
49344 4968
169 3615
49344 5009
169 3679
49344 7098
169 5092
49344 6525
49344 7133
49344 6628
49344 7107
49344 6397
49344 6327
49344 6413
169 5052
169 6251
169 3662
169 3674
169 4677
169 5788
169 3714
169 3709
169 3773
169 6029
169 3742
169 3672
169 3885
169 4883
169 5011
169 4155
169 3679
49344 3651
49344 3579
49344 439
49344 6369
49344 6357
169 6110
49344 6376
49344 6395
49344 6166
49344 6511
169 5058
49344 6397
49344 6384
49344 6407
49344 3459
169 3598
49344 6395
49344 6691
49344 6962
49344 6423
169 6195
49344 6387
49344 6687
49344 6372
49344 6425
169 5435
49344 6958
169 5086
49344 6128
49344 5058
169 3734
49344 6160
169 3570
49344 6877
49344 6398
169 4003
49344 6325
49344 6646
49344 6338
169 6050
49344 6356
169 6049
49344 6493
49344 7043
169 4914
49344 6395
49344 6396
169 3651
49344 6448
49344 6947
49344 6585
49344 6265
169 5410
49344 6367
49344 6534
49344 6582
49344 6419
49344 6934
169 5172
49344 6404
169 5105
49344 6855
49344 6378
49344 6565
49344 6701
169 6287
49344 6498
49344 6378
49344 6660
49344 6585
49344 6438
169 6024
49344 6994
169 5210
49344 6844
49344 6427
49344 6782
49344 6600
169 6191
49344 6531
49344 6455
169 5328
49344 7266
49344 6395
49344 6881
169 5060
49344 6435
49344 6401
49344 6382
49344 6418
49344 6550
169 6385
49344 6600
49344 6803
49344 6426
49344 6589
49344 7463
169 6192
49344 6491
49344 6407
169 5373
49344 6441
49344 6451
49344 6987
169 5079
49344 6390
49344 6896
169 6609
49344 6530
49344 6391
49344 2184
169 5150
49344 6899
49344 6482
49344 6419
49344 6421
49344 6348
49344 6402
169 6226
49344 6794
49344 6482
49344 6803
169 5204
49344 6459
49344 6386
49344 6484
49344 6565
49344 6883
49344 5849
169 4237
49344 6538
49344 6382
169 6234
49344 6435
49344 6569
49344 6429
49344 7464
169 6197
49344 6354
169 3617
49344 6414
49344 6411
49344 6595
49344 6449
169 6167
49344 7087
49344 6734
49344 6382
169 4862
49344 6417
169 5334
49344 6368
49344 6784
49344 6548
169 6407
49344 6381
49344 6389
49344 6454
169 6251
49344 6372
49344 4726
169 5032
49344 6393
49344 6370
49344 6386
49344 6381
169 5269
49344 6399
49344 6380
49344 6668
49344 6927
169 4963
49344 6586
49344 6968
49344 6658
49344 7860
169 6020
49344 6497
169 4940
49344 6560
49344 6534
49344 6431
49344 4085
169 3637
49344 6504
169 5348
49344 6417
49344 6432
49344 6477
49344 21785
169 20135
49344 6644
49344 6349
49344 6598
169 5418
49344 6487
169 6301
49344 6754
49344 6536
169 6283
49344 6414
49344 6378
169 6064
49344 6502
49344 6372
49344 6424
49344 7407
49344 6447
49344 6843
49344 6427
49344 7117
169 5220
49344 6428
49344 6819
169 5190
49344 6408
49344 6414
49344 6438
49344 6433
49344 6128
169 3629
49344 6392
49344 6441
49344 6437
49344 6438
49344 6306
169 5644
49344 6398
49344 6458
169 6280
49344 6376
49344 6407
49344 6360
49344 6375
49344 6399
49344 6586
169 5136
49344 7065
169 5834
49344 6505
49344 6389
49344 6484
49344 2206
169 3616
49344 6441
169 4989
49344 6863
49344 6540
49344 3844
169 4568
49344 6458
49344 6400
49344 6426
49344 6568
49344 6810
49344 6549
49344 6398
49344 6367
169 3576
49344 6945
169 5402
49344 6364
49344 6468
169 5199
49344 6410
49344 6376
49344 7129
169 5107
49344 7134
169 6899
49344 6421
49344 6406
49344 6396
169 6042
49344 6930
169 5171
49344 6368
49344 6398
49344 6569
49344 6147
169 4059
49344 6370
49344 6531
169 6365
49344 7003
49344 6453
49344 6752
169 5554
49344 6872
169 6655
49344 6450
49344 6383
49344 6406
49344 6404
49344 6557
49344 6420
49344 6563
49344 6538
49344 6924
169 5098
49344 6968
169 5144
49344 6381
49344 6361
49344 6394
49344 6507
49344 6369
49344 6420
49344 4665
169 4928
49344 6388
49344 6847
49344 7002
169 5076
49344 6511
49344 6368
49344 6496
49344 6390
49344 6502
49344 6950
169 5186
49344 6897
49344 6380
49344 6491
49344 6525
169 6332
49344 6494
49344 6373
49344 6397
49344 6983
169 4975
49344 6379
49344 7357
49344 6428
169 6259
49344 6399
49344 6663
169 5087
49344 6390
169 4863
49344 6682
49344 6394
169 4892
49344 7551
49344 6872
49344 6494
49344 6506
49344 6384
49344 6408
49344 6477
169 6313
49344 6407
49344 6684
49344 6404
49344 6526
49344 6374
49344 6422
49344 6353
49344 6519
49344 6851
169 6664
49344 6533
49344 6534
169 6361
49344 6865
169 5866
49344 6423
49344 6396
169 6173
49344 6389
49344 6590
49344 6275
169 3731
49344 6934
169 5189
49344 6409
49344 6417
169 6271
49344 6362
49344 6367
49344 6435
49344 6378
49344 6388
169 4815
49344 6404
49344 6565
49344 6385
49344 6393
49344 6408
49344 6365
49344 6814
49344 6555
169 6223
49344 6287
49344 3837
169 4277
44995 3647
44995 6044
59160 3647
59160 6153
44995 3608
38188 3769
48185 3777
38188 4216
38188 7285
169 3742
169 6042
169 3763
169 3710
169 3674
169 6001
169 4132
169 3669
169 3693
169 6000
48185 3629
48185 5125
38188 6307
49344 6318
49344 6319
169 5149
49344 6264
169 261
169 1575
169 641
169 194
49344 6252
169 3656
49344 6406
49344 6345
49344 5803
169 4897
49344 7306
169 5030
49344 6325
49344 6884
169 4998
48185 7160
48185 6378
48185 3757
38188 3616
38188 5691
38188 4379
38188 6228
48185 5376
48185 4868
48185 5044
49344 4133
38188 3667
38188 3640
48185 6144
38188 3720
48185 3780
169 3810
169 4800
169 4999
169 4226
169 3688
169 6112
169 3736
169 3780
169 4116
169 6004
169 3661
169 3704
169 3865
169 6122
169 3695
169 3832
169 4751
169 5033
49344 898
49344 4070
49344 6319
49344 6302
49344 6811
169 5339
49344 6304
49344 6449
49344 6447
169 5695
49344 6583
49344 6514
49344 6085
169 5138
49344 6391
169 6227
49344 6932
49344 7524
169 7143
49344 6437
49344 6373
49344 6554
49344 6859
49344 6441
49344 6548
49344 6275
169 3654
49344 6941
169 4906
49344 6460
49344 6384
49344 6389
49344 6418
49344 6503
169 5016
49344 6420
49344 6379
169 4830
49344 6852
169 5044
49344 6317
49344 6375
49344 6410
49344 6848
169 5186
49344 6350
49344 6392
49344 6483
49344 6863
49344 3845
169 3679
49344 6398
169 4950
49344 6383
49344 6375
49344 6405
49344 6795
49344 6462
49344 6812
49344 6396
49344 6450
49344 6373
169 6113
49344 3604
169 4383
49344 6503
49344 6375
49344 3696
169 3654
49344 6308
49344 6268
49344 6898
169 5173
49344 6329
49344 6360
49344 6246
169 6090
49344 6484
169 6323
49344 6424
49344 7106
49344 6275
169 6007
49344 6847
169 5177
49344 6629
49344 6383
49344 6418
49344 6566
49344 6406
49344 6919
169 5045
49344 6423
49344 6379
49344 6455
169 6145
49344 6609
169 4063
49344 6479
49344 6478
49344 6390
49344 6819
49344 6388
49344 6419
169 4882
49344 6832
49344 6302
169 3723
49344 6493
49344 6426
49344 6938
169 5126
49344 6959
49344 6352
169 6147
49344 6350
49344 6585
49344 6762
169 5148
49344 6412
49344 6585
49344 6386
169 6043
49344 6359
49344 6773
49344 6482
49344 6266
169 4987
49344 6747
169 5083
49344 6379
49344 6382
49344 6392
49344 6782
49344 6419
169 6188
49344 6377
49344 6414
169 6186
49344 7107
169 5125
49344 6387
49344 6390
169 6229
49344 6821
49344 6385
49344 6816
49344 6463
169 6172
49344 7008
49344 6381
49344 6408
49344 6199
169 3708
49344 6311
49344 6348
49344 6386
49344 6382
169 3763
49344 6442
49344 6530
49344 3825
169 3696
49344 6408
169 5452
49344 6416
49344 6463
49344 6368
49344 6435
49344 6333
169 6140
49344 6472
49344 6700
49344 6842
49344 6512
49344 6536
49344 7048
49344 6444
169 6294
49344 6369
49344 6437
49344 6146
169 4862
49344 6255
169 4036
49344 6462
49344 6534
169 5058
49344 6363
49344 6493
169 5013
49344 6478
49344 6409
169 6227
49344 6415
49344 6264
169 5428
49344 6401
49344 6420
169 6276
49344 6570
49344 6565
169 6163
49344 6558
49344 6544
49344 6384
169 5149
49344 6868
169 5748
49344 6937
49344 6377
49344 6404
49344 6454
169 6282
49344 6391
49344 6372
49344 6852
169 6599
49344 6505
49344 6559
49344 6397
49344 3751
169 3592
49344 6435
49344 6886
169 5096
49344 6380
49344 6396
49344 6423
49344 6515
49344 6417
49344 6391
49344 6355
49344 6423
169 6015
49344 6419
49344 6381
49344 6582
49344 6397
49344 6955
49344 6452
49344 6368
49344 6849
169 5146
49344 6453
49344 6373
49344 6553
49344 6481
49344 6858
49344 6488
49344 6392
49344 6411
49344 6387
169 6194
49344 5209
169 3695
49344 6352
49344 6359
49344 6334
169 5613
49344 6315
49344 6373
49344 6263
169 6113
49344 6522
49344 6476
49344 6368
49344 6776
169 5047
49344 6392
49344 6386
49344 4308
169 4700
49344 6822
169 5258
49344 6382
49344 6734
49344 6396
49344 6513
169 6201
49344 6408
49344 6579
49344 5097
169 4849
49344 6511
169 6343
49344 6498
49344 6376
169 6223
49344 6434
49344 6395
49344 6194
169 5055
49344 6356
49344 6426
49344 5528
169 4997
49344 6417
49344 6804
49344 7116
169 5186
49344 6917
169 5355
49344 7010
49344 6567
169 3589
49344 6384
49344 6522
49344 5033
169 3608
49344 6414
49344 6399
169 6212
49344 6453
49344 6436
49344 6881
169 4918
49344 6952
49344 6407
49344 6958
169 5214
49344 6506
49344 6874
169 5140
49344 6804
169 4937
49344 6498
49344 6413
49344 6408
169 5105
49344 6402
49344 6856
49344 6426
169 5547
49344 7424
49344 6377
49344 6421
49344 6475
169 5010
49344 6386
49344 6363
169 5096
49344 6449
49344 6494
49344 3922
169 3631
49344 6408
169 4803
49344 6357
49344 6436
169 4866
49344 6484
49344 6197
169 4805
49344 6493
49344 6390
49344 6400
49344 6372
49344 6833
49344 6681
49344 6940
169 5080
49344 6391
169 6187
49344 6368
49344 5493
169 3804
49344 6332
49344 6782
49344 6334
169 5340
49344 6401
49344 6635
49344 6532
49344 6400
49344 6864
49344 6662
169 5746
49344 6289
49344 6571
169 6273
49344 6375
49344 6484
49344 6489
169 3635
49344 6438
49344 6390
49344 6408
49344 6579
169 4908
49344 6590
49344 6550
169 4934
49344 6490
49344 6571
49344 6389
49344 3763
49344 6863
49344 6382
49344 6408
49344 6388
49344 6470
169 6227
49344 6439
49344 6506
49344 6475
49344 6371
49344 6405
49344 6365
169 6124
49344 6374
49344 6532
49344 6242
169 3593
49344 6317
49344 6273
49344 6315
169 6182
49344 6422
49344 6276
169 3804
49344 6376
169 5325
49344 6406
49344 6648
49344 6387
169 4082
49344 7414
169 5437
49344 6413
49344 6373
49344 6406
49344 6321
169 6193
49344 6534
49344 6999
49344 7057
169 5583
49344 6375
49344 6437
49344 6425
169 5164
49344 6457
49344 6664
49344 6344
169 6220
49344 6389
49344 6547
169 6095
49344 6347
169 4977
49344 6789
169 4914
49344 6503
49344 6423
49344 6400
49344 6373
169 3649
49344 6917
49344 6531
49344 6357
49344 6292
169 5412
49344 6411
49344 6419
49344 6867
169 4972
49344 6586
49344 6502
49344 6374
49344 6491
49344 6421
49344 6468
169 6164
49344 6420
49344 6640
169 4986
49344 6557
49344 6381
49344 6428
169 6134
49344 6392
49344 6506
49344 6387
49344 6416
49344 6971
169 5343
49344 6300
169 5384
49344 6468
49344 7524
49344 6213
49344 6371
169 6045
49344 7006
49344 6203
169 3583
49344 6442
49344 6557
169 6273
49344 6394
49344 6849
169 5252
49344 6697
49344 6514
49344 6449
49344 6428
49344 2792
169 5028
49344 6854
49344 6235
169 5274
49344 6413
49344 6353
49344 3720
169 3628
49344 6455
49344 6331
49344 6788
169 5174
49344 6451
49344 7315
169 5618
49344 6398
49344 6711
169 4895
49344 6558
49344 6231
169 3759
49344 6834
49344 6446
49344 6818
169 5308
49344 6553
49344 6180
169 4916
49344 6366
49344 6843
49344 6439
49344 6354
49344 6429
49344 6560
49344 6362
49344 6352
49344 6413
49344 6162
169 4172
49344 6529
49344 6391
49344 5101
169 3693
49344 6535
49344 6296
49344 7287
169 5677
49344 6367
49344 6205
169 4900
49344 6398
49344 6323
169 5223
49344 6340
49344 6417
169 6248
49344 6694
169 3765
49344 6361
49344 6362
169 5096
49344 7089
49344 6380
49344 6377
49344 6418
49344 3466
169 4868
49344 6402
49344 6421
49344 6944
169 5143
49344 6393
169 6170
49344 6387
49344 6560
49344 6437
49344 7110
49344 6557
49344 6358
49344 7065
169 5456
49344 6425
169 5389
49344 6323
49344 6979
169 4897
49344 6324
49344 6473
49344 6758
169 4951
49344 6717
169 5057
49344 6374
49344 6132
169 4984
49344 6565
49344 6848
169 5055
49344 6390
49344 6457
169 6227
49344 6550
49344 6424
49344 4349
169 4833
49344 6377
49344 6384
49344 6864
49344 6284
169 5080
49344 6529
49344 6481
49344 6568
49344 6365
49344 6419
49344 6363
49344 6430
49344 6402
49344 6427
169 6519
49344 6514
49344 6452
49344 6471
49344 6135
49344 6505
49344 6438
49344 6378
49344 6385
49344 6381
169 3609
49344 6809
49344 6472
49344 6433
49344 6364
49344 6173
49344 6463
49344 6379
49344 6360
49344 6621
169 5051
49344 6922
49344 6520
49344 6399
49344 6388
49344 6580
49344 6385
49344 6395
49344 6430
169 6280
49344 6371
49344 6375
49344 6846
49344 6881
49344 6358
49344 6391
49344 6371
49344 3751
49344 6495
169 6344
49344 6409
49344 6346
49344 6390
49344 5117
49344 6382
49344 6503
49344 6371
49344 6491
49344 6782
169 5093
49344 6350
49344 6530
49344 6421
49344 6893
49344 6398
49344 6554
49344 6512
49344 6364
169 6184
49344 7686
169 6178
49344 7033
169 4947
49344 6390
49344 6616
169 6460
49344 6525
49344 6376
49344 6499
169 6356
49344 6701
49344 6397
49344 6419
49344 6406
49344 6420
49344 6403
169 6244
49344 6541
169 6295
169 6191
49344 6475
49344 6740
169 6329
49344 6985
49344 6440
49344 6403
49344 6821
49344 6490
49344 6384
49344 6922
169 4918
49344 6440
49344 6361
49344 6531
49344 6411
49344 6372
49344 6462
49344 6437
49344 6889
169 6698
49344 6386
49344 6390
49344 6397
49344 6383
49344 6441
49344 6819
49344 6365
49344 6597
169 6170
49344 6384
49344 6510
49344 6469
49344 6378
49344 6443
49344 6878
49344 6289
169 5181
39316 3737
26920 3623
169 3664
169 6051
169 3693
169 3766
44995 6009
44995 3712
49344 6286
49344 6383
49344 6342
169 3763
49344 6382
49344 6401
49344 6202
169 4523
49344 6430
169 6130
49344 6387
49344 6399
49344 5107
169 4042
49344 6878
49344 6712
49344 6410
169 6232
49344 6831
169 4923
49344 7081
49344 6361
49344 6505
49344 6565
169 4944
49344 6322
49344 6403
49344 6311
169 4081
49344 6934
169 5163
49344 6426
49344 6481
49344 6403
169 6136
49344 7237
169 6974
49344 6544
49344 6734
49344 6384
169 6059
49344 6423
49344 6870
169 6521
49344 6378
49344 6424
49344 6366
49344 6732
49344 6403
49344 6774
169 6516
49344 6803
169 5070
49344 6752
49344 6567
49344 6511
37116 4653
169 3706
49344 6402
49344 6394
169 5032
49344 6407
49344 6416
49344 3779
169 3608
49344 6410
49344 6511
169 5703
49344 6384
169 6215
49344 1865
49344 6535
169 6285
49344 6805
169 5710
49344 6409
49344 6505
49344 6532
49344 6471
169 5036
49344 6445
49344 6460
49344 6395
169 6208
49344 7497
169 5501
49344 6280
49344 6387
49344 6566
169 5636
49344 6399
49344 6501
49344 6168
169 5115
49344 6390
49344 6843
49344 6492
49344 6936
49344 6381
169 6023
49344 6563
49344 6386
49344 6410
169 6193
49344 6854
49344 6206
169 5320
49344 6479
49344 6526
169 6355
49344 6503
49344 6754
169 5257
49344 6377
49344 6501
169 5629
49344 6413
49344 7004
169 5146
49344 6398
49344 6633
49344 6373
49344 6404
49344 6821
49344 6358
49344 7532
169 6200
49344 6293
169 4845
59160 3647
49344 6338
49344 6405
49344 6369
49344 6727
169 4916
49344 6470
49344 6204
169 4801
59160 4982
49344 6437
49344 6550
169 5078
49344 6410
49344 6383
49344 6629
169 4997
49344 6447
169 3642
49344 6811
49344 6382
49344 6369
169 6019
49344 6389
49344 6407
49344 6366
169 5180
49344 6359
49344 6872
49344 6375
49344 6392
49344 6358
49344 6787
49344 6414
49344 6422
169 5108
49344 7162
49344 6527
49344 6421
169 3791
49344 6418
169 4934
49344 6305
49344 6839
49344 6302
49344 6466
49344 6399
49344 6433
49344 7000
169 5515
49344 6723
169 5670
49344 6495
49344 6368
49344 7552
169 4942
49344 6384
169 6171
49344 6375
49344 6524
169 6261
49344 6435
49344 6876
169 4920
49344 6363
49344 6352
49344 6426
169 6237
49344 3724
169 4635
49344 6396
49344 6413
49344 4123
49344 6309
49344 6418
49344 6406
49344 6436
49344 6793
49344 6706
169 5100
49344 6915
49344 6389
49344 6392
49344 6400
49344 6164
49344 6367
49344 6883
49344 6533
169 5313
49344 3229
49344 6385
49344 6372
49344 6443
49344 6664
49344 6370
49344 6405
49344 6991
169 5136
49344 6424
49344 6476
49344 6830
49344 6202
169 5425
59160 6111
44995 3599
169 3732
49344 6299
49344 6398
49344 6964
169 5226
49344 6894
49344 6223
49344 6471
49344 6242
169 4969
49344 6323
12769 4056
169 3730
49344 6690
169 3939
169 3825
169 3659
43385 3611
49344 6305
49344 6326
49344 6728
169 5177
49344 6429
49344 6831
169 3611
49344 6368
49344 6387
49344 3808
169 3617
49344 6403
49344 544
169 5165
49344 6305
49344 6409
169 6235
49344 6447
49344 6647
169 5241
49344 6383
49344 6466
49344 6449
49344 6318
169 4876
49344 6495
49344 6432
169 6088
49344 6406
49344 6398
169 6189
49344 6375
49344 6455
169 6267
49344 6466
49344 6399
169 6049
49344 6484
49344 6373
49344 6405
49344 6588
169 5120
49344 6559
49344 6533
49344 6830
169 6416
49344 6710
169 6533
49344 6374
49344 6438
49344 6919
49344 6781
169 4953
49344 6818
49344 6375
49344 6702
49344 6421
169 6302
49344 6399
49344 6729
49344 6389
49344 6366
169 5078
49344 6367
49344 7566
169 6176
49344 6360
49344 6554
169 5083
49344 6463
49344 6573
169 6358
49344 6820
169 5050
49344 6564
49344 6417
169 4966
49344 6435
49344 6410
169 4889
49344 6589
49344 6926
49344 6371
49344 6421
169 5043
49344 6377
49344 6515
49344 6622
49344 6511
169 6340
49344 6370
49344 6459
169 6325
49344 6491
49344 6390
169 4888
49344 6497
49344 6343
49344 6395
49344 6392
49344 6795
49344 6970
169 5088
49344 6810
49344 6411
49344 6647
49344 6794
169 5014
49344 6406
49344 6424
49344 6386
169 6186
49344 6437
49344 7257
169 5652
49344 6513
169 3774
49344 6453
49344 6523
49344 6390
49344 6673
49344 6586
49344 6503
169 4393
49344 6368
49344 6580
49344 6498
49344 6531
49344 6431
169 5141
49344 6418
169 6122
49344 6424
49344 6429
169 5404
49344 6354
49344 6394
49344 6391
49344 6421
49344 6928
169 5020
20702 3627
64399 3799
26076 3729
41243 3842
9434 4165
24971 3768
48028 3596
64180 3562
37764 4766
23189 4965
44995 3839
44995 3767
1098 3608
48203 3595
59160 4699
59160 5110
59160 3687
44995 3640
43803 3770
22298 3854
27541 3817
43803 4574
64404 5108
43803 5640
22298 5206
22298 5052
27541 5229
64404 3764
64404 7218
64404 6698
22298 5042
27541 7043
27541 6300
43803 3640
22298 3665
43803 913
22298 3671
22298 4792
64404 6201
22298 4977
27541 3739
43803 3935
64404 1006
22298 3654
64404 6374
64404 6373
64404 6378
22298 6171
44995 4084
44995 3711
50494 521
48203 3606
48203 3701
50494 3598
48203 3717
42303 6212
1098 3614
42303 3646
1098 3600
42303 3632
1098 3596
38545 3735
59160 3598
59160 4668
59160 5337
44995 3701
16901 4317
48644 3640
9537 4697
23495 4998
16901 3641
16901 6939
52166 4597
48644 4048
48644 6959
23495 3612
52166 3635
23495 7451
23495 6353
23495 6435
23495 6715
16901 5161
52166 7068
52166 6359
52166 6479
52166 4880
48644 3656
16901 5254
48644 1061
16901 3848
16901 6114
16901 4132
23495 2408
23495 3816
23495 6466
23495 7102
23495 6366
23495 6617
23495 6548
16901 6341
52166 231
52166 3769
48644 3644
48644 3601
48644 3730
16901 3644
23495 6500
23495 6256
23495 6411
16901 6256
23495 6490
23495 6378
23495 6841
23495 6492
16901 6326
23495 6553
23495 6383
16901 6183
23495 6616
16901 5030
23495 6395
16901 6087
23495 6365
23495 6852
16901 5188
23495 6605
23495 6875
16901 6671
23495 6407
23495 6803
16901 6603
23495 6555
23495 6428
23495 6416
23495 6514
16901 5457
23495 6423
23495 6508
16901 5035
23495 6228
16901 3786
64004 3782
15302 3644
64004 4700
64004 6112
15302 4659
15302 7195
15302 6415
15302 3540
64004 3772
64004 4856
64004 4984
64004 4773
16901 5114
15302 3928
15302 5990
64004 4112
64004 4088
15302 6434
64004 6287
15302 6379
15302 6725
64004 5019
15302 6371
15302 6484
64004 6336
23495 6376
23495 6403
23495 6776
23495 6414
23495 6800
23495 7492
16901 6183
23495 6717
23495 6372
23495 6386
16901 6228
23495 6884
16901 4925
23495 6554
23495 6416
16901 3619
23495 6746
23495 6501
16901 5029
23495 6414
23495 6400
16901 6241
23495 6589
23495 7310
16901 5728
23495 6388
23495 6619
16901 5027
23495 5154
16901 4210
15302 3732
64004 3713
15302 4619
15302 6647
64004 5293
25901 4236
25901 3654
25901 3647
12423 780
25901 4051
60673 3604
41100 4841
13614 1279
64647 3728
13614 3682
64647 3629
64647 3577
13614 3616
8633 3645
10457 3918
47258 4834
1501 4196
17768 5109
17768 4102
27495 3649
27495 3580
17768 4054
27280 3603
155 3635
26076 3764
46400 4808
31998 2704
38360 126
31998 3698
27198 3650
27198 3665
27198 6348
19379 3600
19379 3578
19379 3678
19379 4651
19379 5119
27198 4130
19379 6142
19379 4187
27198 3765
19379 3688
27198 4720
19379 4957
14437 3629
14437 3657
11444 3585
11444 3627
14437 4193
11444 3748
14437 4048
34420 3591
161 4586
34420 5385
161 3659
18940 3806
2748 3760
34420 3605
23193 3719
44386 3651
57120 1938
34209 3600
34209 4611
62679 4952
57120 3572
34209 3609
4504 3592
57120 3578
44995 3679
44995 5166
59160 4997
59160 3612
59160 3712
44995 3777
23760 3617
40207 3772
59662 4680
40117 5084
40207 3659
44215 4046
59662 3615
59662 6908
40207 6500
44215 7240
44215 6811
44215 4012
59662 4633
40117 8038
40117 6403
40117 3620
40207 3633
59662 6047
40207 3688
44215 3763
40117 6165
14233 3722
23760 3728
4936 4126
4936 3767
4936 3656
14210 3072
59662 5058
40207 3606
4936 3716
14210 3646
4936 3610
33031 4048
61573 3837
59662 6220
44215 3657
44215 6771
59662 4225
54520 4582
30108 3639
8934 4953
50091 3927
44995 3636
44995 3817
59160 3614
59160 6842
44995 4906
5391 3791
15542 3631
5391 3674
5391 7043
15542 7026
15542 6485
15542 3732
5391 3640
5391 3737
15542 6119
5391 6221
15542 4030
15542 6393
15542 6390
15542 6395
15542 6362
15542 6381
15542 6392
15542 6388
5391 4985
15542 6855
15542 6432
15542 2883
5391 3769
44995 3651
44995 3713
44995 3802
44995 6069
50059 3795
44995 3665
44995 3700
44995 4647
44995 5180
44995 3685
44995 3770
44995 3801
44995 6071
44995 4223
44995 3722
59160 4574
59160 5030
59160 3741
59160 3659
59160 3777
44995 3706
36351 4763
50059 4945
59160 3652
59160 3594
44995 3629
8194 3849
50059 7520
59160 3901
59160 3731
59160 6156
44995 3763
5464 3847
20824 3688
44377 3685
55640 3836
9561 3687
24921 3810
59160 4593
59160 1422
59160 3817
44995 3624
8684 4787
15542 6402
15542 4891
5391 3621
15542 2456
15542 1706
5391 3762
2484 3785
5464 3564
15542 6425
5391 6140
15542 4996
27061 4149
5391 3622
44377 3734
22967 3982
55640 3585
51638 4710
63924 5002
9561 3600
20824 3812
5464 6985
14774 3706
24921 3572
33654 3645
8194 3783
44377 7548
55640 6469
20824 7000
9561 6387
24921 6368
8194 6359
15542 5067
5391 3691
15542 2859
5391 4581
48465 5162
8684 3570
8684 7046
59160 6945
58623 5480
36351 3836
13282 5567
15542 6853
15542 4960
5391 3633
44995 4661
44995 5025
44995 3752
44995 3720
44995 5537
2484 3623
2484 5384
27061 3585
5464 6654
27061 6172
22967 4998
22967 4376
44377 6200
55640 6256
51638 6077
15542 6380
15542 4957
5391 4624
63924 3624
51638 5941
63924 4367
9561 6336
14774 3604
14774 4308
20824 6693
24921 6718
33654 7214
33654 605
8194 3599
15542 6397
15542 4772
5391 5297
15542 7583
5391 5790
15542 3722
5391 5020
48465 3644
8194 5530
46080 3717
58623 3631
48465 3611
8684 3604
58623 7365
48465 7592
48465 6360
48465 6223
8684 5413
22967 7059
22967 6388
22967 6380
55640 6109
2484 6767
2484 6485
2484 6780
5464 4943
27061 7571
27061 6370
27061 6240
44377 3670
51638 6790
51638 6425
51638 6330
9561 5063
15542 6845
15542 4112
5391 3615
63924 7108
63924 6400
63924 6318
20824 4813
36351 7266
36351 6424
36351 6085
50059 3645
14774 7173
14774 6419
14774 6355
24921 4840
8684 3689
59160 3584
59160 5069
15542 6369
15542 3883
5391 3765
59160 6145
59160 4188
44995 3625
59160 3701
44995 4599
55640 5007
59160 3983
59160 3777
44995 4574
5464 5173
44377 4147
9561 4133
20824 3642
24921 4716
5464 4988
44377 4114
9561 3602
50059 3668
20824 3703
24921 3624
55640 3680
33654 6147
55640 4445
55640 5750
55640 3688
55640 3677
55640 3819
55640 6041
44995 3675
44995 3755
44995 3670
44995 6093
44995 3664
44995 4361
46080 569
58623 3715
46080 7276
46080 6383
46080 6856
58623 5230
22967 5113
22967 4742
22967 5203
55640 3614
55640 3601
2484 4815
5464 5041
2484 3827
5464 3587
2484 3777
5464 4762
27061 5089
27061 6423
44377 1094
27061 3698
44377 3651
51638 4905
51638 5101
9561 1539
51638 4712
9561 5455
63924 3880
20824 4270
63924 6422
63924 3653
20824 3718
48465 3608
20824 3646
48465 6133
14774 3794
24921 3612
14774 6342
24921 3602
14774 3682
2484 3666
5464 3730
2484 4585
5464 4960
27061 4145
44377 3771
27061 3780
44377 3658
51638 3639
9561 3609
51638 3782
9561 3577
58623 6133
8684 4365
63924 1308
20824 3754
20824 3613
22967 3644
14774 4150
24921 3685
14774 4104
24921 3779
22967 3789
22967 4645
22967 6546
55640 5368
22967 7021
55640 5071
22967 6517
22967 6467
22967 6383
22967 6439
22967 6526
22967 6348
22967 6888
55640 5154
22967 6832
22967 6341
22967 6419
22967 6506
22967 6383
55640 6183
22967 6509
55640 5381
22967 6705
22967 6469
55640 6343
22967 7028
55640 5284
22967 6403
22967 7320
22967 6368
22967 6377
22967 6388
22967 6544
22967 6829
22967 6730
55640 4931
22967 6366
55640 6240
22967 6564
22967 6466
22967 6365
22967 7024
22967 6881
55640 5210
15542 6405
15542 4807
5391 3559
36351 6208
15542 3599
5391 4063
15542 12
5391 4039
59160 93
59160 5431
44995 3597
59160 3800
59160 5438
44995 3595
59160 5133
59160 4920
44995 3602
44995 5011
44995 3738
44995 3689
44995 6310
44995 3672
44995 3717
15542 7326
5391 5411
15542 4931
5391 3597
46080 3777
46080 3764
58623 6186
48465 6168
48465 6540
8684 6378
22967 6676
55640 5077
22967 6367
22967 6387
22967 6513
55640 5045
22967 6352
22967 6986
55640 5073
55640 5100
22967 6867
22967 6379
22967 6399
22967 6455
55640 6275
22967 6459
22967 6427
55640 6079
22967 7098
22967 6498
55640 6314
22967 6339
22967 6979
55640 5076
22967 6529
22967 6360
22967 6416
22967 6369
22967 6545
22967 6374
22967 6413
22967 6229
55640 4947
55640 4777
15542 6473
15542 2632
5391 3613
15542 6378
15542 3377
5391 3647
8194 4240
15542 3630
15542 2569
5391 3803
22967 6830
22967 6390
22967 6445
55640 6146
22967 6387
22967 6723
55640 5145
46080 6195
46080 6537
58623 6120
46080 6356
46080 6532
46080 6282
15542 6422
58623 6153
15542 3359
5391 4615
59160 5124
59160 3653
59160 3705
59160 3648
44995 3583
59160 4662
44995 5066
59160 4233
44995 4105
44995 6048
44995 3645
44995 3689
15542 7032
15542 4753
5391 3614
15542 6442
15542 3899
5391 3671
59160 5203
44995 3670
44995 6184
15542 6525
15542 4602
5391 3737
15542 6747
15542 4743
5391 3640
50059 3582
53137 3703
53137 4547
15542 6407
15542 5049
5391 4029
55640 3670
15542 6978
59160 4968
59160 1141
59160 3672
44995 3710
59160 6273
59160 3727
44995 3733
44995 3674
44995 6063
44995 3762
44995 3809
59160 3644
59160 3650
59160 6092
44995 3670
44995 3774
44995 6097
22967 3798
7641 685
7641 3781
59160 6060
59160 3763
44995 3611
59160 3745
44995 3782
44995 6062
59160 3783
59160 3818
44995 3657
7641 6039
53137 3757
7641 1315
53137 3587
7641 3764
7641 4114
53137 4602
53137 5409
5391 3733
59160 140
59160 4101
44995 4807
59160 5252
55640 3622
7641 3632
44995 4290
55640 5193
48770 3751
55640 5502
22967 6307
22967 6420
22967 6851
55640 6441
22967 6355
22967 6395
22967 6444
22967 6108
55640 3771
63547 3835
48770 3610
48770 7053
55640 3832
55640 4303
55640 6044
8194 5022
22967 4987
22967 6851
22967 6588
22967 6407
22967 6403
55640 6223
22967 6857
22967 6720
22967 6464
55640 6177
22967 6396
22967 6477
22967 6393
22967 6375
22967 6433
22967 6419
22967 7114
22967 6781
55640 6593
22967 6338
55640 5096
55640 6315
22967 3903
55640 6035
63547 4068
63547 6001
48770 3695
22967 6487
22967 6759
22967 8608
55640 6732
22967 6547
22967 6822
22967 6604
22967 6838
22967 6879
22967 6603
22967 6864
22967 6443
22967 5324
55640 7128
22967 6646
22967 6637
22967 6426
55640 4917
22967 6656
55640 5366
22967 6529
22967 6616
22967 6729
22967 4937
55640 3923
22967 6707
22967 6676
22967 6695
22967 7199
55640 5392
22967 7409
22967 6625
22967 6622
55640 4612
22967 9621
22967 6542
55640 6400
22967 6723
22967 7342
22967 6634
22967 10619
55640 6502
63547 6389
33654 3769
58623 6321
46080 7140
46080 7018
58623 5071
48770 3786
27903 4374
37118 3857
17657 3909
933 4445
58623 6214
5123 4013
33794 3794
27903 5165
37118 5084
37118 7266
27903 5111
46090 3769
17657 4968
17657 6812
44392 4436
933 3776
933 6653
46080 7316
46080 6376
46080 6741
58623 5915
33794 3793
33794 6871
5123 3645
5123 6696
46090 5054
37118 3790
46090 4780
27903 3780
17657 3920
37118 6168
27903 6203
33794 3902
5123 3838
33794 3747
37118 3917
5123 4665
27903 3987
5123 5306
5123 6503
27903 6219
44392 7620
44392 7061
44392 3930
933 4814
33654 6922
33654 4051
8194 4031
33794 6433
33794 9525
33794 6590
37118 5462
933 4011
46090 3689
44392 6442
933 6428
5281 3694
162 3778
29185 4315
33284 3957
59552 3752
44392 3700
57856 3819
44392 6535
44392 6432
933 5100
31947 3725
39866 4160
5391 6441
15542 5072
18695 4205
55640 3807
22967 6482
22967 6519
22967 6454
44201 5695
55640 3887
18695 3732
18695 7261
8194 6353
44201 6401
18695 6977
18695 6787
33654 4032
44201 4096
15542 6535
15542 6539
5391 5147
15542 3836
5391 3751
17871 3847
33654 6284
53313 3779
8194 3800
64675 3631
47267 3629
17570 4143
44201 6432
44201 6499
18695 6141
4613 4118
57861 3860
29188 3709
11730 3864
49421 3862
47646 4721
20258 5112
20656 3594
59569 3647
5296 3741
42059 4063
54728 3859
64974 3792
50250 6366
21579 4142
45120 4955
4169 5244
33603 3915
33603 3716
33603 3657
27525 3665
27525 3633
33603 3819
27525 3762
13306 3848
33603 4793
54407 5180
13282 3820
55640 3840
55640 3815
22967 6398
22967 5058
55640 3869
37118 6850
55640 3741
55640 4245
27903 6261
55640 3670
58623 6566
17657 6339
55640 3716
55640 3673
55640 4912
55640 5676
55640 4132
55640 5988
55640 3946
55640 5640
55640 4660
55640 3692
22967 3934
22967 7022
55640 4364
22967 6584
22967 6384
22967 6838
55640 5215
22967 6878
22967 6517
22967 6414
22967 7641
22967 6439
22967 6698
22967 6422
22967 6506
22967 6612
22967 6595
22967 7315
55640 5420
22967 6879
22967 6600
22967 6644
55640 4671
22967 7117
22967 6653
22967 6992
22967 7038
22967 8470
22967 6669
22967 6564
22967 6567
55640 5167
22967 6515
22967 6587
22967 6574
22967 6405
22967 6545
22967 6435
22967 2418
55640 4332
33794 3724
33794 6387
33794 6476
33794 6319
37118 3770
5123 3723
46090 3654
22967 6617
22967 6579
22967 6515
22967 6341
55640 4363
22967 6800
22967 6297
55640 4430
22967 6791
55640 4930
22967 6603
46080 8448
46080 6897
58623 4986
46080 6493
46080 6440
46080 6402
46080 6665
46080 6577
46080 6925
46080 6661
46080 6818
46080 7209
46080 6470
46080 3785
58623 3752
46080 6822
46080 6846
46080 6650
46080 6768
58623 5297
46080 6432
46080 6747
46080 6403
58623 5171
46080 6620
46080 6628
46080 6405
46080 6503
46080 6372
46080 6834
46080 6856
46080 6394
46080 8291
58623 6422
46080 6637
46080 6814
46080 6372
46080 6519
46080 6859
46080 6432
46080 6449
46080 5414
58623 4706
22967 6188
55640 3687
46080 6371
46080 6392
46080 6357
46080 6415
46080 6561
46080 6589
46080 6616
22967 6292
22967 6792
58623 5312
55640 3637
46090 3620
46090 6405
46090 6477
46090 5439
22967 443
22967 6538
22967 6498
22967 7517
22967 6419
5123 5080
5123 3835
5123 6386
17657 3103
27903 4419
55640 3608
27903 3589
22967 6636
55640 6428
22967 6522
22967 6494
22967 6538
22967 6402
22967 6387
22967 6422
22967 5791
55640 4901
46080 6542
46080 6330
58623 5244
39532 3620
39532 3661
49484 3696
49484 3588
49484 4644
44995 5078
44995 3852
55640 3705
39532 4618
49484 3593
22967 6371
22967 6475
22967 6420
22967 6503
22967 6846
55640 4904
22967 6424
22967 6901
22967 6915
55640 4915
59160 5049
59160 2831
44995 4590
35065 896
58377 3779
35065 621
58377 2564
58377 8093
58377 6550
58377 6218
35065 5087
35065 3836
58377 3597
58377 3775
35065 6184
58377 4094
58377 7659
58377 6360
35065 5488
58377 6690
58377 6398
58377 6535
58377 6527
58377 6561
35065 6156
58377 6480
58377 6445
58377 6375
58377 2371
35065 3603
50986 3770
32555 3678
20208 4630
12017 5000
44392 3654
933 3628
17176 3588
36632 3746
33654 1553
8194 3598
35515 3647
55992 3678
60987 4626
23391 5127
63903 3917
48564 3908
14105 4855
29465 3699
58129 3593
19129 3598
47801 3741
35493 3716
52386 4626
53767 5201
15147 3806
57073 3917
44995 3704
44995 3750
933 3626
933 4579
8194 3898
8194 5082
59160 3906
59160 3774
33654 3647
8194 3757
44392 3617
933 3647
44995 3588
59160 6269
10119 3864
56198 3671
44995 3759
39008 3693
56198 3649
56198 6687
2145 3779
10119 3731
10119 8191
39008 6943
39008 7112
39008 6703
39008 6423
56198 6062
39008 6424
39008 5166
56198 3585
2145 3658
2145 7369
2145 6726
2145 6416
2145 6465
2145 3792
10119 5353
56198 5166
10119 330
56198 3739
56198 6303
7154 3647
7154 3694
7154 3585
17044 3609
17044 3613
39008 6164
39008 3825
56198 3624
56198 5999
39008 3642
2145 6209
2145 837
2145 3828
10119 695
10119 3718
10119 3621
7154 4719
39008 4978
56198 3609
49886 3632
49886 4075
60224 3641
49886 3604
60224 781
49886 3730
39008 4634
39008 6403
39008 6460
56198 5001
39008 6467
39008 6667
56198 5056
39008 9116
39008 656
39008 6862
56198 5229
39008 6504
39008 6410
56198 4869
44995 4990
44995 6115
59160 3588
59160 3727
59160 3807
44995 3588
10482 4895
54515 5165
39008 6465
39008 6382
39008 6967
39008 6939
56198 6666
39008 6399
39008 6370
39008 6415
39008 6472
56198 6290
39008 6471
39008 6393
39008 6405
39008 6807
39008 6382
56198 4871
39008 6378
39008 6526
39008 6393
56198 6063
39008 6462
39008 6365
39008 6387
39008 6867
56198 5219
60366 4577
10482 3708
31695 4847
54515 4905
10482 7042
54515 5028
39008 6413
39008 6830
56198 3621
39008 6380
39008 6879
39008 6516
39008 6555
39008 6383
39008 7303
56198 4950
39008 6419
39008 6584
56198 6425
39008 6571
39008 6550
39008 6374
39008 6387
39008 6473
56198 6335
39008 6372
39008 6461
39008 6607
39008 6716
56198 5073
39008 6481
56198 3717
39008 7184
39008 6443
39008 6372
39008 6850
56198 4921
39008 6523
39008 6775
56198 5266
39008 6354
39008 6399
39008 6429
39008 6413
39008 6401
39008 6377
39008 6509
39008 6390
39008 6407
56198 6207
39008 6361
39008 6422
39008 6380
39008 6428
39008 6429
56198 6159
60366 3739
60366 8111
60366 7076
31695 5539
10482 3628
31695 7238
31695 6408
54515 6214
37107 4189
60366 7756
60366 4525
10482 3753
31695 6590
31695 4926
54515 4878
10482 3697
54515 3710
54515 3602
10482 3830
10482 6161
10482 4109
39008 7163
39008 6416
56198 6224
39008 6372
39008 6389
39008 6668
39008 6414
39008 6523
39008 6447
39008 6625
56198 4953
39008 6379
39008 6403
39008 6964
56198 4920
39008 6388
39008 6404
56198 5184
39008 6464
39008 7006
39008 6366
39008 7570
56198 6004
44995 4626
44995 5182
10482 3702
44995 3638
44995 6029
59160 3624
59160 3668
59160 3817
44995 3613
59160 6189
35791 3860
37107 3637
37107 7171
60366 3820
60366 6155
10482 291
31695 6105
54515 3630
60366 3641
60366 6396
60366 6383
10482 6180
31695 5173
54515 3615
44995 3649
30427 3707
60366 6428
60366 8130
10482 6463
60366 6360
60366 6450
10482 6193
60366 6372
60366 6416
10482 6204
42295 3863
60366 6672
60366 6420
10482 4901
59160 3718
830 3889
65343 3680
47935 6174
18238 3819
37683 3711
28466 3673
60366 6422
60366 6562
10482 6382
44995 5049
60366 3627
51992 3683
35791 3613
35791 7726
35791 7261
37107 6739
35791 6404
35791 6220
37107 4496
37107 4284
37107 3757
37107 6208
37107 3807
37107 3818
37107 3679
37107 6056
37107 3663
37107 3808
37107 4279
60366 6895
60366 799
10482 6521
60366 7172
60366 7025
10482 5447
60366 6410
60366 6379
10482 6249
60366 6385
60366 6422
10482 4983
60366 6459
60366 6408
10482 6190
4227 3800
65343 4979
65343 7175
28802 3820
18238 3694
18238 7056
60366 7012
16530 4929
37683 3653
37683 6977
53395 4339
28466 4072
28466 6389
57475 3722
47935 3642
47935 6515
60366 6566
60366 6436
10482 6106
32898 3825
830 3895
830 7074
60366 6504
10482 6273
60366 6757
10936 5073
60366 6381
60366 6483
10482 5265
60366 6539
60366 6863
10482 5192
60366 6427
60366 6448
10482 6085
60366 6516
60366 6636
10482 4955
60366 7030
60366 6936
10482 4904
60366 6559
60366 6393
10482 4849
60366 6897
35791 5174
35791 3949
35791 3604
60366 7046
60366 6599
10482 5025
35791 6415
35791 6158
37107 2493
60366 6748
10482 4615
60366 6455
35791 6384
35791 6789
37107 6557
60366 7154
10482 5075
60366 6409
35791 6461
60366 6792
60366 6532
10482 5060
60366 6421
10482 5396
60366 7646
60366 6833
60366 6441
10482 6219
60366 6392
60366 6409
10482 5060
4227 3635
60366 6426
10482 6151
60366 6397
4227 7873
4227 6359
4227 6388
4227 3817
65343 3616
59071 183
59071 3589
16045 234
16530 3559
60366 6390
10482 6217
60366 6582
16530 7547
16530 6378
16530 6464
16530 5631
37683 4881
53395 3602
28802 4643
53395 8305
53395 6430
53395 6364
53395 6693
28466 6519
57475 3721
28802 8655
28802 6422
28802 6634
28802 6809
18238 4911
57475 7299
57475 6664
57475 6490
57475 6768
47935 4885
65343 3741
60366 6383
10482 5192
60366 6622
37107 5022
32898 3617
37683 3703
28466 3715
32898 7230
32898 7400
830 6141
32898 6580
32898 6228
830 3605
18238 3816
47935 6218
37683 3593
28466 4359
60366 6519
10482 4956
60366 6629
59071 3857
830 5140
18238 3630
65343 4143
830 3845
47935 3659
11058 3831
65343 6275
65343 3711
65343 4696
65343 5021
65343 3798
65343 3875
65343 4757
65343 5077
60366 6724
10482 4929
60366 6867
60366 6401
60366 6515
10482 5046
60366 6567
60366 7075
10482 6748
60366 7058
10482 5041
60366 6406
60366 7348
10482 6224
60366 6665
60366 6434
10482 6234
60366 6729
60366 6917
10482 5219
60366 6451
60366 6520
10482 5043
60366 6500
60366 6633
10482 4947
60366 6435
60366 6572
10482 6375
60366 6444
60366 6613
10482 6357
60366 6487
60366 6396
10482 5239
60366 6398
60366 6974
10482 5184
60366 6835
60366 6420
10482 6189
60366 6429
60366 6727
10482 6408
60366 7201
60366 6415
60366 6505
10482 6368
60366 6394
60366 6797
10482 4926
60366 6528
10482 6248
60366 6362
60366 6552
10482 5138
60366 6355
60366 6786
10482 5188
35791 3631
60366 6493
60366 6422
60366 6400
10482 5021
60366 6564
60366 6803
10482 5173
4227 4894
4227 5136
65343 3697
65343 3718
60366 6982
10482 5089
60366 6426
16530 5286
37683 4138
16530 4468
37683 3633
28802 6141
28802 3946
18238 4064
18238 3601
53395 6261
53395 3603
28466 3596
28466 3600
4227 3679
28802 3827
18238 4650
4227 3577
4227 7178
4227 6910
65343 5514
4227 6794
4227 6293
65343 4049
4227 6408
4227 6416
65343 10084
4227 6385
65343 4944
4227 6357
4227 6682
65343 5070
4227 6456
4227 6845
65343 5190
16530 3757
37683 4532
53395 3790
28466 3647
60366 7000
10482 5077
60366 6422
57475 3827
57475 4892
47935 212
57475 3745
47935 3657
32898 3841
32898 6401
830 398
32898 3650
830 3707
8339 3824
11058 3589
11058 7140
60366 6416
60366 6540
10482 6311
60366 6413
60366 6372
10482 6189
60366 6841
10482 4940
60366 3896
60366 6538
10482 6468
60366 7280
60366 6392
60366 7107
10482 5334
60366 6429
10482 4849
60366 6406
60366 6360
60366 6397
10482 6206
60366 7339
10482 5315
60366 6366
60366 6942
60366 6406
10482 6247
60366 6396
60366 6408
10482 4820
60366 6401
60366 6384
10482 5238
60366 6385
60366 6649
10482 5066
60366 6407
10482 4824
60366 6445
60366 6601
60366 6406
10482 6007
60366 6599
10482 6292
60366 7426
60366 6866
10482 6644
60366 6574
60366 6507
10482 5124
60366 6381
60366 6300
10482 5088
60366 6749
60366 6496
10482 6313
60366 6395
60366 7001
10482 5090
60366 6561
10482 5077
60366 6688
60366 6527
60366 6647
10482 5032
4227 6415
65343 6136
4227 6391
65343 5040
4227 6432
65343 6224
4227 6410
65343 6635
60366 7027
10482 5078
4227 7190
4227 6377
65343 6181
4227 6529
60366 6610
60366 7548
10482 6247
60366 6589
60366 6509
10482 5048
60366 6418
60366 6620
10482 6405
60366 11668
8339 10352
8339 6927
60366 4825
10482 3684
11058 5210
60366 6696
60366 6894
10482 5196
60366 6567
60366 6964
10482 5074
60366 6408
60366 6973
10482 5220
60366 6470
60366 7137
10482 5137
60366 6432
60366 9246
10482 7402
65343 5741
60366 6496
60366 6517
10482 5329
60366 6759
60366 6389
60366 6371
10482 3816
60366 6439
60366 6455
10482 5127
60366 6474
10482 5156
60366 6375
60366 6791
10482 5954
60366 6539
60366 7189
10482 5188
60366 6368
60366 5207
10482 4373
60366 6392
60366 6789
10482 5256
60366 6382
60366 6380
10482 5098
60366 6408
60366 6394
10482 6150
60366 9981
60366 6412
10482 6342
60366 6437
60366 6530
10482 6091
60366 6376
60366 6405
10482 6190
60366 6485
60366 6539
10482 6387
60366 6471
60366 6800
10482 4962
60366 6406
60366 6714
60366 6781
10482 5089
60366 6555
60366 6414
10482 6250
60366 6823
60366 6426
10482 6264
60366 6270
10482 4069
60366 6398
60366 6389
10482 6134
8339 3659
60366 7959
60366 6725
10482 5535
60366 6397
60366 6448
10482 6024
60366 6488
60366 6976
10482 6764
60366 6428
60366 6574
10482 5157
60366 6371
60366 6420
10482 5254
60366 6575
60366 7147
10482 5322
60366 6367
60366 6518
60366 6788
60366 6817
10482 5186
60366 6489
60366 6722
60366 6603
10482 6184
60366 6402
60366 6661
10482 5463
11058 4860
60366 7265
10482 5093
60366 6404
60366 6607
10482 5374
60366 6789
10482 4980
60366 6607
60366 7120
10482 5570
60366 6610
60366 6521
10482 6210
60366 6388
60366 6671
10482 5205
60366 6656
60366 7236
10482 6318
60366 6907
60366 6530
10482 6279
60366 6399
60366 6531
10482 5235
60366 6421
60366 6860
10482 5272
60366 6592
60366 6485
10482 4201
60366 8076
60366 6669
10482 5038
60366 6684
60366 6595
60366 6821
10482 4915
60366 6489
60366 6478
10482 5195
60366 6430
60366 6528
10482 5288
60366 6370
60366 6829
10482 5018
60366 6507
60366 6977
10482 5223
60366 6410
60366 6406
10482 6150
60366 7283
10482 5314
60366 6801
60366 6478
60366 6445
10482 3588
60366 6538
60366 6727
10482 5117
60366 7118
10482 5345
13282 4984
10482 3965
60366 6527
60366 6841
10482 6682
56198 3877
56198 6308
60366 6776
60366 7601
10482 6034
60366 6383
60366 6477
10482 6110
49876 3770
49876 4675
19270 5129
49876 4061
19270 3734
19270 3728
60366 6411
60366 6638
10482 5549
60366 6421
60366 6947
10482 5335
60366 6416
60366 6575
10482 5450
49876 3861
60366 4786
56198 5078
56198 6711
56198 7773
10482 7387
48465 521
8684 5011
39008 3744
39008 4066
39008 3672
39008 3748
56198 3809
39008 812
39008 4961
39008 3755
56198 3728
39008 4304
56198 4064
10482 6079
50059 3680
40207 4087
8684 3736
8684 3761
44995 3653
44995 4698
10482 5199
10482 3826
10482 3671
37107 3725
56198 6307
40117 7123
40117 7220
40207 2522
40117 6546
40117 3013
40207 3720
40207 3909
40207 3799
48465 3806
8684 3619
36351 3767
50059 3743
59160 3817
59160 4713
44995 5247
56198 3801
60366 6441
60366 2279
10482 5214
35791 5052
35791 6367
35791 6393
37107 5119
60366 6800
60366 7093
10482 5282
60366 6646
60366 6510
10482 4256
35791 6515
35791 7611
37107 7217
60366 9205
60366 6560
10482 6363
60366 6397
60366 6539
10482 5188
35791 6886
35791 6525
37107 4749
39008 4376
60366 6411
60366 6441
10482 4864
60366 6664
60366 6540
10482 4409
59160 6131
35900 3757
60366 6386
60366 7002
10482 5418
60366 6368
60366 6509
10482 5087
60366 6625
60366 6458
10482 5088
60366 6595
60366 6580
10482 6174
60366 6666
60366 8518
10482 7240
60366 8621
60366 6694
10482 5737
60366 6624
60366 6487
60366 6446
10482 5242
60366 6485
10482 3710
60366 7154
44995 5448
60366 6405
60366 7047
10482 5228
56198 5312
60366 6668
10482 4960
60366 6445
60366 6505
60366 6567
10482 6318
60366 6450
10482 3600
60366 6746
60366 6855
10482 4947
60366 6501
60366 6875
60366 7070
10482 5176
60366 6677
60366 6559
10482 6296
28733 5696
60366 6996
10482 5015
60366 6986
39008 5064
60366 6557
60366 6532
10482 5310
60366 6531
60366 6642
10482 5061
60366 6571
10482 3611
60366 6536
60366 6405
10482 4402
60366 6565
60366 6367
10482 6163
60366 6841
60366 6688
10482 6520
60366 6414
60366 6591
10482 6428
60366 6764
60366 6535
10482 6203
60366 6485
60366 7072
10482 5328
60366 8097
60366 6513
10482 5879
41379 5160
35900 3606
35900 7314
60366 6453
60366 7100
10482 6036
60366 6403
60366 7563
10482 6286
60366 6536
60366 6555
10482 5272
39008 3674
60366 6418
60366 6637
10482 4656
60366 6507
60366 6558
10482 5534
60366 6411
60366 5525
10482 4759
60366 6408
60366 6391
10482 5046
60366 6703
60366 6812
10482 5129
60366 6565
60366 8478
10482 6763
60366 6524
60366 6523
10482 3767
60366 6435
60366 7180
10482 5304
60366 6352
60366 6864
10482 6557
60366 6372
60366 6455
10482 5102
60366 6561
60366 6890
10482 5914
56198 5074
60366 6418
60366 6949
10482 5016
60366 6624
60366 7203
10482 5453
60366 6480
60366 6477
10482 6068
60366 6692
60366 6530
10482 6339
60366 6364
60366 6481
60366 8192
10482 8048
60366 6412
60366 7119
10482 5403
12706 4239
28733 4416
28733 6884
60366 6513
60366 6714
10482 3865
60366 6649
10482 5357
60366 6738
60366 6988
10482 5244
60366 6653
60366 6404
60366 6573
10482 5324
60366 6918
60366 6526
10482 5253
60366 6491
60366 6484
10482 5240
60366 6373
60366 6494
10482 5111
60366 6406
60366 6858
10482 5639
60366 8138
60366 6557
10482 5030
60366 6551
60366 6422
10482 6095
60366 7019
10482 5180
60366 6538
60366 6362
10482 5054
41379 3810
41379 9427
41379 6403
41379 6730
35900 6326
60366 6421
41379 6626
60366 6869
35900 5083
10482 4620
60366 6337
60366 6859
10482 5254
60366 6390
60366 7356
10482 5039
35900 5376
35900 6847
60366 6531
60366 6517
10482 4236
60366 7909
60366 7452
10482 5405
60366 6991
60366 6710
10482 6272
60366 6519
60366 6868
10482 5523
60366 6528
60366 6423
10482 5181
60366 6415
60366 6384
10482 4104
60366 6531
60366 6479
10482 5117
60366 6410
60366 6930
10482 5527
60366 6500
60366 6346
60366 6393
10482 6159
60366 6441
60366 6610
10482 6449
60366 6378
60366 6985
10482 5088
60366 6528
60366 6984
10482 6688
60366 6908
10482 5165
60366 6489
60366 4834
10482 3783
12706 3714
12706 7489
12706 6386
12706 6384
12706 6265
28733 4895
28733 3725
41379 6267
41379 4848
35900 3593
56198 5076
56198 6513
12706 6187
28733 3646
39008 3756
39008 3623
39008 3647
39008 3704
39008 4072
56198 3833
15304 4599
11662 5237
14557 4482
32186 3674
56198 5399
37107 3707
37107 4740
10482 5146
48770 3615
44995 3645
44995 3727
63547 3649
48770 3619
59160 4581
59160 5127
59160 3677
59160 3736
44995 3690
6476 3886
60366 6390
60366 7235
10482 5161
35791 3751
35791 6390
60366 6361
35791 6411
35791 7098
10482 4939
37107 4036
60366 6374
60366 6406
10482 4885
60366 6405
60366 6575
10482 5282
35791 7225
35791 6353
37107 6151
60366 6570
60366 6439
10482 6254
60366 6840
60366 6567
10482 6154
35791 6402
35791 6366
37107 4891
60366 6466
60366 7119
10482 5184
60366 6415
60366 6795
10482 4963
35791 6398
35791 6390
37107 6200
60366 6444
60366 6407
10482 6240
60366 6437
60366 6973
10482 5309
39008 4632
35791 6855
37107 6515
35791 6388
60366 6399
60366 7485
10482 5782
60366 7103
60366 6398
10482 6206
60366 4781
35791 6434
35791 6979
37107 5094
62505 3797
6476 4107
6476 7185
39008 363
56198 3603
39008 5977
35791 6572
37107 6142
35791 6492
35791 6421
35791 6924
37107 5170
10482 3746
35791 6900
37107 4923
35791 6404
35791 6380
35791 6756
37107 4897
35791 6558
37107 5043
56198 3677
23498 4363
35791 6372
35791 6408
37107 6223
60809 5004
35791 6428
35791 6954
37107 5191
35791 6446
35791 6502
37107 6314
35791 6379
35791 6429
37107 4979
62505 3670
62505 7741
62505 6368
62505 6507
62505 6729
6476 5071
6476 4752
6476 6164
60366 6417
60366 7017
10482 4931
60366 6505
60366 6464
10482 6228
60366 6495
60366 6941
10482 5083
60366 7012
60366 6394
10482 6024
60366 6386
60366 6688
10482 6411
60366 7308
60366 6486
10482 6307
60366 6382
60366 6744
10482 4937
60366 6858
60366 6400
10482 6146
60366 6492
60366 6406
10482 6220
56198 4286
60366 6837
60366 6422
56198 6719
10482 5064
44995 3655
44995 3676
56198 4677
60366 6854
60366 6520
10482 6249
44215 3653
59662 3626
60366 6475
60366 7389
10482 7197
60366 6402
60366 6523
10482 6334
60366 6421
60366 6415
10482 5333
60366 6636
60366 6374
10482 4972
60366 6414
60366 6405
10482 6148
60366 6398
60366 6586
10482 6371
59160 3580
59160 3746
60366 6443
60366 6542
10482 6400
60366 6831
60366 6397
10482 6235
60366 6453
60366 6468
10482 5379
60366 6375
60366 6418
10482 6265
60366 6554
60366 17284
10482 15593
60366 6786
60366 7024
10482 4918
60366 6385
60366 6956
10482 4933
60366 6540
60366 6549
10482 6217
1775 3664
60366 6402
60366 6383
10482 6234
60366 6385
60366 6375
10482 6158
60366 6412
60366 6405
10482 5080
44995 3611
60366 6385
60366 6409
10482 6108
60366 6959
10482 5059
60366 7084
10482 5081
60366 6449
60366 7333
10482 6139
60366 6409
60366 6424
10482 6164
62505 4830
60366 6506
60366 6664
10482 4972
60366 6331
60366 6837
10482 4911
62505 6956
6476 5076
60366 6482
60366 6545
10482 5296
59662 59
58701 3773
60366 6546
60366 6699
10482 5135
60366 6404
60366 6383
10482 6225
60366 6399
60366 6873
10482 6718
60366 6551
60366 7547
10482 5219
60366 7198
60366 6420
10482 5055
31868 3803
60366 6598
60366 6387
10482 5221
44215 3638
59662 3620
60366 6348
60366 6808
10482 4931
60366 6394
60366 6651
10482 5036
60366 6836
60366 6806
10482 5044
39008 465
39008 3689
60366 6392
60366 6391
10482 6252
54867 3625
60366 6386
60366 6436
10482 6046
51858 3699
60366 6481
60366 6378
10482 6088
60366 6902
60366 6906
10482 5192
60366 6534
60366 7023
10482 5097
60366 6727
60366 6562
10482 6409
2173 3650
60366 6365
60366 6432
10482 6246
60366 6453
60366 6385
60366 6470
60366 6590
10482 4902
18977 3887
39008 4955
56198 3614
39008 667
56198 3606
59536 3617
55442 3690
25640 4230
58701 3755
58701 7453
59160 4817
56198 5104
56198 7133
17687 6942
44995 4897
25640 3626
25640 7476
25640 6402
25640 6444
25640 6398
58701 6158
58701 3701
58701 7600
39008 33
22246 4620
39008 5109
56198 3616
33515 3706
37542 3792
38748 3797
25640 5261
58974 4053
58701 3598
25640 6409
25640 6416
58701 6078
25640 6379
25640 6857
58701 5289
25640 6582
58701 5175
25640 7065
25640 7028
58701 5554
25640 6593
25640 6414
58701 6596
25640 6533
25640 6408
58701 6259
25640 6390
25640 6684
58701 5031
25640 6419
25640 6402
25640 6825
58701 4887
25640 6425
25640 6636
58701 5028
25640 6737
25640 6495
58701 5248
25640 6545
58701 5068
25640 6395
25640 6508
25640 6363
58701 6058
25640 7035
58701 5282
25640 6458
25640 6413
25640 7022
58701 6736
25640 6552
58701 5308
25640 6363
25640 7019
25640 6429
25640 6941
58701 3610
25640 6529
25640 6955
58701 5074
23392 3578
12129 3627
65343 6025
65343 3734
65343 3817
44995 3647
44995 6070
65343 3666
65343 4118
65343 3818
18913 3730
59160 4696
33794 517
37118 3644
46080 3659
46080 3731
58623 3620
46090 3658
46090 3620
17657 4282
5123 1526
27903 3755
31203 3747
59160 3637
44995 3642
37118 3606
37118 3602
27903 3616
27903 3715
17657 2780
58623 604
33794 3637
37118 3740
5123 3575
27903 3592
46080 3626
58623 3775
46090 3605
17657 3681
4227 6886
4227 4858
65343 4961
4227 3641
4227 6380
4227 6349
65343 4972
4227 6400
65343 4255
4227 6386
65343 6192
4227 6688
65343 6307
4227 6354
4227 6427
65343 5122
65343 5523
4227 4328
4227 6387
4227 6395
4227 6409
4227 5248
65343 3835
65343 1977
4227 6484
4227 3665
65343 4067
65343 3780
4227 6599
65343 6236
65343 3707
4227 6405
65343 5186
4227 6358
4227 6182
65343 5180
65343 3677
56198 3686
56198 416
56198 6392
54112 3638
58209 3647
63330 3624
42849 3629
5231 3610
4227 6555
4227 6469
4227 3743
65343 5256
65343 5198
4227 6374
4227 6332
65343 5154
65343 3741
4227 6385
65343 5194
4227 6393
4227 6401
4227 6363
65343 4873
4227 6559
4227 6381
4227 6374
65343 5022
65343 4191
4227 3589
4227 6503
65343 6212
4227 6384
4227 6906
4227 7001
65343 6732
4227 6390
4227 6377
4227 6303
65343 3602
4227 6947
65343 5195
4227 6397
4227 6341
4227 6395
65343 6232
4227 6393
4227 6478
65343 6290
4227 6407
4227 6890
4227 6372
4227 6396
4227 6399
4227 6412
65343 6150
4227 6531
65343 5064
4227 6409
4227 6483
4227 6951
65343 5188
4227 6456
4227 6751
65343 5765
4227 7347
4227 6376
4227 4913
65343 3578
2611 5376
19263 3588
59160 3807
12591 3810
52526 3940
39008 3614
39008 5102
39008 4963
58377 3812
58377 3623
35065 3688
39008 3624
39008 3652
56198 3673
39008 6261
59874 3605
38561 3598
55781 3592
10720 3627
51468 3820
55776 3616
39008 3711
56198 4770
58145 4043
44995 5423
4227 6391
65343 6083
4227 6423
4227 7180
4227 6527
4227 6494
4227 6432
65343 5380
4227 6388
65343 3720
4227 6591
4227 6437
65343 6266
4227 7230
65343 4997
4227 6359
4227 6342
65343 5155
4227 6445
65343 5140
4227 6511
65343 6160
4227 6848
4227 6446
4227 6353
4227 6975
65343 5210
4227 6402
4227 5112
65343 3635
4227 6891
4227 6414
4227 6593
4227 6938
65343 5228
4227 7241
4227 6600
65343 5149
4227 6416
4227 6387
4227 6603
65343 5261
4227 6398
4227 6367
65343 5151
4227 6466
4227 6821
4227 6640
65343 6426
4227 6804
4227 6418
65343 3817
4227 6395
4227 6394
65343 4971
4227 6398
4227 6393
4227 6388
65343 4832
4227 7183
4227 6397
4227 6801
4227 6681
65343 5079
4227 6379
4227 6632
65343 5128
32179 4846
52526 3648
52526 7516
60850 3717
12591 3606
12591 7555
4227 6844
4227 6361
65343 3634
4227 6491
4227 6414
4227 6370
4227 6542
65343 6225
4227 6585
4227 6405
65343 6013
4227 6464
65343 3904
4227 6843
4227 6244
65343 5116
32179 3730
32179 7974
32179 6457
32179 6553
52526 4662
32179 6259
52526 3631
60850 3615
60850 7501
60850 7118
60850 6366
12591 4857
65343 5177
60850 6196
12591 3680
52526 3834
12591 1958
52526 6164
52526 3776
52526 3688
60850 1675
32179 4768
12591 4973
32179 3803
12591 3586
52526 3613
52526 3807
32179 3606
32179 3870
32179 1811
52526 3592
32179 6409
32179 1575
52526 3622
32179 3599
35065 3598
35065 3635
6476 7061
58377 4907
35065 4369
62505 6238
58701 6409
58701 6909
6476 5196
25640 3634
25640 6265
15542 3635
5391 3708
58701 3715
44201 3797
18695 3653
5391 496
18695 5494
18695 3676
44995 3777
44995 3881
56198 6123
56198 3660
56198 6671
15542 5123
5391 4193
44201 3604
18695 3826
59160 3576
59160 204
44995 5002
39008 3674
39008 4345
39008 3710
56198 3592
39008 6294
39008 3685
56198 4688
56198 5185
56198 6195
59160 3921
22760 3784
44995 3692
39008 3594
39008 4607
39008 5152
56198 3625
21276 3921
22760 4010
22760 7111
56198 3686
21276 3645
21276 7480
21276 6582
22760 6433
58315 5059
21276 6409
21276 6124
22760 3643
22760 3824
22760 6492
36232 4908
39008 4590
39008 4136
56198 5502
21276 5107
21276 6709
22760 5328
37107 6038
37107 3673
37107 3754
37107 3665
37107 6068
44995 3675
44995 4161
44995 4646
44995 5729
59160 1800
59160 41
59160 482
44995 3701
59160 6054
40444 3899
25085 3675
44995 3682
60232 3686
25085 3743
25085 7149
31561 3862
40444 3598
40444 7008
35791 6830
37107 5092
35791 4312
37107 3601
35791 3609
35791 6819
35791 6728
37107 5063
35791 6484
35791 6869
37107 5072
35791 6408
35791 6444
37107 6195
35791 6816
35791 6844
37107 6385
35791 6403
35791 6415
37107 6003
60232 7793
60232 6357
60232 6378
60232 7014
25085 5131
35791 6384
35791 6453
31561 7513
37107 7373
31561 6401
40444 4807
31561 6396
31561 6714
40444 5103
35791 7718
35791 6484
37107 6181
35791 6386
35791 6669
37107 6411
35791 6388
35791 6457
37107 5294
35791 6830
35791 6429
37107 6268
35791 6430
35791 6381
37107 6250
35791 6380
35791 6426
37107 5276
35791 6358
35791 6368
37107 6220
35791 6388
35791 6412
37107 6191
35791 6675
35791 6510
35791 6502
37107 5050
35791 6499
35791 6446
37107 6313
60232 6316
35791 6938
35791 6440
37107 5477
31561 6234
25085 4757
35791 6505
37107 6232
35791 6385
40444 4773
35791 6523
35791 6355
37107 3758
35791 6431
35791 6756
37107 5273
35791 6615
37107 5138
35791 6425
35791 6856
37107 6536
35791 6337
59160 3712
17230 3998
48975 3624
60232 4654
25085 6244
35791 7010
37107 5124
31561 3695
35791 3764
35791 6384
35791 6426
37107 6101
35791 6984
37107 6534
35791 6389
35791 6398
35791 7540
37107 5807
35791 6378
35791 6413
37107 6037
40444 4100
35791 6474
35791 6424
37107 6025
35791 6443
37107 6134
35791 6391
35791 6397
35791 6411
37107 6256
35791 6394
35791 6408
37107 6228
35791 6365
35791 6621
37107 5029
35791 6670
37107 5221
44995 4199
35791 6456
35791 6528
37107 6305
60232 6728
35791 6404
37107 6208
35791 6403
35791 6843
37107 5200
35791 6462
35791 6916
37107 4906
35791 6418
35791 3774
37107 3709
25085 3682
6535 3784
17230 4625
17230 7479
35206 5166
48975 3647
48975 7033
6535 3744
6535 7151
6535 7016
17230 5102
35206 3615
35206 7014
35206 6439
48975 6242
6535 6486
6535 6117
17230 3619
35206 6482
35206 6865
48975 5406
17230 3699
48975 3688
17230 6170
6535 6102
35206 3814
6535 6832
17230 5051
48975 3644
44995 4652
44995 5073
59160 3589
59160 3645
59160 4771
44995 5363
22074 3906
37107 3760
37901 3877
22074 3602
22074 7110
37901 3661
37901 7174
37901 6402
22074 6204
37901 6370
37901 6555
37901 6090
22074 2018
22074 3813
56198 4182
56198 6182
37901 830
37901 6557
37901 3639
22074 3643
22074 4617
37901 4968
37901 3591
35791 6488
35791 6855
37107 4941
35791 6428
35791 6625
37107 5034
35791 6387
35791 6677
37107 4989
35791 6550
35791 6922
37107 5112
56198 3856
56198 6436
35791 6359
35791 6392
37107 5239
35791 6465
35791 6403
37107 5243
35791 6427
35791 6862
37107 6671
35791 6858
35791 6975
37107 5077
35791 6817
35791 6717
37107 6417
35791 6357
35791 7072
37107 5185
35791 6433
35791 6413
37107 6211
35791 6389
35791 6609
37107 5132
35791 6580
35791 6441
35791 6627
37107 5049
37901 391
22074 3628
39008 4802
39008 4955
39008 3657
56198 3623
39008 3614
39008 4120
39008 3661
56198 4695
28945 5161
32655 4397
22074 3779
56198 6193
37901 3609
37901 6553
37901 6386
37901 6371
22074 6209
37901 6395
37901 6393
37901 6549
37901 6408
37901 6424
37901 6276
22074 3592
37901 6840
37901 6417
37901 3762
22074 3676
37901 6527
37901 6380
22074 6118
37901 6414
37901 6395
37901 6858
37901 7229
22074 5008
37901 6447
37901 6364
22074 6224
37901 6530
37901 6431
37901 6948
22074 5683
37901 6848
22074 4924
37901 6491
37901 6420
37901 6885
37901 6371
37901 6579
37901 6781
37901 6497
37901 6874
22074 5183
37901 6365
37901 6491
37901 6410
37901 7103
22074 5146
37901 6829
37901 6804
22074 4933
37901 6358
37901 7109
22074 6686
37901 6420
37901 6434
37901 6420
37901 6379
37901 6847
22074 3620
37901 6433
37901 6962
22074 5172
37901 7010
37901 6323
22074 6061
37901 6905
22074 5110
37901 6408
37901 6539
37901 6397
37901 6561
37901 6387
37901 6378
37901 6890
22074 5057
37901 6418
37901 6383
37901 6242
37901 6527
37901 6368
37901 6393
37901 6405
37901 6420
37901 6808
22074 4910
44995 3829
44995 6028
44995 3633
44995 3762
44995 5054
44995 5073
39008 3590
37901 6551
37901 7455
22074 5719
37901 6431
37901 3754
22074 4327
44995 4644
44995 5048
59160 1446
59160 6142
44995 3587
41652 3920
59160 3599
59160 4074
59160 3816
44995 4042
59160 6098
461 3827
59160 3916
44995 4608
64972 5306
59855 3691
11142 3780
39008 6189
40958 3740
11142 3701
11142 6968
59160 3717
59160 6175
44995 3620
38948 3767
41652 3610
41652 7272
909 3767
461 3670
37772 3814
64972 3655
25481 3839
59855 3619
59855 6825
64972 6784
461 6548
40958 4919
40958 5865
11142 6640
40958 6948
40958 6417
40958 6659
11142 5042
56198 3614
38948 3590
11142 3666
11142 5996
11142 3796
25481 3600
38948 7425
38948 6972
41652 5226
38948 6376
38948 6411
38948 480
37772 3591
41652 3640
909 5089
37772 7624
37772 6440
64972 6300
25481 7079
25481 6795
59855 5037
909 7633
909 6444
461 6162
41652 3894
64972 4833
59855 5048
461 3706
461 3596
64972 3744
59855 6019
64972 6267
59855 6122
59855 3656
40958 4877
40958 5093
11142 3630
40958 3698
11142 4805
40958 6395
11142 6222
40958 6497
40958 6429
40958 6471
11142 6259
40958 6511
40958 6874
11142 6508
40958 6334
38948 4909
38948 5968
38948 3702
41652 3609
37772 3902
25481 6060
909 4892
461 4984
37772 3668
909 3675
461 3760
64972 3600
909 232
461 3744
461 4596
25481 5016
59855 3590
64972 3759
59855 3653
25481 3619
37772 6361
25481 6808
25481 6505
37772 6275
59855 5494
64972 3612
37772 6353
37772 6396
64972 4652
25481 6576
25481 6177
25481 6464
37772 6397
37772 6285
59855 3604
64972 5134
25481 6415
59855 5410
25481 6409
37772 6375
25481 6806
25481 6518
37772 6405
37772 6392
25481 6414
25481 6487
37772 6494
59855 5040
64972 3664
37772 3636
64972 3598
25481 6880
25481 6554
37772 6377
37772 6212
37772 6378
37772 6502
25481 6389
25481 6379
25481 6877
59855 6091
64972 5181
25481 6339
37772 6444
37772 6684
37772 6469
37772 6300
25481 6550
25481 6445
25481 6186
37772 6465
64972 6188
59855 3694
37772 6285
64972 5054
37772 6396
37772 6342
37772 6409
37772 6261
37772 6397
37772 3907
37772 6424
37772 6831
25481 7029
64972 5182
25481 6295
25481 6450
25481 6237
25481 6435
25481 6410
25481 6860
25481 6384
25481 6415
59855 5354
11142 3645
25481 6408
25481 6374
59855 6100
25481 6684
25481 6486
59855 6361
25481 6402
25481 6997
59855 5082
25481 6419
25481 6433
59855 6208
25481 6356
25481 6572
59855 6366
25481 6799
25481 6428
25481 6512
59855 4914
40958 3752
37772 4065
59855 6190
64972 6073
25481 6493
25481 6879
59855 5208
25481 7055
59855 4915
25481 6477
25481 6659
59855 5263
25481 6444
25481 6370
59855 6108
25481 6551
25481 6247
59855 3611
25481 6535
25481 6747
25481 6444
59855 6016
25481 6392
25481 6377
25481 6478
25481 6374
59855 5182
37772 3633
25481 6372
25481 6357
25481 6421
25481 6402
59855 6027
25481 6492
25481 6390
25481 6354
25481 6822
59855 5227
37772 6893
37772 6199
64972 6038
25481 6477
25481 7172
25481 6558
25481 7133
59855 5407
25481 6396
25481 6399
25481 6466
25481 6644
59855 5753
25481 6391
25481 6345
25481 6762
59855 6330
25481 6919
59855 4968
25481 6415
25481 6466
59855 6226
25481 6507
25481 6759
59855 5083
25481 6394
25481 6594
59855 6430
25481 6498
25481 6395
25481 6430
59855 5480
64972 6704
25481 6556
59855 5435
25481 6707
25481 5985
59855 3936
25481 6547
25481 6530
25481 6380
25481 6465
59855 6283
44995 4096
44995 3796
44995 6183
44995 3875
25481 6473
25481 6417
59855 6052
64972 4753
64972 5025
64972 3722
64972 3699
64972 6160
64972 3834
44995 3659
44995 3803
44995 6047
44995 3769
25481 6413
25481 6474
25481 6559
25481 8283
59855 6423
25481 6388
59855 5227
25481 6853
25481 3726
59855 3572
25481 6405
25481 6568
25481 7045
59855 5137
25481 6360
59855 6189
25481 6618
59855 3646
25481 6463
25481 6394
25481 6421
59855 6188
25481 6796
25481 6434
25481 6528
25481 6404
59855 4866
25481 6377
25481 6522
25481 6367
25481 6552
59855 6422
25481 6549
59855 6243
25481 6926
25481 6942
59855 4919
25481 6368
25481 6522
25481 4169
59855 3605
25481 7121
59855 5488
25481 6366
25481 6494
25481 6413
25481 6697
59855 6509
25481 6370
25481 6876
59855 5177
37772 6550
37772 4739
64972 3728
59160 3662
59160 4067
59160 4654
44995 5066
59160 3621
59160 3776
37772 5195
59160 5177
44995 3607
59160 4155
23335 4804
37772 6377
37772 7181
64972 5393
56204 3944
37772 6294
37772 6753
64972 6605
37772 6401
37772 6254
64972 3621
37772 6330
64972 4044
37772 6408
37772 6748
64972 6546
37772 6543
37772 6407
64972 4970
37772 6798
37772 6397
64972 6177
37772 6402
37772 6447
37772 6380
64972 6239
37772 6509
64972 4343
37772 6495
37772 6438
64972 6228
37772 6395
37772 6399
37772 6423
64972 5217
37772 7015
37772 6461
37772 6353
64972 6159
37772 6491
37772 6362
37772 6407
64972 6284
37772 6995
64972 5490
37772 6522
37772 6801
64972 4915
37772 6406
37772 6412
37772 6401
64972 6204
37772 6393
37772 6730
64972 6374
59160 4810
44995 4940
30097 3839
59160 3709
4230 5049
4230 4996
41662 3762
56204 3615
56204 7621
35807 5908
23335 3665
23335 7363
29465 3801
30097 3723
30097 6692
38274 1916
38274 3635
41662 3619
38274 6905
4230 6348
29465 4164
29465 7331
29465 6366
29465 6367
30097 6211
35807 3599
35807 7095
23335 3791
23335 3701
23335 6061
44995 3679
29465 6161
30097 4047
30097 3713
30097 3816
30097 6228
41662 7779
41662 6422
41662 6632
56204 5666
56204 5734
56204 3714
56204 6686
35807 3658
35807 3775
35807 3653
23335 4726
23335 5015
35807 3636
35807 6273
35807 6218
23335 5327
29465 3614
29465 3785
29465 6109
30097 5307
29465 3673
30097 3636
29465 6346
30097 6161
29465 6822
29465 8521
30097 6909
29465 4125
30097 3890
41662 2766
56204 3648
56204 3789
41662 3583
41662 3704
41662 6253
41662 4813
56204 4209
41662 4893
56204 3647
41662 3606
29465 4269
35807 3585
11058 3582
26871 3820
49864 3868
8339 4654
11058 4924
44995 3709
44995 619
44995 6175
22074 4940
59160 4979
59160 3754
44995 1690
35706 5252
44995 3729
26920 6186
64972 3752
44995 4651
44995 5107
59160 3591
59160 3710
37901 3771
59160 6082
44995 3615
40927 3806
35706 4254
35706 7173
59160 4942
59160 3629
59160 3627
59160 3663
44995 3592
59160 6079
37772 6454
59160 5123
44995 3611
37116 3801
37116 6181
40927 3623
40927 7677
40927 6344
40927 6825
35706 4893
40927 6895
35706 4898
40927 6183
37901 6578
37901 2383
22074 3614
35706 6587
64972 3681
26920 3617
40927 3770
35706 6274
40927 6427
40927 7219
35706 5741
40927 6954
40927 6347
40927 6387
40927 6842
35706 5893
40927 6350
40927 6389
35706 6102
40927 6856
40927 6386
40927 6411
40927 6767
40927 4746
35706 3603
22074 3815
37901 3623
37901 6108
22074 3726
2604 3575
7345 3821
56204 3794
44995 5999
44995 3676
44995 3612
44995 4718
44995 5056
44995 3795
44995 3732
44995 5122
44995 4950
44995 3708
41662 4087
59160 3558
59160 4089
44995 3701
59160 6138
44995 3610
59160 3624
59160 6094
44995 3582
59160 3609
7351 3781
59160 3617
59160 3710
44995 3580
59160 3600
59160 6014
59160 3828
44995 3574
59160 6182
49878 3845
56664 3709
41662 3721
41662 6451
56204 6167
41662 6381
41662 6441
56204 6188
41662 7601
56204 6089
59160 3788
44995 3779
41662 6962
41662 6352
56204 6189
214 3809
7351 3626
7351 7160
41662 6450
56204 6324
4330 5028
49878 3595
49878 6988
41662 6366
56204 3669
214 3783
4330 3789
4330 7592
214 7024
214 6419
214 6713
7351 5186
41520 3686
56664 4066
56664 6665
41662 3660
7351 3728
7351 6151
49878 3613
49878 4748
49878 5111
214 3682
214 6136
214 6905
214 6783
7351 5184
4330 3705
4330 3679
49878 3611
4330 6451
4330 6142
49878 3609
41520 7353
41520 6783
56664 5204
41520 6354
41520 6424
41520 3667
56664 3663
44995 4641
44995 5080
56664 3825
56664 3824
56664 6697
7351 6212
59160 4949
59160 3704
214 6402
214 6373
214 6406
7351 6187
4330 3763
59160 6214
44995 3664
9732 3841
41520 4135
41520 3744
41520 4311
56664 4390
41520 4997
56664 3626
41520 3787
56335 4411
56335 4746
42752 4730
56335 4052
42752 415
56664 3609
56335 3620
44995 3797
44995 6129
44995 3694
44995 4116
44995 3638
44995 6064
44995 3689
44995 3747
44995 3648
44995 4762
44995 5159
44995 3743
44995 4164
44995 6206
44995 3843
44995 3819
44995 4664
44995 5530
44995 3682
44995 3774
48122 864
48122 4950
52918 156
59160 3710
59160 3836
59160 4076
44995 3620
59160 4609
59160 4986
59160 3846
44995 3644
59160 3735
44995 4662
44995 5048
59160 3588
59160 3676
59160 3621
44995 3687
59160 3587
59160 565
59160 3633
44995 3675
59160 3624
39514 3866
9732 3618
9732 6619
59160 6861
44995 6944
59160 4612
44995 5432
44995 3684
44995 3652
44995 3706
44995 6077
44995 3650
44995 3635
44995 3659
44995 4773
44995 5093
44995 3696
59160 6108
44995 3835
44995 3697
41520 3760
59160 6138
44995 3907
59160 6042
44995 3726
44995 3880
59160 4710
59160 4913
44995 3770
59160 3606
59160 9285
59160 5602
44995 4096
59160 3694
59160 4172
59160 3830
44995 4745
59160 3790
59160 2555
59160 3635
44995 3608
59160 6129
59160 4801
44995 4971
59160 3762
59160 6608
44995 5169
59160 3815
39514 7900
39514 6424
39514 3793
9732 3589
9732 6123
59160 3825
44995 3596
59160 6101
44995 3705
44995 3817
44995 4646
44995 5226
44995 3627
44995 3848
64972 6275
44995 3671
44995 6537
59160 277
59160 3631
44995 3602
59160 2944
59160 3641
44995 3625
37772 6320
37772 3817
64972 3595
59160 3640
59160 3691
59160 6044
44995 3665
59160 4763
16681 5110
1321 3817
63784 3758
36137 3873
28968 3770
48122 4086
39514 6256
9732 6170
59160 3906
44995 3601
43974 3881
23494 3806
52167 4663
63784 3797
16681 4941
1321 3630
27588 4273
28968 3699
64453 3656
36137 3586
1321 6704
16681 6333
63784 6362
28968 6496
36137 6373
51497 3722
64972 3748
64972 3715
64972 6038
64972 3618
64972 3669
64972 4717
23494 5049
64972 3806
43974 3644
64972 3708
52167 3620
64972 5989
27588 3749
64972 3712
64453 3600
64972 3672
64972 6019
64972 4241
23494 7381
23494 6628
23494 6416
23494 6418
23494 1149
1321 3616
43974 7317
43974 6490
43974 6367
16681 4827
43974 6560
43974 6422
43974 3762
16681 3628
52167 7522
52167 6385
52167 6414
52167 6358
52167 6426
52167 3806
63784 3741
27588 110376
27588 6455
27588 6425
28968 6036
27588 6423
27588 6564
27588 4665
28968 3615
64453 10148
64453 6359
64453 6787
64453 6419
64453 6339
64453 3719
36137 5630
64972 4156
64972 5983
64972 4306
64972 4153
64972 6020
64972 3700
1321 3719
16681 6317
63784 3889
28968 3749
36137 6339
16681 3849
63784 3637
1321 3875
36137 3603
28968 3726
1321 6321
1321 6272
1321 4848
1321 5171
1321 6157
1321 6133
64972 4063
64972 3938
44995 3662
44995 6039
44995 3666
44995 3772
3013 3801
51497 4024
51497 7112
37772 7001
37772 6333
37772 6430
64972 6251
37772 6886
64972 5234
37772 6510
64972 4003
37772 7017
64972 4915
37772 6472
37772 6799
64972 5122
37772 6686
37772 6789
64972 6542
37772 6551
37772 6535
37772 6140
64972 5215
37772 6433
64972 4899
37772 6828
37772 6687
64972 5119
37772 6423
37772 6405
37772 6450
64972 4988
37772 6772
64972 5459
37772 7006
37772 7059
64972 5883
37772 6385
37772 6619
37772 6882
64972 5555
37772 6443
64972 6197
37772 6399
37772 6455
64972 5432
37772 6387
37772 6454
37772 6404
64972 5423
37772 6587
37772 6385
37772 6765
64972 5161
37772 6837
37772 6574
37772 6784
64972 4892
23494 3659
37772 6397
37772 4006
64972 3598
37772 6843
37772 6399
37772 6946
64972 5226
23494 7026
23494 3659
1321 3615
1321 4529
37772 6786
37772 6367
37772 6233
64972 6065
37772 6406
43974 3709
37772 6389
37772 6414
37772 6192
64972 3681
39514 6212
43974 5165
16681 4879
43974 3786
16681 3595
52167 4677
52167 5159
63784 3706
52167 3710
63784 4712
27588 4203
27588 4944
28968 3639
27588 3653
28968 3605
64453 3690
43974 3660
16681 3647
43974 5208
52167 638
63784 3621
23494 3612
27588 3600
27588 3623
28968 3586
64453 3611
64453 4667
36137 3664
64453 1109
36137 3635
44995 3829
44995 3718
23494 1507
23494 3737
23494 651
23494 3780
59160 3663
59160 3651
44995 3631
37772 4713
59160 5153
44995 3598
3013 3705
6396 3811
37772 6369
37772 6853
37772 6934
64972 4790
37772 6507
37772 6545
64972 6405
37772 6399
37772 6466
64972 6111
3013 7489
3013 6846
51497 4956
3013 6417
3013 6466
3013 6356
3013 3638
51497 3768
37772 6386
64972 4861
37772 6604
37772 6370
37772 6409
37772 6312
64972 3781
37772 6382
37772 6415
37772 6831
37772 6378
64972 5031
37772 6409
37772 6535
64972 4988
51497 3907
23494 4578
23494 4741
1321 5077
23494 3657
23494 3690
1321 3603
23494 6316
23494 3687
1321 3598
23494 3869
59160 3757
59160 3734
59160 6139
44995 3611
59160 6087
3013 3623
9732 3624
3013 3646
3013 3664
51497 3725
1321 3622
44995 3743
7716 4742
6396 3774
6396 7380
44995 4934
44995 3703
59160 2288
44995 3623
7716 7838
7716 7377
6396 7121
7716 6357
7716 6372
7716 3838
6396 3597
6396 5151
6396 5167
6396 6263
7716 5095
7716 3731
7716 3643
6396 3697
6396 4650
7716 6185
6396 3648
7716 4940
63021 3675
36016 3795
28733 3752
41652 3722
41652 3652
41652 6256
22074 3727
38948 3884
38948 3756
38948 3580
38948 3722
37901 4673
37901 333
22074 3708
38948 4869
38948 4763
41652 4948
64972 3790
12706 3612
28733 3600
37772 6763
64972 5201
44062 3736
49616 3816
33324 4077
48306 3833
20012 3590
60593 3805
57622 5007
35358 5004
64763 3837
49031 3633
3096 3624
44995 3808
44995 3707
44995 4701
44995 5104
49626 3891
59160 3611
59160 3623
59160 6080
44995 4886
1321 3773
1321 4700
59160 4968
23494 3754
23494 4605
23494 6197
23494 3736
23494 4739
1321 3811
44995 5030
44995 3700
59160 4179
59160 3688
59160 6115
44995 3647
30211 3927
60851 3653
30211 3687
30211 7054
60851 5766
60851 7548
60851 6435
60851 6252
30211 3612
30211 5153
30211 5007
30211 6678
60851 3788
60851 3665
60851 4169
60851 4705
30211 5246
30211 3658
60851 3702
60851 4816
60851 5038
30211 4573
51886 3763
51285 3916
60851 3698
59160 6113
44995 3596
11814 3611
12541 3760
9517 3598
34006 3659
44995 3716
44995 6085
59160 3653
59160 3722
44995 3621
47121 3806
17424 4872
54103 5577
47121 4959
47121 7064
17238 3725
17424 3599
17424 6734
54103 3603
17238 3633
54103 7403
54103 7002
54103 6213
47121 5346
17238 7596
17238 6402
17238 6271
17424 4834
47121 6038
17424 3673
39450 4000
41969 3818
64972 5123
64972 5195
64972 3791
64972 3772
64972 6023
64972 3850
64972 3799
64972 4706
54103 122
17238 3633
54103 4480
47121 3993
47121 6309
17238 3695
17238 4298
17424 3569
37772 6707
37772 6429
37772 7136
64972 4966
37772 6395
37772 6224
64972 6087
37772 6507
37772 6437
64972 6198
37772 6863
37772 6818
64972 5190
37772 4886
64972 3631
37772 6547
37772 6193
64972 4977
37772 6495
37772 6243
64972 5357
37772 6628
37772 6407
64972 6259
37772 6490
37772 6646
64972 5137
37772 6381
64972 6195
37772 6995
64972 5105
37772 6489
37772 7026
64972 5114
37772 6406
37772 6416
64972 5142
37772 6376
37772 6399
64972 4945
37772 7325
37772 7670
64972 6018
37772 6532
37772 6736
64972 5169
37772 6838
37772 6983
64972 5221
37772 6436
37772 6482
64972 6123
37772 6376
37772 6709
64972 5053
37772 6414
37772 6755
64972 4952
37772 6627
37772 6672
64972 6484
37772 6387
37772 6398
64972 6145
37772 3553
64972 4156
54103 3977
54103 6247
47121 3669
40444 3698
44995 6108
44995 3711
59160 4441
59160 3634
31561 3703
59160 6311
44995 4965
40150 3813
31337 3697
40150 4023
40150 7132
31337 6996
31337 7388
31337 6389
31337 7108
40150 4935
31337 6273
40150 4974
40150 3723
40150 3645
40150 6152
31337 3874
31337 3841
40150 4615
40150 5134
31337 6204
40150 4751
40150 3640
40150 4047
40150 4431
40150 3710
40150 4626
31337 6409
31337 6353
40150 5487
31337 6763
31337 6474
31337 6327
31337 6800
40150 5145
1069 3773
31337 6337
31337 6319
31337 6420
31337 6229
40150 3609
3170 3946
31337 6332
31337 6308
31337 6317
31337 6501
31337 6225
31337 6390
40150 4874
31337 6407
31337 6448
31337 6398
31337 6449
31337 6333
31337 6413
31337 6779
31337 6489
31337 6503
40150 6227
31337 6526
31337 6830
31337 7124
31337 6390
40150 6063
31337 3825
40150 3623
31337 6477
31337 6216
31337 6376
31337 6393
31337 6496
31337 6290
40150 5385
31337 6121
31337 6781
40150 6600
31337 6653
31337 6385
31337 6880
40150 4902
31337 6560
40150 3746
31337 6380
31337 6453
40150 4970
31337 6394
31337 6365
31337 6559
40150 5120
31337 6495
40150 6206
31337 6367
31337 6812
40150 5110
31337 7187
31337 6407
40150 6293
31337 6430
31337 6751
40150 5040
31337 7222
31337 6663
40150 5906
31337 6435
31337 6384
31337 6786
40150 6412
31337 6515
40150 4837
31337 6406
31337 6398
40150 4850
31337 6372
31337 6458
31337 6835
40150 6553
31337 6526
40150 5078
31337 6406
31337 6573
40150 6154
31337 6182
31337 6350
40150 6088
31337 6773
31337 6696
40150 5271
31337 6871
31337 6854
31337 6590
40150 4931
31337 6961
40150 5074
31337 6814
31337 7123
40150 5346
31337 6542
31337 6402
31337 6689
40150 6436
31337 6838
31337 3749
40150 3676
31337 6300
40150 5210
31337 6858
31337 6364
31337 6338
40150 4794
31337 6415
40150 5204
31337 6334
40150 4859
31337 6547
40150 6375
31337 6377
31337 6565
40150 4919
31337 7926
31337 5416
40150 3813
3170 3648
3170 3661
1069 3754
3170 3613
1069 3622
1069 3748
48975 4618
44995 5088
44995 3717
31337 6332
31337 7015
31337 6427
31337 6552
40150 4993
31337 6833
31337 7073
40150 5105
44995 3715
31337 6368
44995 3695
31337 6842
31337 6396
31337 6289
40150 6057
31337 6397
31337 6407
31337 6416
40150 6242
31337 6404
31337 7410
40150 5476
44995 3752
44995 4724
31337 6449
40150 6190
31337 6408
31337 6386
31337 6347
31337 6297
40150 6156
44995 3612
44995 6152
40150 6265
40150 3600
40150 3774
3170 3602
31337 6328
40150 6147
31337 6797
40150 5166
31337 6539
31337 6819
40150 5172
31337 6517
31337 6388
31337 6416
31337 6983
40150 5408
31337 6502
40150 3613
31337 6405
31337 6836
31337 6415
40150 6250
31337 6361
40150 3608
31337 6575
31337 6425
31337 6514
31337 6399
31337 6624
40150 6260
31337 6376
44995 3626
44995 3680
31337 6434
31337 6346
40150 4774
31337 6416
31337 6229
40150 4851
31337 6801
31337 6375
31337 4251
40150 3582
59160 3725
59160 4670
31337 6395
31337 6633
40150 5014
31337 6427
31337 6831
31337 6691
40150 5074
31337 6986
40150 5189
31337 6496
31337 4813
59160 3713
40150 4969
44995 3569
59160 3624
59160 3691
59160 3605
59160 3683
44995 3771
31337 3648
59160 4577
59160 4995
31337 6454
31337 6333
31337 6505
40150 6089
31337 6592
31337 6186
40150 3977
31337 6362
31337 7357
31337 6091
40150 4033
31337 6435
31337 6402
31337 6446
40150 6255
31337 6377
31337 6427
31337 4129
40150 3607
31337 6354
31337 6586
31337 6400
31337 6575
40150 3752
31337 6447
31337 6538
40150 6274
31337 6814
40150 5117
31337 6444
31337 6409
31337 6467
40150 6046
31337 6553
31337 6826
40150 6702
31337 6509
31337 6653
31337 6402
40150 6110
31337 6498
31337 6565
31337 6828
40150 5213
31337 6516
31337 6523
40150 5294
31337 6566
31337 6438
31337 7889
31337 6523
40150 6391
31337 6813
40150 5145
31337 6427
31337 6665
40150 4982
31337 6458
31337 6400
31337 6836
40150 5410
31337 6956
40150 5176
31337 6827
31337 6534
31337 6449
40150 6297
31337 6497
31337 6512
40150 6180
31337 6639
31337 6398
31337 6566
40150 4518
31337 6414
31337 6471
40150 6031
31337 6384
31337 6379
31337 6436
31337 6610
40150 5384
31337 7530
31337 6232
40150 4489
59160 3759
44995 3716
8927 4868
31337 6350
31337 6313
40150 5436
31337 6558
31337 6388
40150 5603
59160 3764
23399 4194
31337 6325
31337 6369
40150 5063
31337 6566
31337 7198
40150 5276
31337 6471
31337 6605
31337 6246
40150 5016
31337 6768
40150 5296
31337 6699
31337 6500
31337 6784
40150 3778
31337 6604
40150 5121
31337 8371
31337 6863
31337 6979
40150 5312
31337 6714
31337 6564
31337 6548
31337 6637
31337 6567
31337 6976
40150 4411
31337 6799
40150 5194
31337 6387
31337 7183
40150 5206
31337 6486
31337 6693
31337 6482
40150 6315
31337 6504
40150 6332
31337 6534
31337 6552
31337 6543
40150 5311
31337 6716
40150 5247
31337 6483
31337 6643
31337 8636
40150 7347
31337 8198
31337 6426
31337 6567
31337 6494
40150 6157
31337 6257
40150 4286
31337 6816
31337 6516
31337 6530
31337 6401
31337 6726
40150 5056
31626 3940
8927 3697
8927 7355
42541 3963
23399 3602
23399 7046
35206 4092
48975 3675
31626 3604
31626 8758
59160 3940
31626 6444
31626 6488
44995 5065
8927 3740
14610 5198
31626 6970
8927 5195
8927 3681
8927 5429
8927 6153
42541 3613
42541 7539
42541 6565
42541 2374
23399 3770
59160 6655
8222 4002
23399 3729
23399 5215
23399 6346
23399 6668
31626 2419
8927 3805
31626 5159
8927 3748
31626 2527
8927 3801
10326 4325
14610 3686
14610 7275
59160 4774
44995 5750
45010 3870
23236 3680
8222 3769
8222 7012
42541 4344
42541 7672
23399 5125
42541 3621
23399 4098
42541 3689
48394 3854
45010 3749
45010 6870
10326 4918
23236 3696
49344 4780
10326 7515
10326 6629
10326 6394
49344 4968
169 3704
14610 4699
169 5000
23236 7158
23236 6399
23236 6571
8222 6320
10326 5800
14610 3950
14610 6059
14610 3810
14610 3725
42541 4938
23399 5280
8222 3737
31626 3795
49344 3716
48394 5011
48394 7355
48394 6382
48394 6415
48394 3852
45010 3675
42541 6676
45010 5092
23236 3617
22425 3740
10326 3763
10326 3737
10326 6025
14610 3654
14610 3768
10326 6461
14610 6157
10326 6385
10326 6418
14610 4899
10326 6496
10326 6458
14610 5956
10326 6478
14610 6077
10326 6396
14610 6096
10326 6356
10326 6390
14610 5093
10326 3985
48394 5142
42541 6476
23399 4002
2293 3790
8222 3726
14610 4056
45010 3773
8746 4052
1576 3628
56875 4172
39467 3632
10326 3741
48312 4807
56505 5038
11449 3759
36031 3919
39187 3632
45613 44628
31920 37190
8075 33127
40150 9788
40150 3922
31337 3762
44995 3664
44995 6046
31337 6532
31337 6426
31337 6328
40150 6109
31337 6430
31337 7792
40150 4891
31337 6827
31337 6420
31337 3812
40150 4747
31337 6459
31337 6726
31337 3745
40150 4598
59160 3721
59160 4980
59160 4185
44995 3603
52155 4997
8224 4997
15473 4050
10261 3708
52155 3935
52155 7141
10261 6085
10261 8272
10261 6492
10261 432
52155 3592
52155 3697
52155 3644
52155 6218
10261 3824
10261 6461
52155 3695
10261 4439
52155 3752
10261 7063
52155 4955
10261 6920
52155 5075
10261 6455
10261 6334
10261 6534
52155 5107
10261 6390
10261 6359
10261 6450
52155 6018
10261 6572
10261 6375
10261 6538
10261 6543
10261 6567
52155 6423
5764 4049
10261 6710
10261 6443
52155 3753
10261 6679
52155 5052
10261 6395
10261 6442
10261 6569
10261 6400
52155 6263
10261 6445
10261 7379
10261 6522
10261 6404
10261 6379
10261 6341
10261 6442
52155 5226
10261 6349
10261 6403
10261 6537
52155 5058
10261 6387
10261 6392
52155 6256
10261 6527
10261 6666
10261 6946
52155 5051
10261 6406
10261 6544
10261 6385
10261 7024
52155 4974
10261 6496
10261 6513
10261 6429
52155 6203
10261 6848
10261 6433
10261 6572
10261 7598
52155 6237
10261 6419
52155 6246
10261 6450
10261 6446
10261 6402
10261 6403
52155 4984
10261 6425
10261 6846
52155 6413
10261 6471
10261 6417
52155 4842
10261 6433
10261 6401
10261 6367
10261 6990
52155 5201
47922 3818
10261 6469
10261 6410
10261 6481
52155 3644
10261 6397
52155 4985
10261 6523
10261 6404
10261 6395
52155 5301
10261 6761
10261 6591
52155 6120
10261 7457
10261 6996
52155 5106
10261 6394
52155 4947
10261 6539
10261 6519
52155 5392
10261 6455
10261 6942
52155 5192
10261 6362
10261 6444
52155 4868
10261 6416
10261 6397
10261 6975
52155 5098
10261 6532
10261 6869
52155 6456
10261 6415
10261 6401
10261 7233
52155 5541
10261 6423
52155 5361
10261 6522
10261 6529
10261 7109
52155 5129
10261 6779
52155 3641
47753 3631
11042 3798
39514 3792
39514 3623
9732 3655
15473 4596
15473 3038
8224 3585
8224 3583
15473 3821
9732 3618
9732 3649
44995 4104
44995 6070
44995 3631
44995 3708
40150 6680
59160 4801
59160 3640
59160 6199
44995 3610
47798 3933
59160 3734
59160 3658
31337 6798
31337 6337
31337 6945
40150 5208
31337 6996
40150 5065
31337 6975
31337 6472
40150 5000
31337 6386
31337 6661
31337 6867
31337 6631
40150 5025
31337 6522
31337 6410
31337 7087
40150 4948
31337 6755
40150 6262
31337 6381
31337 6403
31337 6884
31337 6399
40150 6200
31337 6397
31337 6695
31337 6769
40150 4363
31337 6480
31337 6489
40150 6336
31337 6526
31337 6363
31337 6374
40150 5162
31337 6404
31337 6538
40150 5075
31337 7078
31337 6389
31337 6416
31337 6367
31337 6377
31337 6431
40150 6240
31337 6406
31337 6436
40150 4875
31337 6429
31337 6493
31337 6404
31337 6828
31337 6401
31337 6677
40150 5835
31337 6405
31337 6415
40150 5104
31337 6854
31337 6361
31337 6467
31337 6411
31337 6386
31337 6936
40150 4907
31337 6424
31337 7261
40150 5330
31337 6379
31337 7093
31337 6404
31337 6642
31337 7009
40150 5168
31337 6369
40150 3635
31337 6706
31337 6587
40150 5004
31337 6375
31337 6817
31337 6415
31337 6503
40150 6071
31337 6419
31337 7146
40150 5205
31337 6482
40150 3626
31337 6726
31337 6372
31337 6421
40150 5217
31337 6497
31337 6395
31337 6399
40150 4902
31337 6400
31337 6859
40150 5312
31337 7531
31337 6426
31337 6375
31337 7187
31337 6477
31337 6944
40150 4968
59160 6160
44995 3598
31337 6332
31337 6415
40150 5297
31337 6394
31337 6402
31337 3704
40150 3622
50055 3937
47798 3663
47798 7177
31337 6426
31337 6434
31337 3919
40150 3651
31337 6409
31337 6627
40150 4944
31337 6437
31337 6455
40150 4889
31337 6411
31337 6281
40150 3987
31337 6925
31337 7304
40150 5655
31337 6436
31337 6406
31337 6370
31337 6559
31337 6375
31337 6477
31337 6637
40150 5053
31337 6576
40150 5133
31337 6878
31337 6933
40150 5160
31337 6474
31337 6351
31337 6348
31337 6522
31337 5715
40150 5143
50055 4606
50055 7510
50055 6443
50055 6686
47798 5049
50055 6266
47798 4489
39514 3720
9732 3591
47798 3753
47798 6789
50055 3785
50055 6233
47798 5053
40150 3693
31337 6293
31337 6491
40150 5058
31337 6412
31337 6196
31337 6344
31337 3675
40150 3628
8222 6463
8222 5257
23236 3628
23236 6947
8222 5072
40150 3918
17106 3812
40150 3736
40150 6036
40150 3665
52155 3735
44995 6007
44995 3817
44995 3678
44995 4731
40150 5036
44995 3666
44995 3789
40150 6631
45010 6512
40150 3707
48025 3819
17106 3611
17106 7557
31337 5957
31337 6243
10261 6386
59160 4887
59160 552
59160 3652
44995 3695
59160 3630
59160 4699
48394 6386
48394 6798
45010 4888
48025 3687
48025 7692
48025 6453
48025 6643
17106 5057
31337 7165
31337 6389
40150 6075
31337 6346
40150 3588
31337 6407
31337 6813
40150 4923
31337 7158
31337 6367
31337 6424
31337 6359
40150 3804
31337 6561
31337 6540
31337 6484
48025 6802
40150 5189
17106 3611
31337 6433
40150 6015
31337 6376
31337 6832
40150 5076
31337 6507
31337 6493
31337 6510
31337 6490
31337 6692
40150 5073
31337 6476
31337 6385
40150 6171
31337 6420
31337 6369
40150 3620
31337 6537
31337 6477
31337 1307
40150 5416
31337 6346
40150 4863
31337 6312
31337 6668
31337 6361
40150 7228
31337 6397
40150 5172
31337 6540
31337 6339
31337 6444
40150 4807
31337 7142
40150 5474
31337 6379
31337 6399
31337 6532
40150 6353
31337 6391
31337 7159
31337 6975
40150 5080
31337 6475
31337 6401
40150 6189
31337 6477
31337 6358
31337 6774
40150 5160
31337 6398
40150 5266
31337 7012
31337 6973
40150 5061
31337 6435
31337 6616
40150 4938
31337 7184
31337 6552
40150 6339
31337 6394
31337 6636
40150 6160
31337 6408
31337 6859
31337 6378
40150 3675
31337 6366
31337 6429
40150 5337
31337 6393
40150 6076
31337 6436
31337 6368
31337 6717
40150 6581
31337 6421
40150 6215
31337 6576
31337 6434
31337 6431
40150 6246
31337 6384
40150 6038
31337 7338
31337 6407
40150 6280
31337 6403
40150 3780
31337 6340
31337 6379
40150 5057
31337 6895
31337 6555
31337 6406
31337 7254
40150 6710
31337 6445
31337 6487
40150 6087
31337 6355
31337 6103
40150 3628
31337 6455
31337 6959
40150 5203
31337 6497
31337 6416
40150 4838
31337 6608
31337 6533
31337 6440
40150 6287
31337 6433
31337 8268
40150 6732
31337 6417
40150 6090
31337 6409
31337 6816
40150 6547
31337 6505
31337 6424
40150 5460
31337 6384
31337 6397
31337 6387
40150 6222
31337 6942
40150 5308
31337 6628
31337 6428
31337 6373
31337 6464
40150 6291
31337 6440
31337 6396
40150 4993
31337 6829
31337 6532
31337 6996
40150 4905
31337 6898
40150 5187
31337 6414
31337 6533
31337 6940
31337 6364
40150 6212
31337 6451
31337 6566
40150 6364
31337 6541
31337 6847
40150 4915
31337 6371
31337 6398
31337 6386
31337 6530
31337 6428
31337 6465
31337 6414
31337 6405
40150 6059
31337 6326
17106 3667
17106 4661
17106 613
17106 5069
17106 3856
59160 6228
44995 3633
24031 3769
31337 6474
40150 5386
31337 6370
31337 6419
31337 6868
31337 6367
40150 5385
31337 6335
31337 6379
40150 4978
31337 6424
31337 6381
31337 6294
40150 3680
31337 6582
40150 3768
31337 6557
31337 6405
31337 6504
40150 4887
31337 6402
31337 6398
40150 6209
31337 6520
31337 6384
31337 6504
31337 7252
40150 5609
31337 6421
31337 6374
31337 6912
40150 5216
31337 6377
31337 6369
31337 6388
40150 4870
31337 7023
31337 6511
31337 6473
31337 6208
40150 5245
31337 6378
31337 6381
31337 597
40150 3767
31337 6366
31337 6399
31337 6417
40150 6216
31337 6375
31337 6504
40150 6011
31337 6839
31337 6409
31337 6416
40150 5219
31337 6443
31337 6884
40150 5408
31337 6461
31337 6347
31337 6832
40150 5180
31337 6371
31337 6395
31337 6976
40150 6669
31337 6676
40150 5332
31337 6394
31337 6514
31337 6351
31337 6888
40150 4928
31337 6378
31337 6256
40150 4970
31337 6413
31337 6387
31337 6576
40150 5273
31337 6364
31337 6384
31337 6329
31337 6482
31337 6405
31337 6577
31337 6726
31337 6412
40150 6099
31337 6428
31337 6374
31337 6364
31337 6281
31337 6856
31337 6413
31337 6395
31337 7162
40150 6977
31337 6389
31337 6386
31337 6437
31337 6473
31337 6376
31337 6399
31337 6486
31337 6423
40150 6235
31337 6397
31337 6838
31337 6438
31337 6479
31337 6887
31337 6350
31337 6618
31337 6400
40150 6153
52155 4196
31337 6342
31337 6225
31337 6875
31337 6427
31337 6425
31337 6813
31337 6372
31337 6850
31337 6708
40150 5107
31337 7633
31337 6459
31337 6377
31337 6387
31337 6425
31337 6455
31337 6448
31337 6406
40150 5098
31337 6374
31337 6394
31337 6414
31337 6388
31337 6570
31337 6373
31337 6378
31337 6824
31337 6444
40150 6640
31337 3794
31337 6383
31337 6499
31337 6409
31337 6681
31337 6841
31337 6475
31337 6535
31337 6897
40150 5224
31337 6407
31337 4893
31337 6383
31337 7164
31337 6427
31337 6513
31337 6396
31337 6372
40150 4832
31337 6419
31337 6374
31337 6376
31337 6319
31337 6369
31337 6535
31337 6451
31337 6414
31337 6397
40150 5301
31337 7077
31337 6501
31337 6356
31337 6452
31337 6564
31337 6383
31337 6378
31337 6387
40150 4836
31337 6411
31337 6373
31337 6392
31337 6691
31337 6519
31337 6525
31337 6411
31337 7912
31337 6551
40150 6369
31337 6838
31337 6374
31337 6851
31337 6526
31337 6522
31337 6479
31337 6372
31337 6570
40150 6280
31337 6390
31337 6436
31337 6378
31337 6369
31337 6374
31337 6419
31337 6517
31337 6570
40150 6192
31337 6430
31337 6410
31337 6627
31337 6398
31337 6497
31337 6792
31337 6374
31337 6409
31337 6608
40150 4920
31337 6764
31337 7982
31337 6537
31337 6374
31337 6408
31337 6406
31337 6373
31337 6497
40150 6622
31337 6388
31337 6519
31337 6524
31337 5120
31337 6530
31337 6337
31337 6390
31337 6517
31337 7287
40150 4892
31337 6754
40150 4898
31337 6400
31337 6405
31337 6508
31337 6490
31337 6420
31337 6376
31337 6383
31337 6379
40150 5705
31337 6456
31337 6550
31337 7095
31337 6535
31337 6554
31337 6463
31337 6987
40150 5073
31337 6370
31337 6385
31337 6555
31337 6505
31337 6419
31337 6379
31337 6514
31337 6582
31337 3619
31337 6295
40150 5031
31337 6413
31337 6518
31337 6217
31337 6509
31337 6382
31337 6665
15663 3775
59160 3869
48025 3635
48025 6118
48025 4741
48025 5144
48025 6392
48025 6283
48025 6413
40150 6204
17106 6102
24031 3686
24031 7169
48025 6175
48025 6418
48025 6362
48025 6350
48025 6367
48025 6405
48025 6378
48025 6417
48025 6347
48025 6468
17106 5222
17106 3720
59160 6088
44995 3858
31337 6398
31337 6814
31337 6744
31337 6396
31337 6337
31337 6656
31337 6898
31337 6232
31337 6383
40150 5197
31337 6407
31337 6873
31337 6370
31337 6417
31337 6895
31337 6389
31337 6887
40150 4904
15663 3699
15663 8066
15663 6615
24031 5029
48025 6575
17106 6345
48025 6421
48025 6354
48025 6386
48025 6494
17106 6091
48025 6409
17106 5370
48025 6822
48025 6389
48025 6478
48025 6581
48025 6922
17106 5188
48025 6585
17106 3623
48025 6330
48025 6376
48025 6394
17106 6193
48025 6862
48025 6469
17106 6145
48025 6909
48025 6378
48025 6393
48025 6412
17106 6201
48025 6381
48025 6394
17106 5283
48025 6376
48025 6673
17106 5047
48025 6541
48025 6455
17106 6268
48025 6447
48025 6533
17106 6415
48025 9377
48025 7299
17106 4941
24031 3754
24031 6472
24031 6125
48025 6536
48025 6767
17106 5193
48025 6413
48025 6500
17106 6043
48025 6420
48025 7669
17106 5875
48025 6422
48025 6397
17106 6207
48025 6528
48025 6388
48025 7127
17106 5487
48025 6572
17106 6305
48025 6382
48025 6493
48025 6410
17106 5074
48025 6412
17106 6080
48025 6385
48025 6681
17106 6443
48025 6364
48025 6445
17106 6298
48025 6721
48025 6474
17106 4970
48025 6375
48025 6364
17106 6237
48025 6422
48025 6645
17106 4960
48025 7412
48025 6427
17106 6066
48025 6419
48025 6497
17106 5016
48025 7122
48025 6777
17106 5183
48025 6389
48025 6765
17106 5378
48025 6426
48025 6530
17106 6193
48025 6432
48025 6634
17106 6516
48025 6349
48025 6407
17106 6120
48025 6755
48025 6448
17106 6310
48025 6368
48025 6510
48025 6464
17106 6218
15663 5137
15663 3716
24031 3610
24031 4760
15663 7494
48025 6409
48025 6691
17106 5099
48025 6671
48025 6406
17106 6237
48025 6403
17106 6100
48025 6369
48025 6380
48025 6396
17106 6070
48025 6437
17106 5078
48025 6515
48025 6525
48025 3739
17106 3620
48025 6384
48025 6452
17106 6299
48025 7044
17106 4945
48025 6835
48025 6495
48025 6432
17106 6229
48025 6614
17106 3652
48025 6449
48025 6455
48025 6855
48025 7259
17106 5218
48025 6534
48025 6471
48025 6390
48025 6455
17106 4941
48025 6412
48025 6411
48025 7182
17106 5417
48025 6495
17106 4964
48025 6351
48025 6423
48025 6373
48025 3710
17106 3594
48025 6506
48025 6358
48025 6429
17106 6260
48025 6386
17106 4912
48025 6546
48025 6389
17106 6075
48025 7378
48025 6593
17106 4998
48025 6621
48025 6926
48025 6379
48025 6386
17106 3635
31337 6340
31337 6460
40150 6260
31337 6326
31337 6626
31337 6798
40150 6628
48025 6398
48025 6424
17106 6103
48025 6516
48025 6828
48025 6478
17106 6279
48025 6381
48025 6768
48025 6449
17106 6268
48025 6411
48025 6421
48025 6241
17106 3636
48025 6458
17106 5299
48025 6407
48025 6540
17106 6346
48025 6416
48025 7033
48025 6829
17106 4944
48025 6386
48025 6372
17106 5142
48025 6678
17106 5097
48025 6833
48025 6417
17106 6266
48025 6372
48025 6386
48025 6481
17106 6248
48025 6418
17106 6016
48025 6525
48025 6408
48025 6675
17106 5038
48025 6575
17106 6234
48025 6533
48025 6793
48025 6392
17106 6093
48025 5055
17106 3590
48025 6427
48025 6350
48025 6407
48025 7028
17106 5847
48025 6377
48025 6588
17106 6331
48025 6399
48025 6415
17106 6211
48025 6829
48025 6482
48025 6947
17106 5139
48025 6389
48025 6675
17106 6545
24031 3591
15663 4077
40150 3756
40150 6535
40150 6335
44995 4131
44995 4814
31337 3651
59160 3587
59160 3661
59160 4842
44995 3689
61010 5212
31337 6232
34294 3822
61010 3617
61010 8091
40150 4817
34294 3786
34294 7769
34294 6437
34294 6234
61010 3614
61010 4714
61010 5026
61010 6324
34294 3898
34294 5219
61010 4935
61010 3639
34294 6162
17106 3696
61010 3666
40150 6164
34294 3610
48025 6313
48025 7094
17106 5683
48025 6362
48025 6345
48025 7100
17106 6187
48025 6821
48025 6371
48025 6752
17106 5192
48025 6537
48025 6557
17106 6090
48025 6890
48025 6444
17106 3614
48025 6390
48025 6482
48025 6517
17106 6322
48025 6993
17106 5099
48025 6361
48025 6615
48025 6426
17106 4861
48025 6333
17106 4794
48025 6393
48025 6318
17106 6047
48025 6349
48025 6459
48025 6408
48025 7132
17106 5144
48025 6589
48025 6977
17106 5180
48025 6415
48025 6471
48025 6581
48025 6350
48025 6814
17106 5208
48025 7001
17106 5755
48025 6421
48025 6561
48025 6357
48025 6330
17106 4845
31337 6386
31337 6377
31337 6825
40150 4918
31337 6309
31337 6427
31337 6247
40150 4915
31337 6374
31337 6767
40150 4874
40150 3737
44995 6164
44995 3747
59160 3627
59160 3635
59160 6116
44995 3587
31337 6311
31337 6466
31337 6352
31337 4812
40150 4933
24031 3674
15663 4521
15663 7319
40150 5129
31337 6351
31337 6357
31337 6408
40150 3608
31337 6375
31337 6565
40150 5684
31337 6469
31337 6374
31337 3942
40150 3673
31337 6418
31337 6540
31337 6405
31337 6386
31337 350
40150 3651
31337 6392
31337 6443
31337 6394
40150 3639
31337 6380
31337 6898
31337 6331
40150 4248
31337 6386
31337 6337
31337 7164
31337 6856
40150 4902
31337 6521
31337 6372
31337 6454
31337 6260
40150 5168
31337 6373
31337 6513
31337 6495
31337 6434
31337 6422
31337 3682
40150 3594
24031 3662
52155 3690
52155 4724
40150 5127
10261 3757
10261 6729
10261 3749
52155 3620
10261 6330
10261 3812
52155 3710
38188 3984
44995 5526
44995 5213
45653 3787
48185 3604
31337 6345
31337 6824
31337 6650
40150 5041
31337 6401
31337 6242
31337 6377
31337 6539
31337 6275
40150 5543
31337 6417
31337 6136
40150 3696
59160 3645
5629 3807
45653 3597
45653 7174
59160 4707
44995 3653
1858 5032
5629 3668
5629 7328
5629 6401
5629 6393
45653 3644
45653 3781
45653 6120
45653 3789
45653 6417
45653 3801
5629 6209
5629 3681
45653 3624
45653 5295
5629 2267
6953 3761
1858 3619
1858 7094
21276 1031
22760 3784
6953 3706
6953 7783
6953 6392
6953 6381
6953 3890
1858 3634
1858 6075
1858 3708
1858 6134
5629 3663
6953 4195
6953 3696
1858 4714
1858 5157
6953 4695
1858 6045
1858 6362
54103 3736
47121 3609
6953 3645
6953 3642
6953 3608
6953 6198
6953 4475
1858 4331
5629 6146
45653 3607
6535 3663
6535 5023
17230 4958
12769 3630
43385 3738
20702 3616
64399 3762
47121 3769
17230 2251
51497 3612
22760 3601
22760 4608
3013 3812
3013 5039
54103 3652
6535 3652
17230 3600
21276 3601
26076 3606
41243 3831
9434 3560
24971 3677
61010 6603
61010 6405
1858 3797
1858 6333
44995 3623
44995 5355
34294 1555
59160 3621
59160 3677
34294 4918
6953 5138
6953 3815
6953 4708
1858 3912
44995 5000
61010 4051
48028 3661
59160 3776
30320 4773
17424 5089
25203 3901
503 3923
30320 3598
61938 4579
25203 3803
30320 7253
25203 5316
64180 4711
37764 4277
503 3575
61938 3761
61938 7771
61938 6398
61938 6211
25203 5232
503 7231
503 6907
503 6214
30320 6145
25203 5268
30320 3669
30320 4085
25203 3680
25203 6175
44995 3714
61938 4789
23189 3607
503 5146
503 3666
30320 3626
30320 3586
503 3712
61938 5988
30320 3598
25203 3615
25203 3603
17238 3806
17238 3727
17424 3765
61938 3749
61938 6533
61938 6350
25203 4857
61938 6453
61938 6809
61938 6359
61938 6394
61938 6377
61938 6881
61938 6387
61938 6969
25203 4930
61938 6361
61938 6655
61938 6383
61938 6495
61938 6445
61938 6710
61938 6533
25203 5177
61938 6401
61938 6428
61938 6708
61938 6501
61938 6394
61938 6402
61938 6375
61938 6441
61938 6417
61938 6430
25203 6035
61938 6505
61938 6410
25203 6116
61938 6817
61938 6453
61938 6377
61938 6412
25203 5346
61938 7238
61938 6370
61938 6890
61938 6398
61938 6413
61938 6536
61938 6431
61938 6417
61938 6415
25203 6130
61938 6541
61938 6501
25203 5038
61938 6437
61938 6435
61938 6548
61938 6384
61938 6496
61938 6447
25203 6071
61938 6381
61938 6604
61938 6424
25203 6255
61938 6353
61938 6426
61938 6472
61938 6421
61938 6783
61938 6433
61938 6590
61938 7201
25203 5912
61938 6393
61938 6534
61938 6402
61938 6822
61938 6385
61938 6525
61938 6432
25203 4824
61938 6384
61938 6506
61938 6455
61938 6389
61938 6947
25203 5173
61938 6373
61938 6362
61938 6336
25203 5526
22298 5012
64404 3888
38545 4610
9537 5183
16901 6326
23495 5777
64004 4285
15302 4267
60673 3728
41100 3765
8633 3628
10457 3791
47258 3642
1501 4141
155 3630
27280 3688
26076 3903
46400 3788
27198 3690
19379 3869
44995 3674
44995 6175
59160 3621
59160 3648
59160 3713
44995 3583
26686 3912
37951 4683
9797 5057
26686 3797
26686 7031
46660 3686
37951 3699
37951 6506
9797 3678
9797 7669
9797 6404
9797 5148
26686 3986
46660 3640
46660 7528
46660 6380
46660 6279
37951 3639
26686 4214
37951 2305
26686 3787
26686 6263
9797 1009
9797 3627
26686 3623
26686 3632
9797 3587
9797 6275
26686 3663
46660 3849
46660 3698
37951 160
44995 5011
44995 3753
59160 4121
59160 6104
44995 3784
26686 3668
9797 4197
18940 3793
9797 6773
9797 5900
9797 6822
26686 5056
9797 6648
9797 6331
9797 6434
9797 7071
26686 6961
9797 6380
9797 5103
26686 4059
2748 3794
44995 3672
44995 4739
59160 4912
59160 3801
59160 3860
44995 4775
43955 3769
22450 5178
5042 4166
64541 3748
27676 3649
39964 3678
43955 3630
22450 3609
5042 3756
5042 7168
22450 6597
43955 6942
39964 5136
27676 3663
64541 3610
64541 7200
64541 6412
64541 6393
43955 5209
27676 7364
27676 6906
27676 6895
22450 5175
39964 7327
39964 6427
39964 7124
5042 5484
43955 5443
22450 3695
5042 3638
43955 6147
22450 6196
5042 3828
64541 6134
64541 4891
43955 3695
27676 5102
27676 6183
22450 3579
39964 4702
39964 6152
5042 5018
27676 6397
27676 6382
27676 6529
27676 6711
22450 4910
27676 6498
27676 6497
27676 6443
27676 6363
27676 6414
27676 6874
64541 6391
64541 6380
64541 6385
64541 6439
22450 3639
43955 3730
27676 6890
27676 6510
22450 4067
64541 6576
64541 6394
64541 6439
64541 6428
64541 6544
64541 6399
64541 6833
39964 6353
39964 6882
5042 5178
43955 3669
39964 6395
39964 6391
39964 6460
39964 6483
39964 6531
39964 6431
39964 6417
39964 6474
39964 6268
5042 4857
44386 3680
44386 4210
23193 3676
44386 3769
23193 4576
23193 5013
44386 3638
4504 3634
4504 3774
4504 3596
62679 3572
62679 3621
4504 4636
33031 4987
61573 3824
44995 3640
44995 3826
61363 3776
5042 6210
43955 6155
22450 6170
64387 3820
1922 3824
44995 3662
44995 6059
26686 3914
59160 3744
59160 5112
59160 5309
44995 3777
60102 3776
5831 3659
26920 7029
3101 5516
61363 3595
61363 6836
39964 6573
39964 6645
5042 4955
52098 3857
19609 3849
60102 3593
60102 7168
64541 6494
27676 6379
27676 5080
64604 3827
22450 3615
64387 3585
27741 3805
1922 3629
56472 4987
5831 4992
64387 6950
59160 3935
1922 6402
59160 3741
5831 6508
59160 6182
44995 4956
19263 3824
19263 3671
5042 6152
26686 5186
26686 6516
19609 4147
19609 4722
60102 6314
56472 3615
56472 4350
3101 4725
5831 6186
37116 6214
3101 7024
3101 6489
3101 6813
61363 5036
61363 3702
61363 6140
15454 5776
52098 3797
52098 7089
9797 3745
9797 4720
26686 5052
64604 3621
27741 3583
64604 4910
27741 6929
51468 1371
51468 3739
64387 4470
19609 7102
19609 6404
19609 6840
60102 4929
39964 4846
5042 4890
1922 3842
64387 6160
1922 6168
9797 3685
60102 3676
56472 7014
56472 6745
56472 6326
5831 5143
5831 5992
60102 6226
5831 6673
43955 5072
9797 6390
3101 3752
3101 6139
61363 3636
3101 6398
19609 6117
3101 6317
61363 4822
19609 6122
60102 3730
15454 3753
56472 6296
56472 3796
5831 3765
15454 7388
15454 6460
15454 6820
52098 5798
19609 6847
19609 6404
19609 6830
19609 6478
19609 6375
60102 5120
19609 6408
19609 6970
60102 5387
19609 6397
60102 3673
19609 6446
19609 6590
19609 6390
60102 4858
19609 6278
64604 5130
60102 3692
56472 6381
56472 6908
5831 5178
56472 6829
56472 6490
56472 6406
56472 6433
56472 6410
56472 6303
5831 6056
27741 3765
64604 6715
64604 6924
64604 6408
64387 4858
64604 6364
64604 6423
64604 6400
64604 6409
64604 6399
64604 6662
64387 5031
64604 6794
64604 6369
64604 6550
64604 6492
64604 6654
27741 6535
27741 3820
64387 4619
1922 4990
52098 3721
52098 6213
19263 3732
26920 3638
64604 6418
64604 6465
64604 6500
64604 6357
64604 6427
64604 6538
64604 6338
64604 6425
64604 7034
64387 6756
64604 6690
64604 6507
64604 6415
64604 6370
64604 6387
64604 6815
64387 5066
9797 3621
15454 6118
15454 6263
26686 3619
52098 3754
15454 6427
54520 3799
30108 3586
52098 3624
51468 4660
51468 7403
19263 5802
51468 6510
51468 7013
19263 5085
51468 6480
51468 6382
19263 5035
51468 6728
51468 6812
19263 5339
51468 6395
51468 6466
19263 6257
51468 6960
51468 6580
19263 6133
51468 6810
51468 6545
19263 5139
19263 4279
8934 3619
50091 3882
51468 3602
26686 3682
9797 2610
26686 4589
22450 5150
27676 6389
27676 6385
27676 6867
22450 4941
27676 6511
27676 6351
27676 6548
22450 5059
27676 6633
22450 5026
27676 6421
27676 6369
27676 6381
27676 6423
22450 4962
27676 7015
27676 6401
27676 6310
22450 4869
26686 3670
26686 6761
9797 5166
9797 3660
9797 4756
26686 4896
53137 3699
7641 3818
19263 3858
19263 3747
5831 6224
60102 6364
26686 3723
26686 6365
26686 6384
26686 5017
56472 6604
56472 6396
56472 6964
5831 5193
56472 6371
56472 6391
5831 6204
56472 6614
56472 6436
56472 6426
56472 6581
5831 4707
19609 7076
56472 6842
56472 4780
19609 6893
5831 5224
60102 3648
19609 6417
19609 6377
19609 6989
60102 5099
19609 6364
19609 6359
19609 6700
60102 5599
51468 3662
51468 3609
51468 6237
51468 6410
19263 6287
51468 6955
19263 5184
51468 6426
51468 6450
19263 6031
51468 6393
51468 6859
19263 6454
51468 6423
51468 7006
19263 5066
51468 6695
51468 6865
19263 6444
51468 6416
51468 6401
19263 4917
51468 6959
19263 5208
51468 6369
51468 6423
19263 5395
51468 6444
51468 6440
19263 5244
51468 6391
51468 6405
19263 4865
9797 608
9797 3791
51468 6720
51468 6964
19263 5193
51468 6445
51468 6620
19263 6211
51468 6371
51468 6818
19263 5370
51468 6381
51468 7060
19263 5038
51468 6972
19263 3621
51468 6402
51468 6411
19263 6229
51468 6401
51468 6525
19263 5063
51468 6848
51468 6774
19263 5174
51468 6424
51468 6527
19263 5059
51468 6371
51468 6409
19263 6102
51468 6406
19263 6039
51468 6395
19263 4791
9797 3743
51468 6887
19263 5226
51468 6414
19263 6248
51468 6385
51468 6472
19263 6319
51468 6364
19263 3609
51468 6854
19263 5227
51468 6955
51468 6418
19263 6213
51468 6632
19263 5062
51468 7424
19263 5139
51468 6508
19263 5278
51468 6836
51468 6571
19263 5091
51468 6422
51468 6865
19263 4936
51468 1574
19263 5202
26686 6038
26686 6498
26686 3770
9797 3733
44995 6771
44995 3729
9797 538
9797 3664
26686 3628
59160 6059
59160 3745
44995 3738
9797 3763
8633 6625
8633 3663
10457 3605
10457 3640
10457 4485
10457 6882
8633 5069
10457 6366
10457 6403
8633 4867
26686 3707
10457 1356
8633 5048
8633 3620
10457 3613
5281 3603
162 3575
29185 3960
33284 3724
59552 3604
57856 4673
53313 4970
53313 3663
53313 3600
17871 3724
17871 3601
53313 3762
19263 3675
44995 6026
44995 3753
44995 3786
44995 4134
51468 4771
51468 5215
51468 6896
19263 5078
51468 6439
51468 6414
51468 4802
19263 3715
51468 5084
19263 3609
19263 4092
59160 3602
59160 3715
59160 6088
44995 3605
38468 3839
59160 3764
59160 4210
59160 6666
44995 4984
19782 3856
51468 3627
245 3663
38468 3570
38468 7097
57156 3642
19782 3627
19782 7152
245 4783
245 7169
38468 3821
38468 4160
38468 6165
57156 3626
57156 5735
19782 5039
19782 3670
19782 5226
245 3002
38468 4946
38468 4093
245 4805
245 6410
245 6223
245 3645
38468 3614
38468 3759
57156 6190
19782 3729
57156 4795
57156 5591
19782 3844
57156 7114
19782 4935
57156 6394
19782 6223
57156 6422
57156 6699
57156 6346
57156 6393
19782 6149
57156 6788
19782 5522
57156 6944
19782 5611
57156 6832
19782 4945
57156 6974
19782 5124
57156 6387
57156 6401
19782 5999
57156 6796
19782 6684
57156 6400
19782 4897
57156 6509
57156 6570
19782 6175
57156 6405
19782 6068
245 4071
57156 6965
19782 5182
57156 6403
19782 3611
57156 6386
57156 6455
57156 6355
19782 4846
19782 3726
31947 4574
57156 3765
39866 5114
4169 5033
4169 1253
54728 2236
4169 3682
64399 3634
64399 3784
20702 4676
20702 4923
17570 3681
64675 3713
47267 3607
64399 3600
29188 3818
4613 3692
57861 3735
11730 3690
49421 3807
47646 4623
20258 4986
45120 3693
45120 3672
45120 3785
64974 3589
64974 3642
45120 3664
19263 5994
51468 3630
19263 3701
51468 3785
51468 4153
19263 3690
51468 6497
51468 6498
19263 6062
51468 6404
51468 6521
19263 4979
51468 3837
51468 3635
19263 3750
20656 3777
5296 3584
59569 3666
42059 3863
50250 3660
21579 4822
41243 1430
26076 3631
26076 3591
41243 3605
13306 3641
54407 3747
24971 1372
9434 1511
24971 4016
55640 3778
22967 3787
50986 3642
32555 4078
20208 3632
12017 3712
26686 6108
26686 6299
44995 3625
44995 3791
9797 3622
59160 4683
59160 5003
9797 385
26686 3779
44995 3598
59160 3694
59731 3801
5458 3921
44995 4623
17176 5036
49493 3906
36632 3628
17728 3737
5458 3633
5458 7005
54593 4276
35515 3602
59731 3624
59731 6506
55992 3586
30024 3720
49493 3626
49493 7042
17728 4104
17728 7725
17728 6388
17728 6439
17728 6277
5458 3642
5458 3830
60987 3721
23391 3727
54593 3597
54593 7049
54593 6414
54593 6392
54593 6097
59731 3747
59731 3708
17728 6119
5458 6219
63903 4836
30024 3628
30024 7199
30024 6482
30024 7034
30024 5271
49493 3818
49493 4667
48564 5577
54593 3818
59731 4048
17728 6148
14105 3744
29465 3643
5458 4089
58129 3677
30024 6735
49493 5158
19129 3655
47801 3651
35493 3633
52386 3677
53767 6797
44995 4650
44995 5040
59160 3624
44995 3631
15147 3771
57073 4061
59160 6121
4705 3861
44995 3621
22113 3709
57463 3686
4705 3619
4705 7005
4215 3669
22113 4632
22113 6504
57463 3585
57463 7329
57463 6563
4705 5411
57463 6541
57463 5710
4705 4905
4705 4409
4705 6026
4705 3794
4215 3664
4215 7145
4215 6383
22113 6200
4215 6423
4215 6158
22113 5139
22113 3733
57463 1393
57463 3696
57463 6141
57463 3658
4705 3613
4705 3759
57463 7843
57463 6935
4705 6632
57463 6945
4705 5116
57463 6416
4705 5284
57463 6574
4705 3630
57463 6635
4705 5024
57463 6500
57463 6406
4705 4910
57463 7221
57463 6909
4705 4932
57463 6376
57463 6388
4705 5413
57463 6518
57463 6786
4705 2528
44995 3761
44995 4167
44995 3667
44995 6186
44995 3681
44995 3786
59160 3580
59160 4783
59160 4944
59160 3806
44995 3600
59160 3640
59160 3621
44995 3602
4215 6092
4215 3663
22113 3722
42295 3792
42295 511
30427 1210
42295 6245
57463 3702
59160 3829
4705 6202
4705 3756
4705 3826
4705 3784
4705 6016
44995 3795
51992 3765
10936 3642
57463 3926
57463 3704
57463 3692
57463 1428
57463 6388
57463 6405
4705 6168
57463 6664
57463 6432
4705 4864
57463 6574
57463 6421
4705 5361
57463 6450
57463 7008
4705 5235
57463 6418
57463 6366
4705 4515
57463 6460
57463 7183
4705 5809
57463 6514
57463 6709
4705 5066
57463 6425
57463 6370
4705 4989
57463 6366
57463 6371
4705 6198
57463 6589
57463 6383
4705 6122
57463 6391
57463 6420
4705 3761
57463 6422
57463 6913
4705 5042
57463 6399
57463 6757
4705 5185
57463 6486
57463 6415
4705 6087
57463 6581
57463 7156
4705 5035
57463 6414
57463 6479
4705 6248
57463 6879
57463 6678
4705 5032
57463 6455
57463 6991
4705 5430
57463 6398
57463 6829
4705 6690
57463 6450
57463 6998
4705 5231
57463 6395
57463 6936
4705 5101
57463 7184
57463 6885
4705 5067
59160 6141
45112 3818
44995 3703
50233 3693
57463 6489
57463 6422
4705 5222
57463 6421
57463 7372
4705 4919
57463 6547
57463 6816
4705 5179
57463 6448
57463 7360
4705 7078
57463 6403
57463 6561
4705 6410
57463 6610
57463 6965
4705 5060
57463 6413
57463 6982
4705 5106
57463 6402
57463 6485
4705 5021
57463 6379
57463 6417
4705 5155
57463 6398
57463 6465
4705 6245
57463 6393
57463 6369
4705 5036
57463 6418
57463 6517
4705 6256
57463 6432
57463 6407
4705 4992
57463 6415
57463 7004
4705 5393
57463 7301
57463 6601
4705 4928
57463 6516
57463 6571
4705 5111
57463 6436
57463 6754
4705 5285
57463 6469
57463 6513
4705 5172
57463 6366
57463 6628
4705 5387
57463 6392
57463 6643
4705 5056
57463 6418
57463 6412
4705 5124
57463 6488
57463 7750
4705 5963
10052 4399
45112 3726
45112 6923
44995 4670
4705 5062
59160 3725
5958 3828
50233 3642
50233 8088
57463 6370
57463 7129
4705 5189
57463 6502
57463 6425
4705 5419
57463 6586
57463 6407
4705 6105
57463 6545
4705 5400
4705 4666
57463 6817
57463 6409
4705 6095
57463 6792
57463 6557
4705 5273
57463 6389
57463 6785
4705 5192
57463 6993
4705 5287
57463 6789
4705 5162
57463 6440
57463 6675
4705 4677
57463 6464
57463 6421
4705 6118
57463 7335
57463 6374
4705 5104
57463 6440
57463 7034
4705 5078
57463 6406
57463 6540
4705 5079
57463 6412
57463 6915
4705 5181
57463 6526
57463 6966
4705 4973
57463 6394
57463 7498
4705 5882
57463 6439
57463 6682
4705 6440
57463 6579
57463 6427
4705 5161
57463 6378
57463 6949
4705 4977
57463 6389
57463 6374
4705 4848
57463 6798
57463 7900
4705 6157
57463 6397
4705 6230
57463 6432
4705 5409
10052 4996
10052 8403
10052 6939
45112 4943
10052 6632
10052 4873
45112 3834
45112 6019
45112 4907
57463 4058
5958 4943
5958 7401
5958 7005
50233 4925
5958 6477
5958 4298
50233 3683
50233 6511
57463 6385
57463 6828
4705 6422
57463 6628
57463 6392
4705 5299
57463 6418
57463 6697
4705 6325
57463 7302
57463 6403
4705 6159
57463 6445
57463 6762
4705 4909
57463 6568
57463 6476
4705 6031
57463 6380
57463 6827
4705 5204
57463 6513
57463 6771
4705 5372
57463 6376
57463 6841
4705 5102
57463 6909
57463 6626
4705 5047
57463 6387
57463 6509
4705 6346
57463 6402
57463 6597
4705 5120
57463 6512
57463 7965
4705 6032
57463 6425
57463 8031
4705 6330
57463 6376
57463 7226
4705 6805
57463 6368
57463 6406
4705 5138
57463 6347
57463 7066
4705 4925
57463 6437
57463 6416
4705 6013
57463 6410
57463 6539
4705 4954
57463 6491
57463 6432
4705 4901
57463 6546
57463 6513
4705 5296
57463 6519
57463 6634
4705 5044
10052 4814
10052 5499
45112 4507
5958 6103
5958 3812
50233 3641
57463 7192
57463 6478
4705 6292
57463 6367
57463 6531
4705 6341
57463 6859
57463 6666
4705 5071
57463 6381
57463 6510
4705 6082
57463 6470
57463 6392
4705 3611
57463 6517
57463 6415
4705 6187
57463 6385
57463 6631
4705 3616
57463 6469
57463 6509
4705 6315
57463 7152
57463 6398
4705 4372
57463 6539
57463 6436
4705 4186
57463 6357
57463 6497
4705 6299
57463 7442
57463 6505
4705 6243
57463 6358
57463 6380
4705 6173
57463 6946
57463 6813
4705 5185
57463 6388
57463 6469
4705 6202
57463 6488
57463 6375
4705 5165
57463 6551
57463 6611
4705 5182
57463 6412
57463 6953
4705 5175
57463 6395
57463 6430
4705 6207
57463 6375
57463 6421
4705 6154
57463 6569
4705 6167
57463 6423
57463 7347
4705 7120
57463 6348
57463 6432
4705 6259
57463 3651
57463 6553
57463 6402
4705 6259
57463 6367
57463 6395
4705 6190
57463 6393
57463 6434
4705 4923
57463 6443
57463 6915
4705 5193
57463 6515
57463 6795
4705 5216
57463 6410
57463 7673
4705 6167
57463 6537
57463 7528
4705 7293
57463 6533
57463 6385
4705 4842
57463 6457
57463 6634
4705 6371
57463 7105
57463 6903
4705 4945
57463 6369
57463 6851
4705 5230
57463 3626
57463 6864
57463 6444
4705 6122
57463 6407
57463 6389
4705 6224
57463 6979
4705 5197
57463 6366
57463 6868
4705 5079
57463 6573
57463 6687
4705 5044
57463 6398
57463 6422
57463 6420
4705 4928
57463 6563
57463 6562
4705 6176
57463 6504
57463 6380
4705 4846
45112 6677
57463 6389
57463 6405
4705 5200
57463 6398
4705 6156
57463 6391
57463 3648
4705 3957
57463 6410
4705 5055
10052 6395
10052 6550
45112 5385
10052 6483
10052 6793
45112 5170
10052 6374
10052 7411
45112 6321
10052 6360
10052 6504
45112 6214
10052 7245
10052 6521
45112 4799
10052 6455
10052 6379
45112 3628
10052 6364
10052 6746
45112 5069
10052 7205
10052 6544
45112 3594
10052 6360
10052 6416
45112 6112
10052 7010
45112 5083
4705 6093
50233 4830
4705 5583
4705 4147
4705 3686
4705 5819
4705 4385
44995 3647
44995 3638
44995 4722
44995 5039
4705 3683
45112 6358
59160 3599
59160 3564
59160 3610
59160 3650
59160 6744
44995 5059
10559 4006
27967 4752
5958 6496
5958 6405
50233 4906
57463 4513
57463 3620
57463 4938
57463 605
5958 6375
5958 6507
50233 4842
5958 6472
5958 6790
50233 5209
57463 6558
57463 6654
4705 5198
5958 6508
5958 4817
50233 4947
10052 6446
10052 6388
45112 4977
10052 6412
10052 6406
45112 6179
10052 6428
10052 6795
45112 5747
10052 6417
10052 6410
45112 5389
57463 7348
57463 6649
4705 4953
10052 7005
10052 6387
45112 6239
10052 6393
10052 7053
45112 5139
37182 3769
1558 3948
27967 3683
62998 3752
10559 3654
10052 6381
10052 6441
45112 6148
27967 7143
10559 7264
10052 6816
10052 6403
45112 4879
10052 6409
45112 6067
57463 6548
57463 6946
4705 5168
10052 6472
10052 6423
45112 6002
10052 6507
10052 6854
45112 5198
10052 6402
10052 7546
45112 5647
10052 6376
10052 6876
45112 5207
57463 6373
57463 6502
4705 5097
10052 6419
10052 6379
45112 4888
10052 6456
10052 6628
45112 5036
10052 6334
57463 6368
57463 6477
4705 6318
57463 6706
57463 7043
4705 2288
57463 6439
57463 6692
4705 5292
57463 7279
57463 6424
4705 6158
57463 6780
57463 6867
4705 4944
45112 3620
57463 7136
57463 6446
4705 6242
57463 6547
57463 6476
4705 6285
57463 7061
57463 6674
4705 5068
57463 6406
57463 6989
4705 5064
57463 6368
57463 6553
4705 5059
57463 6371
57463 6960
4705 5079
57463 6386
57463 6521
4705 6301
57463 6417
57463 6520
4705 6222
57463 6435
57463 6412
4705 6205
57463 6347
57463 7007
4705 5349
57463 6421
57463 6832
4705 4682
57463 7173
57463 6519
4705 5033
57463 6486
57463 6818
4705 5196
57463 6401
57463 6526
4705 5048
57463 6427
57463 6572
4705 5047
38423 4792
37182 4976
37182 5555
1558 5096
62998 4036
62998 7446
62998 6423
62998 6750
62998 4426
10559 4052
1558 7489
1558 6575
27967 5041
1558 6430
1558 6134
27967 3798
10559 3749
27967 3705
10559 6216
27967 6887
59160 6417
52540 3811
44995 3644
38423 3626
38423 7438
38423 6718
38423 6368
38423 3954
37182 3594
37182 4711
62998 5142
62998 6906
10559 5070
62998 6382
62998 3839
62998 6363
62998 6378
62998 6184
10559 3685
1558 6126
1558 6380
27967 6179
1558 2326
27967 3776
1558 6409
1558 6381
1558 6433
1558 6397
27967 6213
1558 6537
1558 7438
27967 5560
12605 3855
35987 4221
52540 4582
52540 7454
35900 5875
37182 5184
4705 6167
4705 3801
15676 4172
45112 6178
50233 6140
10559 6206
35132 3835
64829 3774
38423 3902
41379 5175
11662 5026
11662 3617
11662 3636
15304 673
1558 6438
1558 6768
27967 5708
1558 6410
1558 6374
1558 6916
27967 5119
1558 6394
1558 6472
1558 7277
1558 6621
27967 5017
1558 6565
1558 6842
1558 6269
27967 4833
22586 3955
44995 4964
44995 3708
4705 4833
11662 4051
59160 5450
44995 3824
44995 7167
37182 6355
4705 5115
59160 4950
59160 3657
7314 3825
12605 4048
12605 7197
35987 4813
35987 7124
35987 6445
35987 6395
35987 3881
52540 3733
52540 6451
52540 4893
38423 6498
38423 3842
37182 4214
38423 6386
38423 6541
38423 6797
37182 4984
38423 6499
38423 6670
38423 5543
37182 4222
1555 3844
15676 3666
44995 3729
15676 6973
62998 6926
62998 6380
62998 3654
62998 6454
10559 5027
62998 6819
62998 6495
62998 6613
10559 4875
10052 6394
10052 6470
45112 6215
57463 7174
57463 6519
4705 5043
5958 7040
5958 6500
50233 5039
10052 6441
10052 6765
45112 4935
5958 6381
5958 6408
50233 6187
10052 6372
10052 6524
45112 6226
5958 6416
5958 6403
50233 6172
10052 6407
10052 6999
45112 5161
5958 6415
5958 6675
50233 5196
10052 6438
10052 7041
45112 5367
57463 6412
5958 6852
5958 6425
4705 5192
50233 3623
57463 6397
4705 4834
10052 6428
10052 7041
45112 6875
5958 6800
5958 7304
50233 5209
10052 6213
5958 6515
5958 6484
50233 5059
5958 6386
5958 6515
50233 6220
5958 6388
5958 6355
50233 3699
57463 6380
4705 4974
57463 6429
4705 5367
5958 6368
5958 6402
50233 4811
5958 6385
5958 6798
50233 5164
31891 4452
35132 4601
35132 6703
5958 6399
5958 6963
50233 5092
5958 6522
5958 6885
50233 6496
19601 6221
64829 1403
57463 6529
57463 6407
4705 4875
45112 4110
18240 3893
22586 3747
22586 7657
14557 5792
57463 6638
4705 5035
57463 6940
4705 5094
57463 6460
57463 6390
4705 6227
57463 3982
4705 4827
57463 590
4705 6205
32186 3791
7314 3591
7314 7984
7314 3811
12605 3708
7314 6503
7314 6492
12605 2440
12605 3737
12605 6343
1555 4858
1555 4553
35987 6116
35987 6398
52540 4942
35987 6381
35987 6388
35987 6405
35987 6528
35987 6385
52540 4980
35987 6967
52540 4936
35987 6386
15676 3647
31891 3629
31891 7440
31891 4290
35132 3938
31891 6391
31891 6478
35132 1735
52540 3766
19601 4055
35132 5180
19601 7387
19601 4273
64829 3643
19601 6538
19601 6484
64829 2939
64829 3769
18240 3581
18240 7056
22586 3740
22586 6586
59160 6131
4705 3674
44995 3605
59160 3719
41831 4920
7314 5216
7314 3818
7314 6847
7314 4581
12605 5146
7314 6367
7314 6519
7314 6770
12605 2224
7314 6449
7314 6681
12605 4922
35987 6452
35987 6403
35987 6518
35987 7686
52540 5759
35987 6569
35987 6538
35987 6386
35987 6393
35987 6356
35987 6428
35987 6813
35987 6360
52540 5088
1555 3825
44995 3630
31891 6187
31891 6379
35132 6078
31891 7024
31891 6665
31891 6351
31891 6433
31891 6715
31891 6009
31891 6411
35132 756
19601 3920
37182 6259
10559 6154
50233 6198
35132 6174
52540 6352
27967 6710
15676 4967
61756 5149
45112 4818
64829 5673
57463 3702
57463 6344
18240 3782
23498 3623
60809 3772
4705 3657
19306 3779
65378 3847
41831 3708
41831 6803
38423 6359
38423 6527
38423 3782
37182 3709
38423 6355
38423 6584
38423 6364
38423 6505
38423 6409
38423 6356
38423 6436
38423 6400
38423 6778
38423 6387
38423 6355
38423 6547
38423 6434
38423 7005
38423 6384
38423 6780
37182 5084
62998 6378
62998 6524
62998 3830
10559 3624
62998 6381
62998 6401
62998 6470
62998 6369
62998 6415
62998 6571
62998 6406
62998 6936
10559 4953
62998 6850
10559 5189
62998 6398
62998 6518
62998 6427
62998 6378
62998 7018
10559 4952
1555 3707
1558 6418
1558 6589
1558 6375
1558 7179
1558 6431
1558 6842
1558 6945
1558 6651
1558 6469
1558 6398
1558 6485
1558 6400
27967 6181
1558 6378
1558 6359
1558 6944
27967 5103
1558 6570
1558 6812
27967 5205
1558 6446
1558 6820
1558 6404
1558 6568
1558 6417
1558 6530
1558 6453
1558 6434
27967 6250
1558 6395
1558 4097
27967 3652
22032 3783
61756 3626
61756 7318
27967 6157
1555 6405
1555 1741
15676 4953
1555 6386
1555 6964
15676 5054
1555 6561
15676 5243
1555 6426
1555 6385
1555 6471
15676 6111
5958 6409
5958 6668
50233 5008
5958 6398
5958 6387
50233 4858
5958 6367
5958 6542
50233 6100
10052 6394
10052 7037
45112 4917
5958 6386
5958 7006
10052 6390
10052 6389
50233 4869
45112 3793
5958 6492
5958 6404
50233 6234
10052 7037
45112 6237
5958 6371
5958 6421
50233 6055
10052 6394
10052 6673
45112 5051
5958 6836
5958 6354
50233 5181
35987 6425
35987 6408
35987 6391
35987 6371
35987 6848
35987 6478
10052 6413
52540 3606
10052 6439
45112 6276
35987 6386
35987 6420
35987 6519
35987 6419
52540 6228
35987 6416
35987 6546
35987 6427
52540 3629
5958 7275
5958 6394
50233 6077
10052 6492
10052 6931
45112 5208
5958 6810
5958 6909
50233 5175
10052 6400
10052 6443
45112 3622
5958 6405
5958 6573
50233 6100
10052 6392
10052 8559
45112 7086
31891 6450
31891 3707
35132 3779
31891 7251
35132 5657
31891 6487
31891 6427
31891 6418
35132 6167
31891 6399
31891 6370
31891 6404
31891 6488
31891 6464
35132 5355
31891 7002
31891 6437
35132 6232
31891 6403
31891 6458
31891 6807
35132 6616
31891 6396
5958 6581
5958 6379
50233 6040
10052 6653
10052 6894
45112 5157
5958 6368
10052 6371
10052 6421
45112 6123
10052 6365
10052 6544
45112 6346
10052 6412
10052 6870
45112 5234
10052 5066
35132 3721
1775 3592
50233 3607
45112 4708
60809 257
60809 4222
23498 3627
23498 3695
51858 3611
10482 3610
60809 3775
40818 4805
19306 3590
19306 6990
18977 3808
54867 4900
31868 3688
65378 3606
65378 7351
65378 6397
41831 5349
65378 6345
65378 4576
41831 4079
2173 4837
41831 5083
41831 3682
41831 6287
38423 6500
38423 6530
38423 6907
37182 6563
38423 6376
38423 6377
38423 6418
38423 6277
37182 3627
62998 7293
62998 7106
10559 5395
62998 6410
62998 6412
62998 6405
62998 6423
62998 6561
10559 6343
62998 6358
62998 6713
62998 6301
10559 5330
22032 4038
22032 4873
1555 6664
1555 6405
1555 6372
1555 6675
15676 5176
1555 6822
1555 6471
15676 6262
1555 6387
1555 6385
1555 6403
1555 6404
1555 6809
15676 6517
1555 6832
15676 6643
1555 6571
1555 7462
1555 6515
1555 6532
15676 5346
1555 6320
1558 6367
1558 6402
1558 4679
27967 3656
1558 6408
1558 6416
1558 6559
27967 6382
1558 6936
1558 6384
1558 6372
1558 6757
1558 6409
27967 6109
1558 6981
27967 5079
1558 6365
1558 6400
27967 6135
1558 6421
1558 6445
27967 3638
61756 4637
60366 5128
59536 4289
55442 3660
2102 3622
19510 4275
12605 6230
50233 6168
45112 6170
27967 6187
31891 6415
31891 6392
31891 6399
31891 6384
35132 6159
31891 6423
31891 6398
31891 6828
35132 5207
31891 6528
31891 6402
31891 6424
35132 4901
31891 6461
15676 5388
31891 6433
31891 6600
31891 6513
31891 6831
31891 3833
31891 6825
35132 517
45111 3851
52540 6146
15676 6204
35132 6228
40818 3617
40818 7649
40818 6374
40818 6693
40818 4847
19306 3945
19306 3817
22586 6822
22246 5216
17687 4609
65378 3664
65378 5112
65378 3832
41831 3733
41831 6191
65378 6437
65378 6996
41831 5406
65378 6430
65378 6679
41831 5055
65378 6409
65378 6407
41831 6225
65378 7600
41831 5762
65378 6393
41831 5227
65378 6382
65378 6824
41831 5065
65378 6381
65378 7511
41831 5511
65378 6562
41831 4960
65378 7028
41831 5216
65378 6418
65378 7014
41831 5075
65378 6390
65378 6501
41831 6343
65378 6391
65378 6478
41831 3619
65378 6372
65378 6425
41831 6039
65378 6385
65378 6423
41831 6102
65378 6414
65378 6657
41831 4870
65378 6395
65378 6550
41831 6391
65378 6378
65378 6390
18257 3787
41831 3627
2102 3640
2102 7437
65378 6405
65378 7003
41831 5134
65378 6384
65378 6887
41831 5175
22032 4087
65378 6481
65378 6534
41831 5071
1558 6364
1558 6868
1558 4955
27967 3604
1558 6405
27967 5171
1558 6760
1558 6400
1558 6492
1558 6521
1558 7317
27967 5837
1558 7016
27967 5065
1558 6392
1558 6522
1558 6390
1558 6359
1558 6402
1558 6612
27967 6415
1558 6887
1558 6394
1558 6422
27967 6083
10064 4785
1558 6376
1558 6474
1558 6804
1558 6353
1558 7070
27967 4960
45111 3590
45111 7285
65378 6486
41831 6314
65378 6372
41831 5413
46929 3790
19510 3594
19510 7072
1555 6355
1555 6431
1555 5511
15676 4847
1555 6434
1555 6406
1555 6804
1555 6345
1555 6447
1555 6392
1555 6390
15676 6198
1555 7022
1555 6372
1555 6511
15676 5268
1555 6558
1555 6578
15676 6367
10052 6396
10052 6840
1555 4822
45112 3583
15676 3675
65378 6513
65378 6470
41831 6125
10052 6388
10052 6508
45112 4024
33515 3714
65378 6406
65378 6999
41831 5112
5958 6379
5958 6521
50233 6094
10052 6463
10052 6755
45112 5160
38748 3705
5958 6410
5958 7023
50233 5345
10052 7385
10052 6891
45112 6667
65378 6895
41831 4921
65378 6557
41831 6129
5958 6398
5958 6976
50233 5095
10052 6518
10052 6423
45112 6182
5958 6399
5958 6429
50233 6304
10052 6349
10052 6419
45112 6162
5958 6580
5958 6879
50233 5084
10052 6375
10052 6944
45112 4933
5958 6505
5958 6944
50233 5182
10052 6582
10052 6695
45112 5201
5958 6455
5958 7286
50233 5657
10052 6401
10052 6913
45112 4912
35987 6381
35987 6526
52540 5058
35987 6392
35987 6414
35987 6399
52540 6079
35987 6379
35987 6492
35987 6343
35987 6355
35987 6369
35987 6405
35987 6501
52540 5028
35987 6848
52540 4871
35987 6813
35987 6427
52540 5014
35987 6519
35987 6388
52540 5491
5958 6439
5958 6645
50233 6490
35987 7008
35987 6404
35987 6548
52540 5286
10052 6841
10052 6375
35987 6389
35987 6190
52540 5084
45112 4910
7314 5105
12605 3807
7314 7122
12605 5359
7314 7147
12605 5307
7314 6812
7314 6546
12605 6407
7314 6817
7314 6378
7314 6427
7314 6486
7314 6482
7314 6422
7314 6469
7314 6395
12605 6026
5958 6671
5958 6234
7314 6401
7314 6476
10052 5731
50233 6414
12605 3614
31891 5023
35132 3797
31891 6522
31891 6370
31891 6495
31891 6837
31891 6412
31891 6463
35132 386
35132 5199
35132 3593
35132 3595
31891 6368
31891 6782
31891 6326
45112 4986
35132 3578
58974 3677
40818 6128
40818 4068
19306 3635
37542 3791
18240 3770
18240 6390
18240 6406
22586 6178
18240 6440
18240 7133
22586 6840
18240 6514
18240 6901
22586 5102
18240 6422
18240 6217
22586 4972
65378 6452
65378 6635
41831 5015
65378 6377
65378 6804
41831 4933
65378 6393
65378 6589
41831 6166
18257 3611
18257 7242
65378 6157
2102 3725
2102 6199
10064 3619
10064 7474
10064 6409
45111 5302
10064 6343
10064 6236
45111 3645
45111 3670
45111 6182
46929 3632
46929 8707
46929 6406
19510 5072
46929 6371
46929 6682
19510 5145
19510 3682
41831 3576
7314 6402
7314 6420
7314 6851
7314 6537
7314 6246
12605 3870
7314 6397
12605 6151
18257 3592
18257 6390
18257 6413
2102 5115
18257 6988
18257 6945
2102 4881
18257 6343
18257 6552
2102 5415
18257 6726
2102 5062
18257 6527
18257 6417
2102 6300
18257 6957
2102 6205
18257 6398
18257 6888
2102 5263
18257 6376
18257 6494
2102 6297
10064 3792
10064 6124
45111 3701
18257 6549
18257 6394
2102 6023
10064 6356
10064 6428
45111 6237
18257 6371
18257 6422
2102 6002
10064 6396
10064 6392
45111 4856
18257 6571
18257 6771
2102 6276
10064 6381
10064 6414
45111 6117
18257 6469
18257 6686
2102 5280
10064 6957
10064 6375
45111 6212
10064 6499
45111 5034
10064 6403
10064 6790
45111 5357
10064 6378
10064 6410
45111 6186
10064 6386
10064 6841
45111 5185
10064 4145
46929 6140
46929 3718
19510 4653
64829 5369
35132 6198
12605 6127
45111 6193
2102 6197
15676 6309
52540 6613
4705 3736
4705 3672
4705 6037
23392 3673
10064 6418
10064 6600
45111 5132
18257 7395
18257 6411
2102 5368
10064 6841
10064 6750
45111 5064
18257 6429
18257 6402
1555 6359
1555 4929
2102 3689
15676 4979
1555 6368
1555 6401
1555 6788
15676 5182
1555 6540
1555 6527
15676 4973
1555 6426
1555 6387
1555 6367
1555 6412
1555 6413
1555 6422
1555 6720
15676 4920
1555 6406
1555 6438
1555 6407
1555 6510
1555 6385
15676 4875
1555 6900
1555 6467
1555 6819
15676 5186
1555 6383
1555 6403
15676 6251
1555 3901
10064 6399
10064 6791
45111 5182
18257 6517
18257 6783
2102 5184
10064 6383
10064 6508
45111 6236
18257 6414
18257 6435
2102 5405
10064 6468
10064 6469
45111 5092
18257 6355
18257 6489
2102 5806
10064 6273
18257 6360
18257 6491
2102 5018
18257 6487
19601 4200
64829 3895
19601 6406
64829 4319
19601 6462
18257 6337
19601 6436
19601 6444
19601 6397
19601 6545
19601 6384
19601 6560
64829 5086
2102 3838
64829 3789
18257 6457
18257 6920
2102 5099
57463 3630
18257 6395
18257 6697
57463 6558
57463 6282
2102 3815
4705 3603
12129 3623
18257 6437
18257 6843
2102 6526
18257 6420
18257 6313
2102 3591
35987 6894
35987 6354
35987 3795
52540 3601
35987 6414
35987 6570
35987 6376
35987 6415
35987 6360
35987 6896
52540 4989
35987 6440
35987 6395
52540 5435
35987 6408
35987 6426
52540 6146
35987 6456
35987 6525
35987 6394
35987 6390
52540 5990
35987 6825
35987 6532
52540 6312
35987 6414
35987 6367
35987 6413
35987 6041
52540 3635
57463 6404
57463 6461
4705 6295
31891 4235
35132 4818
31891 6819
35132 6585
31891 6379
35132 3805
31891 6391
31891 6361
31891 6390
31891 6356
31891 6386
31891 6492
31891 6466
31891 6474
31891 6380
35132 1401
35132 708
35132 3605
31891 6838
31891 6544
31891 6432
31891 6512
31891 6482
35132 6075
31891 6490
35132 5416
31891 6415
31891 6392
31891 6558
35132 4896
7314 6973
7314 6574
7314 5525
7314 6471
12605 6250
7314 6398
7314 6405
7314 6416
7314 6367
7314 6865
7314 6277
7314 6429
12605 381
57463 6358
57463 6430
4705 6055
57463 6472
57463 7039
4705 6669
57463 6875
57463 6848
4705 4922
15676 3649
57463 6375
57463 6764
4705 4934
57463 6388
57463 6474
4705 6325
45111 3576
57463 6431
57463 7297
4705 5665
18913 3749
57463 6386
57463 6423
4705 6233
57463 6374
57463 6437
4705 4803
57463 6463
57463 6819
4705 5192
57463 6389
57463 7066
4705 5387
31203 3671
57463 6536
57463 7175
4705 5427
57463 6434
57463 6395
4705 5447
57463 6351
57463 6604
4705 6446
57463 6518
57463 6719
4705 5000
57463 6554
57463 7045
4705 5109
57463 6469
4705 5014
25481 4246
25481 3773
59855 1221
25481 3627
5231 4984
19601 6393
19601 6415
19601 6488
19601 6451
19601 4795
64829 3767
19601 6507
64829 4230
2611 3924
63330 3599
54112 3710
58209 3756
42849 3733
38561 3600
58145 4806
55781 5055
59874 3608
10720 4045
55776 3936
29465 2269
30097 3717
30097 3605
29465 4598
65343 3716
4705 5094
4705 4194
4705 3683
4705 4741
4705 5010
4705 3675
41831 3788
4227 3814
57463 6461
57463 1129
4705 4910
57463 6480
57463 6763
4705 5292
57463 6505
57463 6805
4705 5071
57463 6397
57463 6383
4705 4827
65378 6384
65378 6410
41831 6227
65378 6408
65378 6363
41831 4917
57463 6427
57463 6802
4705 5176
65378 6398
65378 6452
41831 6031
65378 6827
65378 6388
41831 6107
65378 6796
65378 7714
41831 6228
57463 6408
57463 6721
4705 5135
65378 6452
65378 6947
41831 5179
65378 6377
65378 6585
41831 4833
65378 6456
65378 6406
41831 6227
57463 6838
57463 6768
4705 5656
65378 6461
65378 6419
41831 6020
65378 7213
65378 6949
41831 5038
65378 6423
65378 6431
41831 6042
57463 6411
57463 7150
4705 5480
65378 6486
65378 6466
41831 6243
65378 6541
65378 6418
41831 6266
65378 6465
65378 6514
41831 5086
57463 6432
57463 6750
4705 6574
65378 6802
65378 7009
41831 5036
65378 6509
65378 6403
41831 6146
65378 6510
65378 6785
41831 5093
57463 6368
57463 6421
4705 6085
65378 6848
65378 6522
41831 6123
52526 3623
65378 6378
65378 6479
41831 6221
65378 7003
65378 6382
41831 3772
57463 6841
57463 6750
4705 5093
65378 6380
65378 6390
41831 4921
65378 6403
65378 6613
41831 5019
57463 6381
57463 6793
4705 5186
57463 6462
57463 6387
4705 6196
57463 6396
57463 6386
4705 5406
57463 6473
57463 6374
4705 5185
57463 6355
57463 6399
4705 6028
57463 6529
57463 7064
4705 5610
57463 6776
57463 7275
4705 5523
57463 6535
57463 7010
4705 5312
57463 6483
57463 6406
4705 6126
57463 6371
57463 6625
4705 4924
57463 6574
57463 6400
4705 4872
57463 6346
32179 4337
4705 3578
65378 6433
65378 6558
41831 6345
65378 10415
65378 7420
41831 6178
65378 6379
65378 6436
41831 6033
65378 6530
65378 6540
41831 6349
65378 6409
65378 6697
41831 5669
65378 6911
65378 6893
41831 5065
65378 6558
65378 6462
41831 4789
65378 6397
65378 6400
41831 4858
65378 6677
65378 6412
41831 6190
65378 6395
65378 6609
41831 6235
65378 6602
65378 6376
41831 5431
65378 6381
65378 6408
41831 6030
65378 6836
65378 6455
41831 5002
65378 6384
65378 6465
41831 5269
65378 6385
65378 6872
41831 5213
65378 6577
65378 6873
41831 6670
65378 6969
65378 6381
41831 6226
65378 6379
65378 6844
41831 6566
65378 6536
65378 6921
41831 4979
65378 6410
65378 6358
41831 5076
65378 6439
65378 6830
41831 5234
65378 6417
65378 6672
41831 5072
6476 3611
65378 6341
65378 6829
41831 6762
65378 6839
65378 6817
41831 5105
65378 6437
65378 7043
41831 5768
65378 6480
65378 6941
41831 5207
65378 6883
65378 6512
41831 6286
65378 6342
65378 6881
41831 5174
65378 6394
65378 6885
41831 6488
65378 6334
62505 3854
41831 3676
58701 3583
25640 4184
4330 1112
49878 4177
49878 3723
4330 3626
36232 3607
36232 3768
36232 3619
58315 4063
58315 4577
36232 5345
25085 4165
60232 3908
49421 3794
49421 3625
11730 3613
11730 3585
49421 3632
37107 4098
35791 3883
28945 4689
32655 5308
56198 3600
11142 3717
39008 3809
40958 3969
4230 3585
38274 3793
23335 3664
35807 4671
26871 3783
49864 5111
35706 3658
40927 3697
2604 3575
7345 3671
56204 4069
41662 3732
7351 3718
214 3646
56664 4636
41520 4960
37772 3658
37772 3655
64972 3622
64972 3606
37772 3635
6396 3609
63021 3574
7716 4259
36016 5154
41652 5084
22074 3566
38948 3685
37901 3689
31626 3654
31626 3638
8927 3602
8927 3592
31626 3716
44062 4611
49616 5288
33324 3603
48306 3659
20012 3768
60593 3705
35358 3609
57622 4036
64763 4193
49031 3781
3096 3589
49626 4673
1321 4996
23494 3899
51886 3602
30211 4433
51285 3638
60851 3625
57463 6280
19306 5321
19510 3834
61756 4961
22113 4147
59731 3645
49493 3597
2102 6307
4705 3806
44995 3710
44995 4106
44995 6047
44995 3815
44995 3692
59160 3729
59160 3843
59160 4604
59160 5124
44995 3743
4705 3705
4705 3885
4705 4701
44995 5081
44995 3825
4705 3669
4705 6094
4705 3726
4705 3841
59160 3629
59160 3654
4705 6055
11814 3596
41831 3700
4705 3818
18257 6424
18257 7018
2102 5649
22032 4882
61756 3615
18257 6584
18257 6552
2102 5162
4705 5030
18257 6403
18257 6779
2102 5199
18257 6452
18257 6363
2102 4830
18257 6813
18257 6690
2102 6499
46929 4143
19510 3745
18257 6415
18257 6389
2102 5546
40818 4921
19306 3639
18257 6483
18257 6421
2102 6011
18257 6428
18257 6412
2102 5231
18257 6520
18257 6882
2102 5448
18257 6966
18257 6514
2102 6266
18257 6489
18257 6794
2102 6460
4215 4629
22113 3602
18257 6517
18257 6400
2102 6147
18257 6436
18257 6951
2102 5096
18257 6459
18257 6689
2102 6441
18257 6402
18257 6560
2102 5430
18257 6386
18257 6543
2102 5074
18257 6505
18257 6420
2102 5020
18257 6372
18257 6440
2102 6032
18257 6365
18257 7187
2102 6755
18257 6972
18257 6420
2102 6012
18257 6376
18257 6946
2102 5347
18257 25912
18257 6932
2102 6528
30024 3865
49493 4934
54593 3705
59731 3867
12541 3834
59160 3734
19908 3834
57463 5171
57463 6430
57463 6406
4705 5029
57463 6389
4705 4123
57463 6529
4705 6386
57463 3972
57463 6487
57463 6804
4705 5057
57463 6738
57463 6459
4705 5778
44995 5146
57463 8873
4705 7105
57463 7195
4705 5205
57463 6983
57463 6637
4705 6448
57463 6497
4705 6343
57463 6917
4705 5278
59160 6217
12218 3811
57463 6973
4705 5238
57463 6812
4705 5211
57463 6397
57463 6752
4705 5150
57463 6447
57463 6413
4705 2325
57463 6417
57463 6922
4705 5103
57463 6896
57463 6569
4705 6443
18257 6358
18257 7561
2102 6289
18257 7400
18257 6442
2102 6245
57463 6268
4705 3835
18257 6599
18257 6719
2102 5514
18257 6612
18257 8013
2102 5852
18257 6424
18257 6801
2102 5225
18257 6555
18257 6878
2102 4907
44995 3595
18257 6520
18257 6599
2102 6457
18257 6361
18257 6434
2102 6046
57463 5181
18257 6409
18257 6367
2102 4845
57463 6381
18257 6519
18257 6398
2102 5960
18257 7974
18257 6380
2102 4180
65378 6385
18257 6533
18257 6648
2102 5037
18257 6672
18257 6868
2102 6652
18257 6387
18257 7277
2102 6977
18257 6376
18257 6454
2102 6191
18257 6351
18257 6399
2102 5192
18257 6411
18257 6397
2102 5342
18257 6380
18257 6651
2102 5350
18257 6409
18257 7051
2102 5407
18257 6419
18257 6543
2102 5217
18257 6391
18257 8039
2102 5240
18257 6488
18257 6574
2102 6290
4705 3622
41831 3897
6513 3905
19908 3808
19908 7633
54203 3702
2696 4793
12218 3752
12218 7215
18257 6402
18257 6462
2102 6294
18257 6781
18257 7096
2102 5308
18257 6360
18257 7930
2102 5927
18257 6538
18257 7055
2102 5195
18257 6371
18257 6385
2102 5147
18257 6375
18257 6536
2102 5239
18257 7693
18257 6418
2102 5002
18257 6406
2102 5241
18257 6838
18257 6437
2102 6305
18257 6440
18257 6794
2102 5565
18257 6381
18257 6486
2102 3689
18257 6443
18257 6900
2102 5202
18257 6431
18257 6680
2102 6411
18257 6413
18257 6405
2102 5478
18257 6374
18257 7128
2102 5464
18257 6377
18257 6447
2102 6210
18257 6646
18257 6578
2102 6388
18257 8235
18257 6646
2102 6521
18257 6431
18257 6385
2102 4948
18257 6449
18257 7032
2102 5010
18257 6366
18257 6544
2102 5459
18257 6639
18257 6457
2102 6070
59160 4922
9986 5304
6513 4608
6513 9407
6513 6392
6513 6425
6513 5303
19908 4370
33960 3971
9986 3637
9986 7136
19908 4792
44995 4984
33960 3917
33960 7293
33960 6534
33960 7950
9986 6294
9986 3715
9986 3663
9986 6089
39561 3897
54203 3757
54203 7226
33960 5252
33960 5050
9986 3837
9986 3642
2102 3726
4705 3692
41831 4944
33960 4941
18257 6637
18257 6424
2102 5194
18257 6401
18257 6720
2102 5453
2696 3787
2696 7532
2696 5019
12218 1549
12218 6322
12218 3798
6513 6239
19908 7833
39561 6352
39561 7227
39561 5186
54203 3876
18257 6637
18257 6582
2102 6440
54203 3738
18257 6411
18257 6602
2102 6405
18257 6390
18257 7206
2102 5577
18257 6386
18257 6918
2102 5530
18257 6647
18257 6367
2102 3825
18257 6504
18257 7014
2102 5699
18257 6389
18257 6403
2102 4320
18257 6536
18257 6660
2102 5246
18257 6468
18257 7922
2102 6166
18257 6413
18257 6385
2102 4871
18257 3794
18257 6359
18257 6921
2102 4966
18257 6929
2102 5109
18257 6847
18257 6541
2102 5246
18257 6355
18257 6579
18257 6374
2102 6115
18257 6393
18257 6450
2102 5363
18257 6502
18257 6800
2102 4931
18257 6477
2102 5097
18257 6404
57463 6621
57463 6492
4705 4982
18257 6436
2102 4937
18257 7088
18257 6510
18257 6502
2102 5369
18257 6861
18257 7000
2102 5138
57463 4916
18257 6593
18257 6393
2102 5494
18257 6770
2102 5075
18257 6417
65378 6388
65378 6596
41831 5116
65378 6515
65378 6530
41831 5397
65378 6381
65378 6845
41831 5240
65378 6574
65378 6413
41831 6220
65378 6734
65378 6390
41831 5074
65378 6586
65378 6420
41831 4937
65378 6904
65378 6403
41831 5111
65378 6421
65378 6519
41831 6319
65378 6370
65378 6429
41831 6204
65378 6382
65378 6963
41831 5119
2696 3778
2696 3630
12218 4588
2696 5003
12218 3631
2696 3577
65378 6919
65378 6800
41831 6420
2696 5166
2696 3635
12218 3680
65378 6381
65378 6811
41831 5172
65378 6437
65378 6492
41831 4990
65378 6563
65378 6431
65378 7468
41831 5839
65378 7245
41831 4707
65378 6418
2102 6220
4705 3755
65378 6480
41831 5139
65378 6832
65378 6874
65378 6951
41831 4305
65378 6396
65378 6422
41831 6026
65378 6392
41831 3655
65378 6429
65378 6432
65378 6759
41831 5164
65378 7440
41831 5246
65378 6377
65378 6438
65378 6917
41831 5177
65378 6426
65378 6945
41831 5187
65378 6398
65378 7169
41831 5777
6513 6374
6513 6414
6513 6969
19908 5086
6513 6425
6513 800
19908 3796
33960 6413
33960 1045
9986 3619
18257 6388
18257 6442
2102 6284
18257 6868
18257 6440
2102 5946
18257 6336
18257 6959
2102 5214
18257 6379
18257 6405
2102 5372
18257 6437
18257 6359
2102 6124
18257 6386
18257 6400
2102 5139
18257 7128
18257 6666
2102 5075
18257 6662
18257 6903
2102 4970
18257 6440
18257 6905
2102 5157
18257 6466
18257 6374
2102 6067
18257 6487
18257 6413
2102 4954
39561 3774
39561 5978
54203 3770
18257 7130
18257 6805
2102 5155
18257 6878
18257 6419
2102 5102
18257 6569
18257 7109
2102 4946
18257 6403
18257 6579
2102 6327
18257 6509
18257 6519
18257 7024
2102 6874
18257 6969
2102 5190
18257 6367
18257 6381
2102 4851
18257 6366
18257 8652
2102 7369
18257 6424
18257 7014
2102 5127
18257 6395
18257 6422
18257 3739
2102 3726
18257 6412
2102 6060
18257 6589
65378 6394
65378 6399
41831 6044
65378 6465
65378 4947
41831 4923
65378 6391
65378 6813
41831 5332
65378 6532
65378 6986
41831 5236
18257 7377
2102 7189
65378 6400
65378 6712
41831 4916
65378 6482
65378 6684
41831 5085
65378 6427
65378 6431
41831 5203
65378 6748
65378 6459
41831 5166
65378 6836
65378 6399
41831 5134
65378 6560
65378 6597
41831 5308
65378 6458
65378 7044
41831 5198
65378 6357
2696 6079
41831 4962
18257 6592
18257 6420
2102 6231
18257 6554
18257 6431
2102 3645
18257 6865
18257 7148
2102 5591
18257 6388
18257 7017
2102 5271
18257 6379
18257 6378
2102 6239
18257 6446
2102 4901
18257 6374
18257 6953
2102 5173
18257 6402
18257 6932
2102 4936
18257 6369
18257 6393
2102 6047
18257 6374
18257 6271
2102 4125
18257 6357
18257 6489
2102 6310
18257 6442
18257 6849
2102 6686
18257 6384
18257 7211
2102 6855
18257 6969
18257 6385
2102 3700
18257 6538
18257 6964
2102 4946
18257 6380
18257 7051
2102 5371
18257 7247
18257 6472
2102 6174
4705 3904
4705 4722
4705 5036
18257 6376
18257 6400
2102 6238
56067 4779
18257 6396
18257 6894
2102 5194
19908 6327
18257 6860
18257 7884
2102 6618
41831 4736
18257 6533
18257 6687
2102 3616
5289 3944
56067 4351
56067 7064
18257 6468
18257 6839
2102 4903
18257 6384
18257 6401
2102 6235
18257 6494
18257 6694
2102 5043
5289 4137
18257 6390
18257 6459
2102 4952
5289 7419
5289 6363
5289 6095
56067 3797
56067 3716
56067 3666
56067 6118
18257 6389
18257 6530
2102 5431
18257 6429
18257 7042
2102 5290
18257 6425
18257 6436
2102 6278
5289 3779
5289 5288
56067 3687
56067 4981
18257 6437
18257 6362
2102 6175
18257 6488
18257 6392
2102 6233
18257 6396
18257 6446
2102 3628
5289 4954
18257 6365
18257 6726
2102 4931
39561 4877
54203 5226
18257 6388
18257 6513
2102 6230
18257 6362
18257 7323
2102 5863
18257 6359
18257 6442
2102 4837
18257 6532
18257 6963
2102 5089
18257 6378
18257 6940
2102 5080
18257 7288
18257 6412
2102 6061
18257 6719
18257 6586
2102 6441
18257 6530
18257 6815
2102 6593
18257 6436
18257 6418
2102 5167
57463 3608
18257 6477
18257 6547
2102 5068
57463 6365
57463 7288
4705 7000
6513 6231
9517 3640
57463 6546
57463 6369
4705 5418
18257 6414
18257 7039
2102 5441
34006 3789
57463 6375
57463 6383
4705 6208
18257 6399
18257 7018
2102 6668
57463 6466
57463 6895
4705 5057
18257 6366
18257 7123
2102 5287
57463 6397
57463 6528
4705 6157
18257 6863
18257 6401
2102 6251
57463 6352
57463 6573
4705 6371
18257 6681
18257 7011
2102 4296
19908 3757
65378 6505
65378 6384
57463 6365
57463 6530
41831 5261
4705 4847
18257 6379
18257 6522
2102 6090
48025 3644
48025 3651
17106 1125
57463 6629
57463 6452
4705 6049
65378 6361
65378 6452
41831 5245
18257 6385
18257 6978
2102 5204
57463 6393
57463 6775
4705 4960
65378 6387
65378 6403
41831 6277
18257 6566
18257 6508
2102 5009
57463 6589
57463 6672
4705 5078
65378 6391
65378 6423
48025 6203
41831 3633
18257 6816
18257 7049
2102 5063
57463 6428
57463 7003
4705 5065
18257 6825
18257 6445
2102 5383
65378 6639
65378 6411
41831 6057
57463 6590
57463 6798
4705 5221
18257 6607
18257 6436
2102 5207
65378 6789
65378 7392
41831 5817
57463 6577
57463 7287
4705 7056
18257 6388
18257 6858
2102 6613
65378 6564
65378 6670
41831 5040
57463 6392
57463 6977
4705 4928
18257 6411
18257 6606
2102 5040
65378 6416
65378 6429
41831 6290
57463 7157
57463 6551
4705 5445
18257 6519
18257 6419
2102 6240
65378 6396
65378 6663
41831 5074
57463 6374
57463 6963
4705 6482
18257 6410
18257 6821
2102 5048
65378 6367
65378 6564
41831 6396
57463 6373
57463 6374
4705 4843
18257 6687
18257 6407
2102 6171
57463 6433
57463 6625
65378 6365
65378 11705
4705 10400
41831 7397
18257 7232
18257 7522
2102 5491
57463 6417
57463 6991
4705 5095
65378 6393
65378 6820
41831 5168
18257 6359
18257 6419
2102 5818
57463 6426
57463 6140
4705 3642
65378 6486
65378 6417
41831 4866
18257 6397
18257 6395
2102 6266
65378 6398
65378 6403
41831 6214
18257 6418
18257 6577
2102 6167
65378 6424
65378 6435
41831 5237
18257 6522
18257 6417
2102 6191
65378 7180
65378 6966
41831 4912
18257 6505
18257 6736
2102 6544
65378 6344
65378 6627
41831 6447
18257 6446
18257 6783
2102 5167
65378 6371
18257 6367
18257 6501
2102 6119
65378 6426
65378 7110
41831 5246
18257 6594
18257 6464
2102 6318
65378 6400
65378 6425
41831 6108
18257 6365
18257 6442
2102 6014
65378 6397
65378 6392
41831 6122
18257 6418
18257 7537
2102 5777
65378 6702
65378 6434
41831 6243
18257 6390
18257 6552
2102 5244
65378 6590
65378 6460
18257 6482
18257 4652
41831 3697
2102 5022
65378 6382
65378 7034
41831 4932
65378 6666
65378 6374
41831 4873
65378 7597
65378 6793
41831 6248
65378 6474
65378 6405
41831 5177
2102 3625
65378 6589
65378 6751
41831 5040
65378 6304
44995 3681
44995 4379
41831 3795
59160 3664
59160 3709
44995 3633
5289 6558
5289 5663
56067 5167
56067 3881
5289 6443
5289 6303
56067 5254
5289 6587
5289 6880
5289 6455
5289 21478
5289 6905
5289 6433
56067 5304
5289 6421
5289 6439
5289 6442
56067 6262
5289 6444
5289 6418
5289 6397
5289 6369
56067 4878
5289 6366
5289 6613
56067 5453
5289 7165
5289 6967
56067 5206
5289 6377
5289 6840
5289 6373
5289 6487
56067 5023
5289 6527
5289 6875
5289 6607
5289 6394
5289 6390
5289 6531
56067 6316
5289 6470
5289 7682
56067 6344
5289 6413
5289 6434
56067 6075
5289 6389
5289 6460
5289 6445
56067 4975
5289 6397
5289 6386
56067 6218
5289 6415
56067 6180
5289 6477
5289 6423
5289 7246
56067 5977
5289 6352
5289 6611
56067 5147
5289 6805
56067 5914
5289 6885
5289 6854
5289 6552
5289 6579
5289 6905
5289 6870
5289 6646
5289 6479
56067 6273
5289 6536
5289 6400
5289 6379
5289 6413
5289 6470
5289 6918
56067 4940
15663 249
24031 3621
24031 3651
5289 6420
5289 6391
5289 6567
5289 6504
56067 6114
5289 7223
5289 6393
5289 6362
5289 6488
5289 6438
5289 6668
56067 6532
5289 6491
5289 6353
5289 6869
5289 6429
5289 6386
56067 5223
5289 6563
5289 6511
56067 6376
15663 3773
59160 6149
6711 3981
44995 3740
44995 4143
44995 4716
4705 5151
10261 3729
10261 3770
52155 1159
59160 4113
59160 3622
10261 3600
31337 4664
31337 4942
40150 4407
40150 3729
31337 3633
44995 3708
15798 3765
6711 3599
6711 7470
39450 5957
41969 4292
57463 5362
4705 5202
57463 6748
4705 4914
59160 3766
35301 3660
44995 4890
15798 4938
15798 7723
15798 6365
15798 6364
6711 1481
15798 6186
6711 4712
64996 5069
13503 3781
35301 3582
35301 6814
15798 3854
6711 6212
1213 3671
64996 3780
64996 7611
13503 4977
13503 7163
13503 1787
35301 4392
35301 3863
15798 4270
1213 4690
1213 7217
1213 6379
1213 6609
64996 1422
6711 3550
13503 4803
35301 6211
1213 3809
13503 6170
35301 6273
64996 4933
23399 3651
13503 6202
42541 3837
44995 3658
44995 6707
22425 5313
59160 3600
59160 3659
35301 3676
2293 3772
14610 4109
1576 4238
56875 3699
39467 3622
44995 4183
8746 5653
56505 3981
36031 3684
11449 3682
48312 3680
10326 3676
45613 3658
39187 3593
31920 3756
8075 4683
44995 5165
44995 3681
5764 3628
59160 3666
59160 3616
47922 5035
44995 3784
59160 5136
1723 3769
44995 4091
47753 3818
11042 3971
59160 6089
51332 3652
48414 3710
1723 3648
1723 6938
44995 3646
13445 4644
45875 3740
51332 4063
51332 6891
48414 4573
48414 7336
48414 6422
48414 6372
1723 5104
1723 3788
48414 6187
1723 3763
47798 3640
50055 3678
9010 3848
13445 3604
13445 6881
45875 3624
45875 7179
45875 6391
45875 7666
51332 6293
51332 3727
48414 6982
1723 4155
48414 3835
1723 6387
58145 2386
38561 64
8222 3603
58145 4100
9010 3634
9010 7193
9010 5150
9010 6451
13445 2299
13445 5093
23236 3723
48414 3678
1723 3793
45875 6113
51332 6455
48414 3929
1723 6036
4227 3742
4227 147
65343 3591
65343 3693
45010 3657
48394 3884
9010 6102
4227 3826
13445 3594
45875 4857
51332 4935
48414 3644
1723 3703
1723 3649
1723 3689
51332 6240
32179 4103
32179 3687
32179 3612
52526 3784
52526 3781
48414 3634
1723 4831
48414 736
45875 3805
32179 3592
51332 3645
1723 6099
48414 3835
48414 3747
48414 3701
48414 4436
1723 3623
44995 4769
44995 5110
51332 6670
38188 5486
59160 3588
59160 3837
59160 6043
44995 3640
10370 3795
54403 3767
48185 3637
60859 3667
10370 3674
32186 4714
54403 5562
10370 5652
54403 6979
60859 6036
32186 4946
32186 7390
32186 6408
32186 6838
54403 4926
60859 7381
60859 6393
60859 6251
10370 5014
54403 5082
10370 3880
10370 3630
54403 3727
54403 6127
32186 4732
32186 4964
54403 3631
54403 3620
32186 3735
60859 2756
10370 3622
10370 3613
32186 4818
54403 4947
44995 3668
44995 3871
59160 3659
32186 4063
59160 6084
44995 3611
40768 4340
51894 3781
40768 3616
40768 7030
51894 5469
51894 6946
51894 6398
51894 6284
40768 4244
40768 4238
40768 6240
40768 3786
45875 6097
51894 3765
51894 3828
40768 4675
40768 5198
51894 3609
45653 3865
51332 3770
5629 3791
41379 3624
41379 3623
35900 3679
51894 6549
40768 3760
40768 5217
51894 3597
51894 6609
51894 7281
51894 6350
51894 6768
40768 5168
51894 6402
51894 6478
40768 4174
35900 53
44995 6027
44995 4188
51894 6574
51894 6153
51894 6324
40768 5443
51894 6524
51894 6140
40768 4923
51894 3744
40768 3606
40768 6100
51894 6564
51894 6208
40768 3741
51894 3703
51894 6545
40768 5004
51894 6748
40768 5022
40768 6209
54403 4174
6711 1547
1723 3710
1723 4636
59160 4878
59160 3864
51894 3597
32186 3846
32186 6113
51894 4499
51894 6349
51894 6209
40768 4881
51894 6528
51894 6732
40768 4887
51894 4822
51894 6342
40768 3732
51894 3716
51894 6379
51894 6677
40768 5112
51894 6969
40768 5034
59160 4266
44995 4586
11573 3976
22836 5081
42293 3679
57653 3816
7476 3651
51894 3667
48588 4212
36302 3724
22836 3784
11573 4603
7631 5197
42293 3744
60879 3652
32206 3656
57653 3733
7476 3807
42293 7221
11573 6502
22836 7443
7476 6338
57653 6375
7631 3703
48588 3771
36302 3659
32206 3608
60879 3625
7631 7373
7631 6545
7631 6300
42293 3615
60879 8010
54403 5882
60879 6407
60879 6474
57653 4865
36302 7418
36302 6499
36302 6336
22836 6175
32206 8121
32206 6713
32206 6435
7476 3718
48588 7388
48588 6551
48588 6786
11573 5438
42293 5064
57653 3709
22836 3752
7476 3685
40768 4641
11573 5248
57653 3665
7476 3681
11573 3648
42293 3687
22836 4685
42293 5724
42293 3833
42293 4647
22836 5165
22836 3757
7631 6111
7631 3660
42293 3625
42293 3619
60879 6127
60879 3658
57653 3611
57653 4160
36302 6193
36302 3809
22836 3640
22836 3778
32206 4951
32206 4995
7476 3713
7476 3623
60879 3652
57653 3631
48588 6138
11573 4243
48588 3891
11573 3814
48588 3793
11573 3857
7631 3676
32206 3580
36302 6023
7476 3582
7631 3597
36302 3595
51894 3906
7631 1620
42293 3622
7631 6371
7631 3777
42293 3793
7631 6526
42293 5191
7631 7042
42293 5868
7631 6869
7631 6419
7631 6354
7631 6835
7631 5432
7631 3657
42293 3739
36302 6432
36302 6436
36302 6903
36302 6521
22836 6192
36302 6589
36302 6429
36302 7071
36302 6880
22836 5536
36302 6408
36302 6885
36302 6377
36302 6353
22836 6128
36302 6803
22836 5064
36302 6440
22836 5033
36302 6464
22836 5090
36302 6522
36302 6395
36302 6928
36302 6407
36302 6912
22836 5178
36302 6872
36302 6401
36302 6581
36302 6387
36302 6318
36302 6384
36302 6871
36302 6866
36302 6949
22836 5179
36302 6420
36302 6359
36302 6554
36302 6657
36302 6370
36302 3792
36302 3624
36302 6407
36302 6928
22836 5096
36302 6427
36302 6397
36302 6372
36302 6623
36302 6387
36302 6398
36302 6464
36302 6924
22836 5619
36302 6389
36302 6084
22836 3624
51894 3800
40768 3597
36302 6394
36302 6457
36302 6401
36302 6906
36302 5728
22836 4166
36302 6414
22836 5129
36302 6454
36302 6476
36302 6449
22836 4910
36302 6455
36302 6464
36302 6388
36302 6424
36302 6317
22836 6135
36302 6565
36302 6550
36302 6636
22836 6206
36302 6437
36302 6411
36302 6208
22836 4063
41379 3614
35900 3619
7631 3614
15798 3621
6711 3714
15798 1010
6711 1219
15798 3620
6711 3773
48414 3661
1723 3616
48414 234
1723 3574
1723 6299
48414 4125
1723 3601
12769 3585
48414 3548
1723 3801
43385 3818
40768 3939
42293 6059
42293 3663
42293 3814
42293 3680
42293 6025
42293 3658
42293 3760
42293 4137
42293 6051
42293 3791
42293 3821
42293 3774
42293 4758
42293 5268
42293 3708
42293 4467
42293 4677
42293 5260
7631 3510
7631 3611
7631 3579
7631 18
7631 3841
7631 3591
7631 1258
7631 4988
7631 924
7631 218
7631 3607
7631 3603
7631 6707
7631 4946
42293 3592
7631 6263
7631 4138
42293 3829
7631 6438
7631 3733
42293 3688
7631 3825
7631 4677
42293 4897
7631 3522
42293 3665
7631 6358
7631 4890
7631 4999
42293 3616
7631 206
42293 3805
7631 5056
7631 3725
42293 3603
7631 835
42293 3642
7631 649
42293 4109
7631 402
42293 3613
7631 6447
7631 2131
42293 4088
7631 6853
7631 3920
7631 4751
42293 3790
7631 6376
7631 3641
42293 4087
7631 703
42293 4094
7631 6373
7631 6409
7631 1521
42293 3691
7631 7216
42293 5397
7631 6401
7631 7308
7631 6383
7631 6376
7631 7081
42293 5393
7631 6370
7631 6867
42293 5179
7631 6596
42293 5297
7631 6359
7631 6378
7631 7349
42293 5492
22836 5031
22836 3726
22836 3672
22836 4709
22836 5221
22836 3924
22836 3728
22836 4706
22836 5118
22836 3671
22836 3717
22836 5991
22836 3721
22836 4151
22836 4884
22836 5099
22836 3665
22836 3740
22836 4825
22836 5013
22836 3702
22836 4704
22836 5026
51894 3748
36302 3631
36302 3698
36302 3798
36302 3675
36302 3629
36302 6518
36302 7011
36302 6431
36302 6382
36302 6432
36302 6433
36302 6703
22836 4908
36302 6518
36302 6373
36302 6413
36302 6368
36302 6407
36302 6770
22836 4231
36302 6367
36302 6391
36302 7153
36302 6405
22836 6209
36302 6866
22836 4927
36302 6456
36302 6719
36302 6305
36302 6372
36302 3726
36302 6842
36302 6418
36302 6389
36302 6377
36302 6639
22836 4952
36302 6977
36302 6396
36302 6360
36302 6364
36302 6514
36302 6381
36302 6572
36302 6432
22836 5382
36302 6538
36302 6374
36302 6568
36302 6855
36302 6449
36302 6530
36302 6593
36302 6833
22836 5346
22836 3668
36302 6576
36302 6405
36302 2615
22836 3795
36302 5101
22836 3685
36302 3591
36302 4063
22836 4845
22836 5027
22836 3691
22836 4504
22836 6143
22836 3722
22836 3726
22836 4716
22836 5033
22836 3690
22836 3716
22836 4794
22836 5130
22836 3837
22836 3704
36302 6800
22836 5531
36302 6397
22836 3631
36302 6430
36302 6398
36302 6357
36302 6370
36302 6738
22836 5051
22836 4788
36302 6395
22836 5060
36302 6487
22836 6188
36302 6464
36302 6857
36302 6437
36302 6386
36302 6442
36302 7477
22836 5692
36302 6398
36302 6489
36302 6846
36302 6367
36302 6473
36302 6382
36302 6459
36302 3841
36302 6391
22836 6191
36302 6793
36302 6436
22836 6021
36302 6388
36302 6296
22836 5322
36302 6509
36302 6539
36302 6399
22836 4837
36302 6559
36302 6394
36302 6466
22836 5298
22836 4739
36302 6378
36302 6380
22836 6130
36302 6575
22836 5089
36302 7024
36302 6425
22836 4868
36302 6401
22836 4992
36302 6373
36302 6509
22836 6160
36302 7053
36302 6335
36302 6375
36302 6482
36302 6383
22836 4885
22836 3666
22836 4822
22836 5021
22836 3684
22836 4154
36302 3741
22836 6231
22836 3832
22836 3692
22836 4745
22836 5041
22836 3703
36302 3629
22836 4857
22836 5058
36302 3681
36302 3583
36302 1187
36302 872
36302 3607
36302 6772
22836 5042
36302 6419
22836 4950
36302 6385
22836 5084
36302 6409
36302 6352
36302 6400
36302 6703
36302 6735
22836 5565
36302 6380
22836 5352
36302 6410
22836 5046
22836 4878
36302 6416
36302 6434
36302 6504
36302 6376
36302 6350
36302 6973
22836 5067
36302 6861
36302 6415
22836 4863
36302 6583
36302 6842
36302 6401
36302 6364
36302 6496
36302 7008
36302 6725
22836 5010
36302 6399
36302 6209
22836 3611
36302 6441
22836 6185
36302 6389
36302 6480
36302 6398
36302 6407
36302 6501
22836 6317
36302 6368
36302 6478
36302 7138
22836 5541
36302 6855
36302 6392
36302 6483
22836 6161
36302 6507
36302 6738
22836 4935
36302 6968
22836 5199
36302 6413
36302 7011
36302 6686
36302 315
22836 6247
36302 4684
51894 5522
36302 738
36302 4073
36302 3742
36302 6668
22836 5387
36302 6367
36302 6393
36302 6849
36302 6542
22836 5123
36302 6367
36302 6681
22836 5043
36302 6433
36302 6740
22836 5291
36302 6517
36302 6495
36302 6425
36302 6609
22836 4938
36302 6374
36302 6589
36302 6362
36302 7298
36302 6717
22836 4923
36302 7041
36302 6453
36302 6384
36302 6553
36302 6500
36302 6919
36302 6875
36302 6561
36302 6372
36302 6410
36302 6370
36302 6385
36302 6263
22836 6103
36302 6748
36302 6518
36302 6559
36302 6503
36302 6373
36302 6277
36302 1380
22836 3792
40768 3600
44995 5660
44995 4522
59160 3602
59160 3680
59160 6333
44995 5056
57855 4366
40768 3717
40768 6096
51894 3643
51894 3608
55669 3795
57855 3688
57855 6854
42293 3663
42293 6125
42293 3693
51894 621
40768 3688
7631 6650
7631 6405
7631 6571
7631 6379
7631 6377
42293 4876
7631 6382
7631 4845
42293 3657
7631 5210
42293 3786
7631 4665
55669 4931
55669 7702
55669 6406
57855 4863
55669 6314
7631 7490
42293 6319
7631 6552
7631 6409
7631 6507
42293 6199
7631 6363
7631 6503
7631 6811
7631 6405
42293 6149
7631 6548
7631 6416
7631 6692
7631 6956
42293 5745
7631 6674
42293 4990
7631 6386
7631 6380
7631 6560
7631 6389
7631 6441
7631 6374
7631 6369
7631 6424
7631 6851
42293 5188
7631 6249
42293 3816
7631 6405
7631 6524
7631 7000
7631 6457
7631 6588
7631 6396
7631 6360
7631 6411
42293 6115
7631 6304
57855 6067
7631 6453
42293 3603
7631 6385
7631 6585
7631 6414
7631 6442
7631 6398
7631 6527
42293 6301
7631 6416
7631 3720
42293 3767
42293 4647
42293 5140
42293 3686
42293 3704
42293 3741
42293 5993
42293 3780
42293 3671
42293 4182
42293 6087
42293 3905
42293 4377
42293 6264
42293 3725
55669 3594
55669 3681
57855 6395
42293 5063
42293 5026
42293 3705
42293 3981
42293 4818
42293 5237
42293 3844
42293 3699
7631 1536
7631 4737
7631 4981
7631 539
7631 270
42293 4775
7631 6175
7631 4995
42293 3645
7631 3835
7631 4688
42293 4908
7631 6390
7631 6405
7631 6393
7631 6979
42293 6672
7631 6483
7631 6744
42293 5028
7631 6424
7631 6438
7631 6363
7631 6387
7631 6516
7631 3790
7631 6603
7631 6388
42293 6212
7631 6476
7631 6478
7631 6398
7631 6393
7631 6529
7631 6871
7631 6455
7631 6557
42293 6230
7631 6478
7631 6351
7631 7032
42293 5360
7631 6374
7631 6793
7631 6361
7631 6441
7631 6423
7631 6968
7631 6427
7631 6414
42293 4901
22836 4711
7631 6664
7631 6389
7631 1343
7631 6265
7631 3654
7631 93
7631 6109
7631 3628
42293 3607
22836 3794
22836 4717
22836 5047
22836 3804
7631 7607
7631 6683
42293 6244
7631 6421
7631 6386
7631 6714
7631 6369
7631 6439
7631 6408
7631 6376
42293 6039
7631 6405
7631 8256
7631 6166
42293 4977
7631 6630
42293 4100
7631 6417
7631 6404
7631 6437
42293 5153
7631 6405
7631 6388
7631 6845
7631 7064
42293 5405
7631 6596
7631 6431
7631 6412
7631 6871
7631 6874
7631 6900
42293 5559
7631 6594
7631 6651
7631 6548
7631 6864
7631 6244
7631 6429
7631 6359
7631 6481
42293 5100
7631 6410
7631 7518
7631 6431
7631 6411
7631 6514
7631 6580
7631 6600
7631 6566
42293 6395
7631 6405
7631 6517
7631 6323
42293 5158
36302 3606
36302 6563
36302 6392
36302 8288
36302 6701
22836 4447
36302 7025
36302 6401
36302 6680
36302 6505
36302 6730
36302 6691
36302 4141
22836 4216
36302 6700
36302 6728
36302 7137
22836 5946
36302 9619
36302 7111
36302 6401
36302 6514
22836 5176
36302 6558
36302 7003
36302 6567
36302 6512
36302 7257
22836 5510
36302 6666
36302 6665
36302 6433
22836 4972
36302 6989
36302 6633
36302 6636
36302 6485
36302 6482
36302 6490
36302 7008
36302 4905
36302 6573
22836 5321
36302 6615
36302 6846
36302 6665
36302 6822
36302 6984
36302 6470
36302 6455
36302 8612
22836 7593
36302 6592
36302 7048
36302 6472
36302 6688
36302 6540
36302 6976
36302 6875
36302 4043
36302 7357
22836 5258
36302 7481
36302 6489
36302 6534
36302 6571
36302 6523
36302 6521
36302 7382
36302 7439
22836 6021
36302 6950
36302 6695
36302 6617
36302 6847
36302 6647
36302 7026
22836 5387
7631 6876
7631 6509
42293 5024
7631 6651
7631 8705
42293 6663
7631 6612
7631 6526
7631 6737
7631 6493
7631 6482
42293 4099
7631 6521
7631 6562
7631 6809
7631 4592
42293 3759
7631 6518
42293 5316
7631 6553
7631 6482
7631 6890
42293 5066
7631 6724
7631 6493
7631 6612
7631 6929
7631 6497
7631 6527
42293 5334
7631 6611
42293 5289
7631 6547
7631 6598
7631 6669
7631 6588
7631 8465
42293 5618
7631 6685
7631 6282
42293 4075
7631 3784
42293 3750
36302 6819
22836 5288
36302 6516
36302 6592
36302 6638
22836 5183
22836 6381
36302 7162
22836 5386
36302 6576
36302 6534
36302 6540
36302 6536
36302 6676
22836 4343
36302 6489
36302 6484
36302 6631
36302 6497
36302 6805
22836 5065
36302 6508
36302 6533
36302 6608
22836 4237
36302 8572
22836 7348
36302 6494
36302 6526
36302 6811
22836 5158
36302 6537
36302 6524
36302 6607
36302 10111
36302 6906
36302 6464
36302 6506
36302 6688
36302 6815
22836 5362
36302 6510
36302 6650
36302 6515
36302 6558
36302 6369
36302 6576
36302 6567
36302 6534
36302 7386
22836 5405
36302 6809
36302 6618
36302 6485
36302 6520
36302 6831
36302 6966
36302 8601
36302 6701
22836 5459
36302 6507
36302 6574
36302 6598
36302 6462
36302 6523
36302 6985
36302 7132
36302 6836
22836 5666
36302 6693
36302 6674
36302 6765
36302 6488
36302 6713
36302 6853
36302 6791
36302 6572
22836 6609
36302 6581
36302 6616
36302 6835
36302 6523
36302 6576
36302 6562
36302 6557
36302 6494
36302 6608
22836 5189
36302 6631
36302 8628
36302 6566
36302 6655
36302 6544
36302 6536
36302 6677
36302 6530
22836 5185
36302 6701
36302 6733
36302 6589
36302 6494
36302 6682
36302 3897
36302 6537
36302 6435
36302 7095
22836 3803
36302 6518
36302 6485
36302 6597
36302 6696
36302 6612
36302 6485
36302 6696
36302 7247
22836 5286
22836 5038
36302 6504
36302 6380
36302 6546
36302 8375
36302 6557
36302 7114
36302 6571
36302 6892
22836 5211
36302 6715
36302 6382
36302 6469
36302 6712
36302 6390
36302 6546
36302 6494
36302 6386
22836 6173
36302 6376
36302 7325
36302 6389
36302 6370
36302 7217
22836 5977
22836 5116
36302 3407
22836 4591
55669 5175
55669 6381
55669 6955
57855 5192
55669 6431
55669 6776
57855 5141
55669 8228
57855 6350
55669 6472
55669 6735
57855 4931
36302 3605
36302 1345
22836 3721
36302 53
22836 3593
36302 52
22836 3739
40768 6032
40768 6340
40768 4174
40768 6193
40768 3693
40768 6537
40768 6409
40768 3705
40768 3671
51894 2046
40768 7123
51894 1698
40768 7077
40768 5681
51894 3229
40768 6419
51894 3682
51894 4084
40768 7127
51894 2528
40768 6411
51894 3685
40768 6393
51894 3650
40768 6384
51894 4089
51894 5219
40768 6643
51894 5307
40768 6606
51894 5077
51894 6000
40768 6421
51894 4910
40768 6693
51894 3692
51894 3695
40768 6895
51894 1905
40768 7068
51894 3551
40768 6568
51894 2483
40768 7462
51894 5430
40768 6412
51894 6105
40768 6371
51894 3634
51894 3652
40768 3766
51894 4759
40768 6861
51894 3632
51894 3805
51894 3879
51894 3736
40768 6382
51894 5297
51894 3626
40768 3580
51894 6392
51894 6534
40768 4914
51894 6501
51894 6657
40768 4723
51894 6543
51894 6696
40768 4933
51894 4100
40768 7096
51894 5151
40768 4362
51894 224
40768 6553
51894 2284
51894 3598
51894 3585
51894 4147
51894 1345
51894 5006
51894 3866
51894 3608
51894 3590
51894 3670
51894 3844
40768 6570
51894 3899
51894 3668
51894 3770
40768 3780
51894 3656
51894 4837
51894 439
40768 3739
51894 3669
40768 3793
51894 987
51894 5516
40768 3586
51894 3779
51894 3651
51894 3637
51894 3752
51894 3803
40768 3719
51894 4697
51894 2675
51894 3830
40768 3779
51894 3640
40768 3791
40768 6127
51894 6377
51894 6360
40768 3618
51894 6531
51894 6544
40768 5043
51894 6472
51894 6737
40768 5020
51894 6386
51894 6265
40768 4890
51894 6401
51894 346
40768 5205
51894 6454
51894 6813
40768 5361
51894 6488
51894 6830
40768 4918
51894 6416
51894 6270
40768 4844
51894 6466
51894 2419
40768 3681
51894 6385
51894 6764
40768 5266
62505 792
6476 3743
13306 4124
13306 3714
42293 4688
7631 6324
7631 3877
42293 3638
54407 3628
54407 3672
54407 3645
54407 4707
13306 4957
54407 6374
54407 7256
13306 7054
54407 6378
54407 6429
13306 6017
54407 6412
54407 6575
54407 6437
13306 6229
54407 6726
13306 5098
54407 6381
54407 6387
54407 6274
13306 5027
54407 6961
13306 5162
54407 6407
54407 6959
13306 5487
54407 6633
54407 6564
54407 6479
54407 6388
54407 6389
54407 6386
13306 6056
54407 6428
54407 6839
54407 6449
54407 6811
13306 5073
54407 6944
54407 6398
54407 5020
13306 3601
13306 3848
25640 3623
25640 3602
58701 3595
54407 3590
54203 3624
58701 1130
6476 1295
44995 4134
44995 3721
44995 5096
44995 5036
48028 3649
48028 3826
59160 3777
59160 4617
59160 5790
44995 5065
44995 3633
44995 6120
44995 3651
44995 3749
44995 3668
44995 6257
59160 4004
59160 3701
64180 4281
64180 3834
64180 3601
64180 6126
48028 5008
64180 6391
64180 6679
48028 5036
64180 6417
64180 6381
64180 4869
48028 3749
59160 327
44995 3617
59160 2271
59160 814
44995 3816
2574 3980
59160 3663
59160 3835
44995 3633
62583 4693
2574 3610
2574 7135
62583 498
2574 6167
59160 3866
62583 7295
62583 6987
62583 6435
2574 6161
2574 3768
2574 4172
2574 6142
62583 3765
62583 6335
2574 4125
62583 3689
2574 3700
62583 7321
2574 5326
62583 6458
62583 6365
62583 6688
2574 5247
62583 6409
62583 6545
62583 6366
2574 4839
62583 6362
62583 6406
62583 6372
62583 6593
62583 6399
62583 6619
2574 5168
25640 3632
58701 3618
62505 3665
6476 3628
44995 4057
62583 3586
39561 4125
54203 4579
59160 5306
33956 3792
44995 3586
20669 3826
13365 3849
33956 3620
33956 6941
1045 3856
20669 4604
20669 7143
13365 3848
13365 7520
13365 6525
13365 7189
33956 4906
13365 6766
33956 5548
33956 5055
33956 3791
33956 4811
23335 5032
23335 3809
37764 3699
37764 3652
35807 4618
35807 5076
35807 3618
2574 3723
23189 1264
35807 6088
23335 3607
35807 6400
35807 6352
23335 4837
35807 6848
35807 7745
23335 6259
35807 6483
35807 6402
35807 6394
23335 6215
35807 6376
35807 6955
23335 5513
35807 6402
35807 6439
35807 6527
35807 6553
23335 5240
35807 6468
35807 7037
23335 5465
35807 6390
35807 6725
23335 4933
35807 6647
23335 5055
35807 6685
35807 6407
35807 6891
23335 5625
35807 6361
35807 7047
35807 6384
35807 6404
23335 5271
35807 6569
23335 6082
35807 6476
35807 6390
35807 6438
23189 3649
23189 6464
23189 3661
35807 6376
35807 6548
23335 6371
37764 6732
35807 6413
35807 6526
23335 4871
35807 6466
35807 6890
23335 4937
35807 6551
23335 6119
2574 3656
2574 6036
2574 3689
2574 3780
62583 3618
2574 5458
62583 5115
2574 3715
62583 3605
62583 6522
62583 6502
62583 4018
2574 3655
2574 3895
2574 6033
62583 3647
2574 3645
2574 3709
2574 4682
2574 5449
2574 3728
62583 6397
62583 6246
2574 3609
44995 4082
44995 3745
62583 6357
62583 6417
62583 3684
2574 3607
62583 6885
62583 6424
62583 6790
2574 5005
62583 6354
35807 6491
35807 7048
35807 6411
35807 6378
23335 4892
35807 6384
35807 6565
23335 5109
35807 6382
35807 6768
23335 5170
35807 6433
35807 6628
23335 4945
35807 6410
35807 6376
35807 6405
23335 6166
35807 6547
23335 5403
35807 6525
35807 6439
23335 6047
35807 6462
35807 6514
35807 6457
35807 6806
23335 5205
35807 6435
35807 6371
35807 6865
35807 6987
23335 4973
13306 4515
35807 6552
35807 6375
23335 6218
35807 6453
35807 6672
23335 5040
35807 6544
23335 5057
35807 6390
35807 6349
35807 6395
35807 6366
35807 6419
35807 7375
35807 7587
23335 6198
35807 6405
35807 6392
35807 6364
35807 6407
35807 6358
35807 6721
35807 6653
23335 5028
35807 6381
35807 3753
23335 4622
62583 3807
62583 389
62583 6968
2574 4905
62583 6567
62583 6253
2574 5197
62583 6445
62583 6488
62583 6382
2574 3602
62583 6696
2574 5605
62583 6399
62583 6749
2574 5211
62583 6396
62583 5091
2574 3617
62583 6247
62583 6509
62583 4796
2574 4988
62583 6990
2574 5104
62583 6399
62583 6286
2574 5299
39561 3648
54203 3582
59160 3645
44995 4645
44995 5063
44995 4411
44995 3760
59160 6081
54407 3745
35807 3172
23335 3615
59160 3693
59160 5969
44995 3711
59160 3659
59160 3752
44995 5382
59160 5115
42901 3841
61010 3590
1045 3610
1045 7731
1045 6801
20669 5180
1045 6378
54407 3689
54407 6481
13306 6014
54407 6382
54407 6416
13306 6073
54407 6379
54407 6610
13306 5017
54407 6394
54407 6499
54407 7470
13306 5777
54407 6426
54407 6953
13306 5058
54407 6581
13306 5023
54407 6353
54407 6536
13306 6324
54407 6421
54407 6401
13306 4948
54407 6430
54407 6705
13306 6500
54407 6797
54407 6414
54407 6408
1045 6357
13306 3618
20669 3588
54407 4773
13306 3624
20669 5066
13306 3838
1858 3586
27755 3888
42901 3632
42901 7161
34294 4357
13365 6279
33956 4085
13365 3644
13365 4252
13365 3808
33956 7276
33956 4627
13365 5210
13365 3745
13365 7675
33956 3864
13365 6361
13365 6307
33956 3945
54407 3596
44995 3592
27755 3600
27755 7670
27755 6728
27755 6303
42901 6134
42901 5072
42901 5214
6953 3937
27755 6129
27755 4816
42901 5065
27755 6528
27755 6337
42901 4806
1045 3928
1045 5112
1045 5187
1045 4433
20669 3624
13365 3664
40768 3800
40768 6132
25203 5228
61938 3818
51894 3601
51894 6359
51894 6508
40768 5107
23335 3727
44995 4829
44995 86
33956 3846
59160 3310
59160 6131
44995 4257
17419 3863
35807 3738
35807 3804
23335 3735
35807 6433
35807 6393
23335 6267
35807 6579
35807 6383
35807 7107
23335 5269
35807 7142
35807 6452
35807 6866
23335 5208
35807 6469
35807 6402
35807 6621
23335 4929
35807 6383
35807 6560
35807 6866
35807 6497
23335 5037
35807 6824
23335 5189
35807 6382
35807 6899
35807 6422
35807 6377
23335 6245
35807 6952
35807 6450
35807 6528
23335 5362
35807 6565
23335 5305
35807 6446
35807 6388
35807 6481
35807 6605
23335 4431
59160 3614
59160 5833
35807 6537
35807 6516
23335 5201
35807 6573
35807 6511
35807 6647
23335 4952
59160 6299
44995 3745
35807 6574
23335 5274
35807 6474
35807 6887
23335 5068
35807 6380
35807 6427
35807 6450
35807 6513
35807 6403
35807 6602
23335 5122
35807 6409
35807 6400
23335 6103
35807 6380
35807 6731
23335 5153
44995 4475
44995 3805
42230 3858
17419 3743
17419 7851
35807 6657
35807 6478
35807 6818
23335 4906
35807 6859
35807 6387
23335 6183
35807 6382
35807 6407
35807 6722
23335 6319
35807 6427
35807 6400
35807 6472
35807 6754
35807 7450
23335 5426
35807 6576
35807 6603
23335 6353
35807 6340
35807 6544
23335 5091
35807 6394
35807 6512
59160 5318
23335 3607
35807 6431
35807 6408
35807 6394
35807 4824
35807 7047
35807 6856
35807 6587
23335 6288
35807 6378
35807 6382
59160 3649
23335 5070
59160 4098
44995 3602
947 3777
35807 6468
35807 6556
23335 6389
35807 6408
35807 6806
35807 6433
23335 4910
35807 6614
35807 6647
23335 6247
35807 6399
35807 6195
23335 4906
35807 3402
23335 3569
42230 3692
42230 7516
42230 3620
17419 3635
27947 4298
947 3838
947 7278
17419 3658
17419 3719
17419 6177
23335 3697
27947 4659
27947 6092
947 3826
947 3741
947 6956
42230 5771
42230 3661
42230 3614
17419 3638
17419 3733
42230 3618
42230 6140
17419 3707
35807 3627
35807 4840
23335 4947
35807 6551
35807 6597
35807 6735
35807 6882
35807 6875
23335 5213
35807 6909
35807 6619
35807 6401
35807 6896
35807 6393
35807 6394
35807 6370
35807 6387
35807 6368
35807 6617
23335 6237
27947 1643
947 3741
35807 6823
23335 5187
35807 6697
35807 6397
35807 6355
35807 6439
23335 6312
947 4612
35807 6388
35807 6396
35807 6395
35807 6602
35807 6428
35807 6900
35807 6507
35807 6401
35807 6486
35807 6411
35807 6417
35807 7229
23335 5663
35807 6555
35807 6383
35807 8357
35807 6459
35807 6387
35807 7273
35807 6415
23335 6271
35807 6420
23335 4833
35807 6523
35807 6497
35807 6545
35807 6794
23335 6303
35807 6374
35807 6352
35807 6404
35807 6413
23335 6229
35807 6909
27947 5092
35807 6516
35807 6474
35807 6828
23335 5203
13365 3628
13365 3777
13365 3774
13365 3692
13365 6659
33956 3618
27947 3598
27947 6227
27947 6932
947 5147
27947 6216
27947 3641
947 3614
947 3615
35807 6555
35807 6408
35807 6523
23335 6307
35807 6429
23335 4984
35807 6370
35807 6891
23335 6446
35807 6706
35807 6436
35807 6412
35807 6479
23335 5062
35807 6525
35807 6371
23335 6051
35807 6925
23335 5080
35807 6387
35807 6462
35807 7099
23335 4810
35807 7241
23335 6113
35807 6410
35807 6384
35807 6413
23335 6196
35807 6389
35807 6763
23335 4918
35807 6582
23335 6295
35807 6457
35807 6414
23335 6256
35807 6401
35807 6438
35807 7244
23335 5610
35807 6475
35807 3646
23335 3750
42230 3717
27947 3701
13503 3640
13503 4759
35301 3652
17419 5178
64996 3586
35301 77
42230 4114
42230 4632
42230 5122
17419 3623
23335 3864
17419 6082
35807 3651
42230 3680
42230 3735
17419 3780
35807 6044
23335 3782
35807 6345
35807 6517
23335 5107
35807 6466
35807 6396
35807 6515
23335 6176
35807 6374
35807 6351
35807 6567
23335 6338
35807 6417
35807 6368
35807 6891
23335 5191
35807 6454
23335 6221
35807 6384
35807 6438
23335 6082
35807 6930
35807 6702
23335 5056
35807 6388
35807 6356
23335 6009
35807 6447
35807 6887
23335 6580
35807 6393
35807 6833
23335 6654
35807 6813
35807 6925
23335 5167
35807 7047
35807 6665
35807 6371
35807 6684
23335 5086
35807 6641
35807 6438
23335 6251
35807 6534
35807 6406
35807 6350
23335 5683
35807 6418
35807 6843
35807 6905
23335 5422
35807 6965
23335 6595
35807 6391
35807 6932
23335 5218
35807 6369
35807 6423
23335 6195
35807 6580
35807 6752
23335 5691
35807 6407
35807 6648
35807 6417
35807 6729
23335 5267
35807 6528
35807 6609
35807 6381
35807 6504
35807 6427
23335 6104
35807 6398
23335 5145
35807 6782
35807 6413
23335 6225
35807 6417
35807 7030
23335 5583
35807 6550
35807 6576
23335 6332
35807 6869
35807 6542
35807 6406
35807 6503
23335 6307
35807 6549
35807 6423
23335 4888
22298 3704
35807 6409
35807 7234
35807 6435
35807 6405
35807 6425
35807 6411
23335 4131
64404 3972
35807 6383
35807 6370
35807 6493
23335 6147
35807 6380
23335 6157
35807 6406
35807 6367
35807 6909
23335 4937
35807 6377
35807 6397
35807 6664
35807 6670
23335 4901
35807 5999
23335 3721
17419 3757
35807 4969
42230 3647
42230 4175
35807 3790
17419 3819
23335 3579
35807 6491
35807 6494
23335 6068
35807 6824
35807 6411
35807 6428
35807 6731
35807 6668
23335 5029
35807 6530
35807 6830
23335 5209
35807 6617
35807 6535
35807 6362
35807 6523
35807 6633
23335 5024
35807 6517
35807 7081
23335 5082
35807 7215
35807 6536
35807 6408
35807 6403
23335 6151
35807 6386
35807 7212
35807 6457
35807 7075
23335 4922
35807 6414
35807 6400
35807 6543
35807 7070
23335 5077
35807 6463
35807 6399
35807 6348
35807 6454
23335 6314
35807 6871
35807 6425
35807 6522
35807 6622
23335 4957
35807 6546
35807 6382
35807 6485
35807 6472
23335 6308
35807 6390
35807 6584
35807 7013
35807 7111
23335 5065
35807 6490
35807 6539
23335 6379
35807 6841
35807 6607
23335 5133
35807 6496
35807 7095
23335 6594
35807 6378
35807 6347
35807 6411
35807 6979
23335 5089
35807 6386
35807 6408
35807 6564
23335 6191
35807 6511
35807 6376
35807 6366
35807 6502
35807 6390
23335 6186
35807 6857
35807 6606
23335 6435
35807 6508
35807 6423
35807 7293
23335 5841
35807 6480
35807 6372
35807 6378
23335 3763
35807 6557
35807 6383
23335 6246
35807 6387
35807 6406
35807 6939
35807 7023
23335 5066
35807 6410
35807 6576
35807 6372
35807 6378
23335 6068
35807 6427
35807 4023
23335 3852
35807 1325
23335 4092
38545 3678
9537 3889
1213 3588
64996 3719
13503 3822
35301 3624
17419 6162
17419 7229
42230 3641
42230 3901
17419 3679
42230 4888
17419 5260
42230 3703
42230 4712
17419 4991
16901 3661
23495 4101
64004 3600
15302 3854
60673 3599
41100 3701
40768 4707
40768 5251
51894 3690
17419 6173
17419 6117
44995 3776
44995 3734
42230 3787
42230 3623
17419 4610
42230 5065
42230 3748
17419 3629
13445 3614
59160 2540
44995 3560
59454 5428
39999 3929
36080 3825
59454 4979
59454 4954
48370 4970
39999 3625
39999 6873
51894 6837
51894 6766
40768 4890
36080 3786
36080 8845
36080 7094
36080 6881
59454 5071
48370 3762
48370 7582
48370 6381
48370 6325
39999 4868
36080 6410
36080 3757
59454 3753
48370 6727
48370 4228
39999 3615
59454 3642
39999 1377
59454 6048
59454 4259
36080 6570
36080 3849
36080 4747
59454 3816
59454 4964
36080 3727
48370 3903
39999 5017
48370 312
39999 558
36080 3660
36080 6409
36080 6876
36080 6619
59454 6349
36080 6365
36080 6398
36080 6399
36080 6826
59454 4929
36080 6590
36080 6407
59454 6218
36080 6524
36080 6523
36080 6785
59454 4998
36080 6374
36080 6896
59454 6789
36080 7251
59454 3685
44995 3651
44995 3874
44995 3670
44995 6023
44995 3887
44995 3722
40768 6148
40768 6726
59160 3783
59160 3771
44995 3590
59160 3753
44995 3639
59160 6129
59160 3820
44995 4585
59160 4967
59160 3797
44995 3643
16649 4313
51894 3840
42675 4851
44995 4960
44995 3802
21165 3745
16649 4106
16649 6994
39032 3653
42675 3616
42675 7961
59160 3944
59160 5125
44995 3664
9010 3634
13445 3731
21165 3621
21165 7510
21165 6365
21165 6807
16649 5051
21165 6586
16649 3564
21165 6337
39032 4103
39032 4749
16649 4616
42675 4988
21165 3844
21165 6099
21165 3761
16649 3629
39032 6195
51894 6437
51894 6232
40768 3604
42675 3601
47258 3615
1501 3841
21770 3935
53137 4744
53137 5000
43275 4389
56586 3860
41640 3723
21770 3592
7641 4088
7641 3883
21770 7769
12969 3982
43275 3659
43275 6911
683 4689
56586 3935
56586 6886
41640 5137
12969 4103
41640 7338
41640 6477
41640 6594
21770 5299
683 3600
12969 7222
12969 6429
12969 6544
43275 5081
683 7208
683 6399
683 6752
56586 5176
41640 6534
41640 6275
21770 4199
7641 6590
53137 4012
7641 6243
12969 6776
12969 6397
43275 3608
683 6965
56586 5104
683 6291
7641 3863
53137 3614
7641 3640
7641 3743
53137 3612
21770 4678
43275 5005
56586 3800
53137 3652
43275 4086
56586 3648
21770 5201
21770 6206
21770 3698
21770 3755
41640 6180
41640 3738
21770 4099
41640 8142
21770 5431
12969 3839
43275 3695
12969 6586
43275 4153
12969 3667
43275 3689
683 6130
683 3796
683 3641
56586 3585
56586 785
12969 4948
43275 3591
683 3760
56586 3747
41640 3663
41640 3620
41640 6709
21770 5041
41640 6408
41640 7281
41640 6871
41640 6396
41640 6407
21770 6212
41640 6404
41640 6419
21770 6247
7641 3611
41640 6395
41640 6989
21770 5061
41640 6510
21770 4951
21770 5562
41640 6405
21770 6255
41640 6413
21770 3680
41640 6819
41640 6775
21770 5312
21770 6222
41640 6404
21770 5472
41640 6908
21770 5169
21770 3805
21770 4717
41640 6533
41640 6372
21770 6191
41640 6735
21770 5257
41640 6732
21770 5070
21770 3741
41640 6385
21770 5074
41640 7061
21770 4914
41640 6393
41640 6397
21770 5338
41640 6506
41640 6993
21770 5122
21770 4353
41640 6622
41640 6898
21770 5164
41640 6427
41640 6882
21770 6431
41640 6405
41640 6826
21770 4956
21770 3669
41640 6497
21770 6018
41640 7049
21770 3688
21770 3693
41640 6401
21770 6211
41640 6391
21770 3593
41640 6411
41640 6714
21770 5156
41640 6522
21770 6237
41640 6401
21770 6224
41640 6441
21770 6263
41640 6361
41640 6551
21770 6098
41640 6907
41640 6411
21770 6034
41640 6423
41640 6421
21770 4859
41640 6646
21770 5055
41640 6574
21770 3612
41640 6510
41640 5074
21770 3605
41640 6698
21770 5054
41640 6659
21770 5067
41640 6403
21770 6114
41640 6389
21770 3733
41640 6843
21770 4891
41640 6361
21770 5135
41640 6439
21770 6115
41640 6413
21770 5239
41640 6869
21770 5262
41640 6840
21770 6708
41640 6452
21770 5340
41640 6474
21770 6315
41640 6959
41640 7374
21770 5510
41640 6580
41640 6437
21770 4945
41640 6394
41640 6611
21770 5134
41640 6501
41640 6446
21770 6196
41640 6422
41640 6524
21770 6301
41640 6525
41640 6551
21770 6171
41640 6384
41640 6385
21770 6119
41640 6355
41640 6905
21770 5095
41640 6445
41640 6928
21770 3599
41640 6392
41640 6489
21770 5030
41640 6397
41640 6412
41640 6549
21770 6348
41640 6929
21770 5208
41640 6394
41640 6382
21770 6175
41640 6588
41640 6393
21770 6186
41640 6376
41640 6361
41640 6367
41640 6554
21770 6379
41640 6438
41640 6547
41640 6498
21770 6139
41640 6469
21770 6026
41640 6410
41640 6658
21770 6429
41640 6494
41640 6887
21770 5518
41640 6538
41640 6886
21770 5082
41640 7068
41640 6400
41640 6371
41640 6761
21770 5179
41640 6455
41640 6479
41640 6910
21770 5076
41640 6487
21770 6113
41640 6355
41640 6399
41640 6664
21770 5063
41640 6502
21770 3618
41640 6845
41640 6422
21770 6226
41640 6393
41640 6738
41640 7059
21770 5096
41640 6417
21770 6172
41640 6537
41640 6888
41640 6962
21770 5201
41640 6833
21770 5240
41640 6767
41640 6419
41640 6378
21770 5355
41640 6375
41640 6470
21770 6228
41640 6460
21770 6185
41640 6688
41640 6825
41640 7037
21770 4932
41640 6557
21770 6396
41640 6520
41640 6364
41640 6553
21770 5311
41640 6651
21770 5488
41640 6381
41640 6391
21770 5410
41640 6396
41640 6537
41640 6539
41640 7276
21770 5859
41640 6437
41640 6549
21770 6197
41640 6570
41640 6404
41640 6403
21770 3599
41640 6382
21770 4835
41640 6390
41640 6557
41640 6455
21770 6061
41640 6373
41640 6488
21770 5259
41640 6391
41640 6390
21770 6209
41640 6425
41640 6394
21770 5227
41640 6385
41640 6686
21770 6466
41640 6396
41640 6860
21770 4934
41640 6393
41640 6687
21770 5012
41640 7460
41640 6829
21770 5193
41640 6566
41640 6435
21770 6288
41640 6472
21770 3630
41640 6385
41640 6425
41640 6656
21770 5042
41640 6727
41640 6589
21770 5412
41640 6948
21770 4931
41640 6416
41640 6356
41640 6443
21770 6235
41640 6398
21770 4914
41640 6383
41640 6754
21770 5285
41640 6583
41640 6572
21770 5139
41640 6522
41640 6795
21770 5069
41640 7320
41640 6374
41640 4806
21770 4938
155 4235
27280 4081
26076 3967
46400 3861
21770 3848
21770 4720
21770 4986
42675 4800
42675 3813
42675 6134
42675 3862
16649 3656
16649 3782
16649 6643
42675 3757
41640 3608
41640 3791
41640 6646
21770 5020
41640 6418
41640 6414
21770 6123
41640 6375
41640 6625
21770 4934
41640 6368
41640 6754
41640 6399
21770 6234
39032 4715
41640 6639
21770 5322
41640 6600
41640 6413
41640 3787
39032 3637
21770 4761
39032 5193
42675 3605
39032 6485
42675 6340
39032 6445
39032 6411
39032 6637
42675 5159
39032 6463
39032 6394
39032 7208
42675 5741
41640 6432
41640 6366
41640 7065
21770 5094
41640 6651
39032 6398
42675 6160
39032 6423
42675 5402
39032 6403
39032 6919
42675 6615
21165 641
21165 6354
21165 6588
21165 6390
21165 6464
16649 5671
21165 6400
21165 6528
16649 4071
39032 6273
42675 3632
42675 3655
39032 6440
39032 3667
42675 3728
21165 6381
16649 6199
21165 6584
39032 6414
39032 7062
42675 5597
39032 6419
42675 6177
39032 6538
21165 6909
42675 5299
16649 3634
41640 6488
21770 6163
41640 6445
41640 7151
41640 7085
21770 5224
41640 6395
41640 6419
41640 6450
21770 6018
41640 6538
41640 6416
41640 6375
41640 6647
41640 6524
21770 6370
39032 6404
39032 6486
42675 6268
41640 6493
41640 6456
41640 6577
41640 6545
21770 5226
39032 6803
42675 5216
39032 6888
42675 6654
41640 6372
41640 6444
21770 6147
41640 6466
21770 6292
41640 6383
41640 6448
41640 7342
21770 6215
41640 6391
21770 5553
41640 6495
41640 6387
41640 7212
21770 5168
39032 6857
42675 5575
39032 6485
42675 6312
41640 6501
41640 6456
41640 6362
41640 6842
21770 5062
39032 6443
42675 6243
39032 6382
42675 5168
21165 6516
21165 7136
16649 5276
21165 6689
21165 6898
16649 5908
39032 6414
39032 6624
42675 5048
21165 6436
21165 6630
16649 6475
39032 7147
39032 6352
42675 5091
21165 6408
21165 6508
16649 6054
39032 6905
39032 6644
42675 4073
39032 6464
39032 7254
42675 5787
21165 6602
21165 6982
16649 4908
39032 6434
39032 6218
42675 4306
21165 6388
21165 6370
16649 4877
21165 6381
21165 7218
16649 6929
21165 6444
21165 6391
16649 4888
21165 6557
21165 7027
16649 5317
21165 6658
21165 7507
16649 5700
41640 6482
41640 6417
21770 6287
41640 6438
21770 5339
41640 6582
41640 6384
41640 6577
21770 5320
41640 6475
21770 4954
41640 6391
41640 6532
21770 6325
41640 6767
41640 6415
21770 4863
21165 6530
21165 7031
16649 4924
41640 6391
41640 7262
21770 4942
21165 6370
21165 6374
16649 5009
41640 6492
41640 6434
21770 6109
41640 7085
21770 5776
41640 6399
21165 6441
21165 6435
16649 5135
41640 6386
41640 7050
21770 4955
21165 6254
41640 6543
41640 6562
21770 5402
41640 6595
21770 4708
41640 6349
41640 6401
41640 6608
21770 5683
41640 6402
41640 6380
21770 6238
41640 6370
41640 6742
21770 4914
41640 6394
41640 6399
21770 6249
41640 6484
41640 6873
21770 5034
41640 6618
41640 7407
21770 5812
41640 6429
41640 6366
21770 5066
41640 6669
41640 6861
21770 5453
41640 6517
41640 6903
21770 5163
41640 7489
21770 6160
41640 6364
41640 6389
41640 7056
21770 5225
41640 6373
41640 7105
21770 5130
41640 6450
41640 6635
21770 5033
41640 4945
21770 4884
16649 3638
27198 3700
19379 3924
21770 3686
44995 3632
44995 6205
59160 1483
59160 4929
44995 3617
3900 5239
41640 6908
41640 6378
41640 6369
41640 6430
41640 6796
21770 5083
22084 3814
3900 4129
3900 7856
22084 3589
22084 7776
22084 6384
22084 6380
3900 6188
22084 6387
22084 3737
3900 3645
3900 3364
3900 3772
3900 3791
13306 6016
21770 3646
22084 3941
22084 6257
3900 3627
22084 3660
22084 3750
3900 5086
3900 4988
54407 3801
22084 3697
41640 6389
44995 3666
44995 6093
54407 4060
54407 6406
54407 6412
54407 6520
13306 4277
54407 6465
54407 6589
13306 5124
54407 6851
54407 6394
54407 6935
13306 5350
54407 7054
13306 5426
54407 6403
54407 6261
13306 3729
54407 6368
54407 6356
54407 6398
13306 6214
54407 7767
13306 6487
54407 6539
54407 6389
54407 7357
13306 5740
54407 6453
54407 6938
13306 4964
54407 6362
54407 6384
54407 6265
13306 6052
54407 6837
54407 6809
54407 6401
13306 4884
54407 6477
13306 6260
54407 6480
54407 6851
54407 6394
13306 6201
54407 6824
13306 4919
13306 3779
22084 6168
59160 3613
59160 3652
59160 4707
44995 3738
4095 5198
22084 4173
22084 3630
3900 3726
21770 3638
54407 4181
46634 4819
4095 4873
4095 6576
46634 3625
46634 7474
46634 6394
46634 6379
4095 6129
46634 3688
4095 3722
4095 5994
4095 3714
4095 5355
46634 4802
46634 6079
4095 3644
46634 3664
4095 3849
46634 2454
4095 5083
46634 4932
18940 3626
44995 3697
44995 3704
44995 3773
44995 6083
44995 3671
44995 3854
59160 3674
59160 6140
44995 5364
59160 4272
2748 3807
59160 3592
59160 4790
44995 5159
59160 3796
44995 3638
44995 6077
37764 3670
59160 3595
59160 6151
44995 3596
41652 3970
41652 3637
23335 6047
60987 3724
60987 3765
60987 6106
60987 3892
38948 3598
38948 3667
35807 4641
23391 4977
23391 3606
23391 3652
35807 3728
23335 3652
35807 6408
35807 6399
35807 6777
35807 7324
35807 6353
35807 6455
23335 6272
35807 6378
35807 6401
23335 4907
35807 6537
35807 6393
35807 6859
35807 6470
35807 6409
23335 5112
35807 6459
35807 6369
35807 7173
35807 6423
35807 6472
23391 5226
23335 3620
35807 6384
35807 6390
35807 6370
35807 6672
35807 6399
35807 6398
35807 6381
35807 6423
35807 7044
23335 5114
35807 6408
35807 6617
23335 5139
35807 7200
35807 6895
35807 6403
35807 6525
35807 7492
23335 6219
35807 6509
35807 6368
23335 6177
35807 6471
35807 6476
35807 6401
35807 6680
35807 6552
35807 6372
35807 6377
35807 6844
23335 6426
35807 6525
35807 6362
35807 6396
35807 6403
35807 6375
35807 6395
35807 6391
35807 6399
35807 6903
23335 4985
35807 6390
35807 6523
35807 6868
35807 6406
35807 6890
35807 6496
35807 6350
35807 6410
23335 6227
35807 6605
35807 6430
35807 6337
35807 6398
35807 6361
35807 6775
35807 6551
35807 6468
35807 6421
23335 6230
35807 6380
35807 6356
35807 7179
35807 6399
35807 6383
35807 6565
35807 6709
35807 6428
23335 6256
35807 6423
35807 6848
35807 6401
35807 6187
35807 4944
38948 3744
23335 3613
41652 4303
23189 4600
59160 5160
23391 4867
60987 3632
23391 5008
23391 3882
60987 3622
44995 3591
23189 3637
23189 6085
37764 3621
23189 3620
23189 3658
37764 3794
17419 6103
17419 3761
17419 6478
17419 6382
17419 6398
42230 6076
17419 6366
42230 3594
42230 909
42230 4914
42230 3686
17419 3647
42230 408
42230 6019
17419 4128
59454 4242
21770 4159
41640 6286
36080 6269
21770 4877
59454 3606
33031 4338
61573 4006
50091 3667
50091 4817
30108 3718
50091 5046
30108 581
43955 3718
64541 3799
5042 3604
26920 3600
50091 3614
39964 3706
61363 4725
1922 4992
37116 4013
48394 3701
3101 3757
27741 3823
52098 3731
64387 3600
23236 3649
64604 3780
15454 4753
45010 4964
8222 4265
54520 3687
8934 4108
22450 3653
27676 3957
5831 4225
60102 3574
19609 3837
56472 3661
8633 4698
10457 5497
5281 3663
162 3593
29185 3611
33284 3879
59552 3597
57856 3672
38468 3616
245 4642
19782 3736
57156 4944
31947 3605
39866 3750
64675 3641
17570 3606
47267 3680
29188 3788
4613 3708
57861 3680
47646 4849
20258 5150
19263 3612
51468 4335
10052 19
45112 3627
5958 1927
50233 4606
18240 1727
22586 3665
20656 3620
5296 3732
59569 3787
42059 3812
21579 3795
50250 4176
10064 1146
45111 5022
55640 3625
22967 3724
44995 3765
44995 3727
8222 527
20669 4611
45112 4969
45112 3801
50233 1423
22586 3655
22586 3667
45111 17
45010 3681
45010 3618
59160 1276
59160 3744
44995 3581
63954 4013
48594 3827
4358 4661
48594 3631
48594 7118
57606 5036
63954 3603
63954 6653
1045 3596
20669 3792
10064 3596
45111 3622
10052 4099
45112 3861
5958 4086
50233 3886
18240 5128
22586 3845
4358 2022
4358 7823
4358 6505
4358 6616
4358 6400
4358 4329
48594 3574
57606 272
57606 7857
57606 6540
57606 6555
57606 6377
57606 6022
63954 4127
48594 3935
63954 3756
48594 6180
4358 4674
48594 5910
57606 3813
63954 3888
4358 3843
4358 6244
48594 3645
57606 3673
44995 3658
44995 6040
59160 3568
59160 3811
4358 6107
48594 4240
63954 3643
44995 3617
59160 3767
58170 4788
16274 5191
58170 4300
58170 7527
44995 5978
16274 3774
16274 7559
16274 6412
58170 5399
16274 6373
16274 6809
58170 5051
58170 3734
58170 6060
58170 3739
16274 3642
16274 6162
16274 3640
58170 3624
58170 3676
16274 3662
50986 3836
32555 4099
12017 4767
20208 3779
26686 5093
9797 3997
16274 1636
58170 3758
16274 1468
16274 5048
58170 5187
44995 4148
44995 3704
44995 3761
44995 6102
44995 3792
44995 3715
59160 3622
59160 3864
59160 4616
44995 5025
59160 4008
59160 3652
59160 3793
44995 4617
59160 5159
26871 3606
23690 3816
59160 6233
44995 5308
49715 3815
49864 3770
49864 3619
26871 173
26572 3738
23690 3616
23690 6953
16274 6439
16274 6505
16274 6552
16274 3758
58170 3632
16274 7028
16274 6921
58170 5072
16274 6393
16274 6423
58170 3689
16274 6515
16274 6643
58170 4901
34355 3843
31282 3656
3635 3692
26572 1685
35144 3748
49715 3640
49715 7004
26572 7323
26572 6387
26572 6398
23690 6168
26572 7066
23690 5601
23690 5073
31048 3663
34355 3743
34355 6832
59721 3811
31282 3752
31282 6504
55627 3779
3635 3626
3635 7323
26572 6584
23690 5021
35144 4163
35144 7309
35144 7569
49715 5980
35144 6880
35144 6245
49715 3608
26572 3656
49715 3783
31048 3595
16274 6369
31048 7359
16274 6444
58170 6201
31048 6752
31048 6653
34355 5082
59721 3603
16274 6348
16274 6954
58170 5183
59721 7541
59721 6530
59721 6880
31282 5219
55627 3619
55627 7315
55627 7237
3635 6966
55627 7123
31048 6729
34355 5167
16274 6386
58170 3565
16274 6475
59721 6298
31282 6070
34355 5146
34355 3790
31282 3627
55627 6239
16274 6263
3635 3604
58170 3659
3635 3608
3635 3590
34355 6297
34355 6185
34355 3725
44995 3627
44995 6735
23690 5039
35144 3769
35144 3773
35144 3776
49715 3621
16274 6753
59160 3708
59160 3630
34355 3735
31048 4000
31048 6148
31048 4238
59721 3645
34355 3626
31282 3703
34355 3641
31048 6081
31048 6923
34355 4938
31048 6524
31048 6408
31048 6738
34355 5570
31048 6416
34355 4880
31048 6403
31048 6457
31048 6448
34355 6022
31048 6444
31048 6465
34355 6008
31048 6430
31048 6823
34355 5195
31048 6563
31048 6486
34355 6330
31048 6489
31048 6513
34355 6379
31048 7005
34355 6696
31048 6901
34355 4966
31048 6411
34355 5367
31048 6417
34355 6258
31048 6588
34355 4903
31048 6593
34355 4975
31048 6374
34355 5226
31048 6857
31048 6438
34355 6249
59160 6166
44995 3621
58170 3624
31048 6497
31048 6399
34355 4875
3693 3781
31048 6423
31048 6516
34355 3632
31048 6448
34355 6118
31048 6438
31048 6771
31048 6392
34355 5190
31048 7497
34355 5578
31048 6617
31048 7062
34355 4927
31048 6371
16274 6363
16274 6398
58170 4871
31048 6409
31048 6423
34355 6239
16274 6583
16274 7640
58170 6231
31048 6354
31048 6439
34355 6029
31048 6550
31048 6767
34355 5161
16274 6450
16274 6387
58170 4844
31048 13718
31048 6531
34355 5079
31048 6429
34355 6233
31048 6381
16274 6290
31048 7014
31048 6678
34355 5079
31048 6776
34355 5070
31048 6624
31048 6387
31048 6367
34355 6184
31048 6981
34355 5072
31048 6419
31048 6383
31048 6773
34355 6617
16274 6367
16274 6374
58170 4871
16274 6366
58170 6100
16274 4854
16274 6407
16274 6661
58170 5044
16274 6177
58170 4896
16274 6389
16274 6753
58170 4972
16274 6652
16274 6443
58170 5002
28056 4360
3693 3607
3693 6963
16274 6397
16274 6396
58170 6239
16274 6559
16274 6373
58170 6170
16274 3717
49715 5116
49715 5014
49715 3776
16274 6543
16274 3410
58170 3570
16274 6413
16274 6870
58170 4924
34355 5089
34355 3819
34355 3694
34355 6052
34355 3734
34355 3667
34355 4750
34355 5204
34355 3831
34355 3844
34355 5982
34355 3717
34355 4215
34355 5140
34355 5039
34355 3711
34355 3696
34355 6014
34355 3720
34355 4144
34355 4815
34355 5052
34355 3721
34355 3699
34355 5991
34355 3725
34355 3830
34355 6048
49715 3833
49715 3719
28056 3619
28056 7348
28056 6477
28056 6367
28056 6284
35144 3755
3693 3766
35144 3694
35144 6605
49715 5150
35144 6567
35144 6400
35144 6961
49715 5128
35144 7167
49715 6737
35144 6360
35144 6876
49715 6612
35144 6677
49715 5789
35144 6591
35144 6489
49715 5032
35144 6797
49715 5077
35144 6589
49715 3600
35144 6528
35144 7044
49715 5259
35144 6561
35144 7309
49715 4929
35144 6804
35144 6796
49715 5218
35144 6385
49715 3629
35144 6391
49715 5381
16274 6373
16274 3766
58170 3608
3693 3696
35144 6384
35144 7376
49715 5673
16274 6857
3693 3843
3693 6275
35144 6367
49715 5062
17176 3649
31048 4617
31048 6722
34355 5040
31048 6607
31048 6445
34355 6089
16274 6365
16274 6536
58170 5244
31048 6398
31048 6680
34355 5735
31048 3626
34355 3807
31048 6444
31048 7136
31048 6828
34355 5216
31048 6592
34355 3870
31048 6393
31048 6643
34355 5061
31048 6583
31048 7095
31048 5171
34355 3663
31048 6377
31048 6428
31048 6684
34355 6405
31048 6368
34355 5216
31048 6401
31048 6426
34355 6261
35144 4931
31048 6398
34355 4855
31048 6409
31048 3956
34355 3723
31048 6404
31048 6501
31048 7078
34355 6776
31048 6378
31048 6405
31048 6707
34355 5436
36632 4090
31048 6400
31048 6369
31048 6466
34355 6333
31048 7378
31048 6878
34355 6620
31048 6398
34355 6244
31048 6504
31048 6429
31048 6622
34355 6449
31048 6570
34355 5110
31048 6565
31048 6531
31048 6696
34355 6427
31048 6799
34355 5155
31048 6380
31048 6412
34355 6123
35144 6260
35144 6410
49715 6180
35144 6455
35144 6374
49715 6154
35144 6572
35144 6379
49715 4846
35144 6517
35144 6437
35144 6888
49715 6637
35144 4707
49715 4952
44995 3666
44995 3742
34355 3661
34355 5996
34355 3684
34355 3765
34355 3817
34355 4835
34355 5024
31048 6569
31048 7632
34355 5063
31048 7063
34355 4941
31048 6620
31048 6621
34355 5043
31048 6515
31048 6520
34355 5035
31048 6390
34355 3601
16274 6388
16274 3717
58170 3843
31048 6456
34355 3596
31048 6426
31048 7012
31048 6737
34355 5147
16274 6584
16274 6433
58170 4859
31048 6450
31048 6475
34355 5186
31048 6363
31048 6756
34355 6649
31048 6302
16274 6501
31048 6622
34355 6457
31048 6381
34355 3755
31048 6392
31048 6398
34355 6242
31048 6766
31048 6494
31048 6394
34355 6082
31048 6653
34355 5063
31048 6666
34355 5019
31048 6594
34355 5093
31048 6389
31048 7438
34355 5469
31048 6508
34355 5002
31048 6572
31048 6394
31048 6474
34355 6243
31048 6400
34355 6248
31048 7324
31048 6390
31048 7035
34355 5227
31048 6376
31048 6583
31048 3840
34355 3662
31048 6447
34355 6297
31048 6529
31048 6400
31048 6921
34355 4902
31048 7027
34355 5066
31048 6672
34355 5080
31048 6439
59160 3630
59160 3593
34355 6144
59160 4378
44995 3763
34355 6053
34355 3870
34355 3696
34355 3688
34355 3702
34355 6043
34355 3874
34355 3720
34355 6061
34355 3784
34355 3769
34355 6090
34355 3796
34355 3786
34355 6080
34355 3800
34355 3682
34355 4770
34355 5022
34355 3670
34355 3861
34355 4684
34355 5062
34355 3647
34355 3707
34355 3766
31048 1908
35515 4947
31048 3661
16274 6898
16274 6446
58170 6301
16274 6087
58170 3691
31048 6399
31048 6907
34355 5025
31048 6514
31048 6391
31048 6794
34355 5766
31048 6568
34355 6430
31048 6455
34355 3595
31048 6678
31048 6391
34355 4851
31048 6435
34355 5201
31048 6434
31048 6563
34355 6167
31048 6596
31048 6402
34355 5111
31048 6517
31048 7036
34355 5427
31048 6557
34355 5070
31048 7155
31048 6475
31048 6414
34355 4884
31048 6572
34355 5662
31048 6799
34355 4975
31048 6372
34355 3791
31048 6440
34355 6246
55992 3606
31048 6921
34355 4939
31048 6415
31048 6397
34355 6022
31048 6965
34355 5082
31048 6477
31048 6563
31048 6419
34355 6312
31048 6903
34355 5321
31048 6665
31048 6811
28056 6754
34355 4138
28056 3674
3693 3668
3693 4312
28056 5967
31048 7695
34355 6426
31048 6406
31048 6901
31048 6518
34355 6156
31048 3860
16274 6440
16274 6436
58170 6263
28056 3937
3693 3591
28056 6193
31048 6436
34355 6263
31048 6408
31048 6573
31048 6406
34355 4892
16274 6459
16274 6782
58170 4893
31048 6524
31048 6824
31048 2058
34355 5190
31048 3667
31048 3602
31048 3677
31048 550
31048 434
31048 6416
31048 6449
34355 5136
31048 6367
31048 6535
34355 6332
31048 6352
31048 6441
34355 6231
31048 6381
31048 6782
34355 5167
31048 6565
31048 6582
31048 6586
34355 3835
31048 6841
34355 4934
31048 6388
31048 6847
31048 3803
34355 3752
31048 6408
31048 6846
34355 5198
31048 6447
31048 6867
31048 6780
34355 5073
31048 7094
31048 6750
31048 6465
31048 6452
31048 6901
34355 6445
31048 6463
31048 6378
34355 6217
31048 6406
31048 6427
31048 6357
34355 4956
31048 6839
34355 4946
31048 6525
31048 6438
31048 6479
31048 6554
34355 6166
31048 6387
31048 6889
34355 4909
31048 6453
31048 6612
34355 6440
31048 6421
31048 6475
31048 6549
34355 6134
16274 6365
31048 6850
34355 4980
31048 7023
31048 6626
34355 5338
31048 6369
31048 6419
34355 4906
16274 6450
58170 6068
16274 6806
3693 5204
16274 6713
16274 4762
58170 3605
31048 6364
31048 6426
31048 6602
31048 6579
31048 6386
34355 6228
31048 6474
34355 3840
31048 6377
31048 6390
31048 6854
34355 4921
58170 6177
31048 6498
31048 7003
34355 5193
31048 6416
31048 3731
34355 3614
31048 7054
31048 6407
31048 6372
31048 6433
31048 6481
34355 6332
31048 6381
31048 7477
34355 5829
31048 6641
31048 6898
31048 6414
34355 5403
31048 6463
34355 3587
31048 6400
31048 6587
31048 6389
31048 6854
34355 6350
31048 6416
31048 6412
31048 6463
31048 6432
34355 6257
31048 6330
31048 6609
34355 5272
31048 6514
34355 5056
31048 6455
31048 6995
31048 6651
34355 5886
31048 6867
34355 5070
31048 6447
31048 6549
34355 6293
31048 6411
31048 6377
34355 6245
16274 5326
31048 6395
34355 6270
31048 6399
31048 6647
34355 4953
31048 6418
31048 6833
34355 5194
31048 6413
31048 6349
34355 6147
31048 6389
31048 6371
31048 7282
34355 6999
31048 6467
31048 6583
34355 6185
31048 6455
31048 6869
31048 6398
31048 6593
31048 6393
31048 7160
34355 5281
31048 6519
34355 6299
31048 6424
34355 4883
31048 6867
31048 6623
31048 6508
34355 6190
31048 6751
34355 5014
31048 6419
31048 6920
34355 5126
31048 6413
31048 6863
31048 6518
34355 6370
31048 6668
34355 4392
31048 6400
31048 6489
31048 6853
34355 6641
31048 6929
34355 5348
31048 6941
31048 6436
34355 6109
31048 6518
31048 6976
34355 5131
31048 6393
31048 6381
34355 6174
31048 6445
31048 6472
31048 6386
34355 6195
31048 6400
31048 6372
34355 5128
31048 6708
34355 6345
31048 6851
31048 6490
31048 6391
31048 6701
31048 6379
34355 6248
16274 6501
16274 6794
58170 5053
16274 6776
58170 6357
16274 6486
58170 3625
16274 927
58170 5570
31048 6955
34355 5077
31048 6420
31048 6468
31048 6362
31048 4011
34355 3620
31048 6440
31048 6350
31048 6470
31048 6419
31048 6414
31048 6425
34355 6218
31048 6374
31048 6434
34355 5312
31048 6453
31048 6385
31048 6409
31048 6567
31048 6573
31048 6563
34355 5185
31048 6374
31048 6602
34355 6409
31048 6548
31048 6615
34355 6415
31048 7034
31048 6398
34355 5346
31048 6406
34355 6139
31048 6409
31048 6538
31048 6524
31048 6399
34355 4849
31048 6374
31048 6463
31048 6615
34355 5178
31048 6575
34355 3744
31048 6594
31048 6425
31048 6402
31048 6491
34355 6206
31048 6419
31048 6540
31048 6425
31048 6403
31048 6515
34355 6227
31048 6552
31048 6343
31048 6422
34355 6035
31048 7233
31048 6423
34355 6152
31048 6461
31048 6557
31048 6420
31048 6413
31048 6869
34355 6717
31048 6474
31048 6803
34355 5445
31048 6354
31048 6527
34355 6178
31048 6400
31048 7108
34355 5084
31048 6486
31048 6438
34355 6268
31048 6320
31048 6403
31048 7092
34355 6183
31048 6883
31048 6798
31048 5301
34355 4010
28056 3705
16274 7221
16274 6477
58170 6353
16274 6583
16274 6394
58170 5048
16274 6595
16274 6386
16274 6444
58170 6168
16274 7069
58170 5063
16274 6371
16274 6401
16274 5059
58170 3594
34355 3837
34355 3703
34355 4755
34355 5152
34355 4170
34355 3767
34355 3883
34355 6016
34355 3803
49715 3828
49715 4727
49715 5107
49715 3789
31048 1484
31048 6414
31048 7099
31048 6474
31048 6371
31048 5131
31048 3688
34355 3728
31048 6375
31048 6540
34355 5690
31048 6532
31048 6443
31048 6381
31048 6201
34355 3618
31048 6370
31048 6397
31048 6385
31048 6491
34355 5025
35144 6859
49715 5229
35144 7022
49715 4928
35144 6152
35144 3650
49715 3786
31048 6341
31048 6874
31048 6399
31048 6425
34355 6257
31048 5507
31048 6897
31048 6503
31048 6389
31048 6495
34355 5057
35144 3612
31048 3633
34355 4072
31048 6497
31048 6358
31048 6393
31048 6375
31048 6898
31048 6411
31048 6706
31048 6494
34355 5037
35144 6395
35144 6376
31048 3616
49715 3647
34355 4744
31048 6391
31048 6513
31048 3437
34355 4006
35144 6864
35144 6558
49715 6394
31048 6609
31048 6926
34355 6777
31048 6444
31048 6606
31048 6751
31048 6382
31048 6485
31048 6395
31048 6565
31048 6422
34355 6186
35144 6518
35144 6383
31048 6603
31048 6424
31048 6370
31048 6375
31048 6421
31048 6351
31048 6422
49715 5417
34355 5259
31048 6370
31048 6532
31048 6385
35144 6404
35144 6552
31048 6469
31048 6806
31048 6374
34355 6043
49715 4123
31048 7220
31048 6417
31048 6471
31048 3828
35144 6803
35144 6694
35144 6844
35144 6859
34355 5476
49715 3643
35144 6471
35144 6590
49715 3717
35144 6512
35144 6963
49715 5184
35144 6742
35144 6426
49715 6024
35144 6354
35144 6499
49715 6381
35144 6370
35144 6646
49715 5049
35144 6418
35144 6487
49715 6295
35144 6879
35144 6386
49715 6084
35144 6367
35144 8393
49715 6112
35144 6387
35144 6379
49715 5147
35144 6412
35144 6804
49715 5188
35144 6685
35144 6409
49715 6249
35144 6380
35144 6677
49715 6485
35144 6371
35144 6480
49715 5206
35144 6449
35144 6698
49715 6436
35144 6398
35144 6909
49715 6526
35144 6381
35144 6302
49715 5460
35144 6378
35144 6838
49715 5186
35144 6421
35144 6432
35144 6511
49715 6388
35144 7346
35144 6421
35144 6662
49715 5024
35144 6427
35144 6498
35144 6177
49715 4852
35144 6550
35144 6592
35144 6633
49715 6207
35144 6397
35144 6389
35144 6906
49715 6668
35144 6415
49715 3699
35144 6510
35144 6476
49715 3603
35144 6491
35144 6391
35144 6387
49715 5180
35144 6484
35144 6421
35144 7097
49715 5331
35144 6379
35144 6412
49715 6208
35144 7094
35144 6416
35144 6531
49715 5023
35144 6374
35144 6639
49715 6410
35144 6723
49715 5556
35144 6371
35144 6404
35144 7311
49715 5350
35144 6806
49715 5079
35144 6425
35144 4917
49715 5168
34355 3664
34355 3670
34355 3781
34355 6067
34355 3851
34355 3791
34355 3707
34355 6186
34355 3702
34355 4169
34355 3717
34355 6042
34355 3778
34355 4566
34355 3736
34355 4733
34355 5197
34355 3672
34355 3832
34355 4703
34355 5491
34355 3660
34355 3709
34355 6500
34355 3689
34355 3752
34355 4658
34355 5021
34355 3876
34355 3757
34355 6063
34355 3744
34355 3843
34355 4671
34355 5074
34355 3687
34355 3819
34355 3684
34355 6250
34355 3658
34355 3667
34355 3917
31048 3721
31048 4575
31048 6389
31048 7092
34355 6938
31048 6410
31048 6962
34355 5160
31048 435
31048 6393
34355 6133
31048 6701
31048 6460
31048 6728
34355 3582
31048 3659
34355 3581
31048 6506
34355 4841
31048 6591
31048 6217
34355 3833
31048 4293
34355 3745
31048 6760
34355 5433
31048 6569
34355 6301
31048 6634
34355 6232
31048 6486
31048 6700
34355 5036
31048 7078
34355 5206
31048 7676
31048 6436
31048 6568
34355 5023
31048 3765
34355 3706
31048 3787
31048 6618
34355 3724
31048 6359
31048 6584
31048 6629
31048 6979
34355 4949
31048 6592
31048 6424
34355 5007
31048 7269
34355 5260
31048 6671
34355 5049
31048 6866
34355 4423
31048 3787
31048 6703
31048 6886
34355 5233
31048 6396
31048 6431
31048 6344
34355 4463
31048 6645
34355 5074
31048 8302
31048 6392
34355 6154
31048 6519
34355 5144
31048 6379
31048 6651
31048 6445
34355 5146
31048 6358
31048 6544
31048 6408
34355 4165
31048 6406
34355 5163
31048 7086
31048 6612
31048 6414
31048 6536
34355 4299
31048 6416
31048 6516
34355 5305
31048 6856
34355 4979
31048 6436
34355 4963
31048 6438
34355 3654
31048 6442
34355 5107
31048 1442
34355 5046
31048 6369
31048 6504
31048 6878
34355 6532
31048 6390
31048 6902
34355 4975
31048 6431
31048 6170
34355 4040
31048 3791
31048 7093
34355 5147
31048 6381
31048 6688
31048 6509
34355 4426
31048 6422
34355 6233
31048 6553
31048 6702
31048 476
34355 5311
34355 3593
31048 6421
31048 6405
34355 5983
31048 6430
31048 8667
34355 7307
31048 6526
31048 6543
31048 6605
34355 6483
31048 6647
34355 4972
31048 6862
31048 7056
34355 5412
31048 6451
31048 6778
34355 4974
31048 6367
31048 6682
31048 6610
34355 6222
31048 6412
34355 6153
31048 6355
31048 6425
31048 6545
34355 6285
31048 6852
31048 6361
34355 5195
31048 6601
34355 5416
31048 7019
31048 6430
34355 5027
31048 7783
31048 6424
31048 6493
31048 6925
34355 5017
31048 6363
31048 6630
31048 6620
34355 6468
31048 6532
31048 6524
34355 5222
31048 6373
31048 6406
34355 5117
31048 6470
31048 6617
31048 2169
34355 3725
31048 6607
34355 4376
31048 6847
31048 6647
31048 6540
34355 5083
31048 6699
31048 6390
34355 6248
31048 6468
31048 6426
31048 6821
31048 6399
34355 5303
31048 5126
34355 3637
31048 6820
31048 7250
34355 5585
31048 6520
31048 6928
34355 5068
31048 7116
31048 6547
31048 6341
34355 5012
31048 3617
34355 3674
31048 3775
31048 6667
34355 5214
31048 6386
31048 6728
31048 6701
34355 5476
31048 6854
34355 5203
31048 6903
31048 6541
31048 6819
34355 4880
31048 6836
34355 3957
31048 6631
31048 7764
34355 6307
31048 6381
31048 6707
31048 6461
34355 6102
31048 6715
34355 5556
31048 6343
31048 6237
34355 5267
31048 6393
31048 6814
34355 5196
31048 6602
31048 6691
34355 3791
31048 6370
31048 6429
34355 4993
31048 6472
31048 6940
34355 5307
31048 6603
31048 3798
31048 6495
31048 6999
31048 6352
31048 6532
34355 4818
31048 6392
31048 6608
34355 6411
31048 7639
31048 6383
31048 6467
34355 5166
31048 7268
31048 6883
34355 4894
31048 6411
31048 6548
31048 6532
34355 6331
31048 6501
31048 3675
31048 6553
31048 6368
31048 6663
31048 6400
31048 6519
31048 6411
31048 6986
34355 5105
31048 6643
31048 6489
31048 6855
31048 6381
31048 6398
31048 6604
31048 6399
31048 6386
34355 4189
31048 7208
31048 6532
31048 6449
31048 6415
31048 6408
34355 5367
31048 6511
31048 6565
31048 6600
31048 6476
34355 6305
31048 6692
34355 3785
31048 6387
31048 6557
31048 6436
31048 9025
34355 7262
31048 6859
31048 6506
31048 6556
34355 6189
31048 6399
31048 6445
31048 7066
34355 5329
31048 6433
31048 6643
34355 4857
34355 4339
44995 3649
44995 4912
49715 5990
49715 3679
16274 827
58170 3619
63903 3790
59160 3862
59160 4168
31048 6405
31048 6387
31048 6391
35144 5142
31048 6408
31048 6615
34355 5029
31048 6898
31048 6170
34355 4181
31048 3709
34355 3722
35144 6930
35144 6370
35144 6451
35144 7281
49715 4942
35144 6388
35144 6559
35144 6378
35144 6393
49715 6127
35144 6397
35144 6464
35144 7416
49715 5502
35144 6509
49715 4960
35144 6585
35144 6403
35144 7228
49715 5674
35144 6428
35144 6456
35144 6505
35144 6652
49715 6400
35144 6583
35144 6382
35144 6691
49715 5072
35144 6387
35144 6385
35144 6412
35144 6550
35144 6402
35144 6358
49715 3649
35144 6442
35144 6950
49715 5105
35144 6357
35144 6411
35144 6558
35144 7296
35144 6449
35144 7694
49715 6223
35144 6387
35144 6412
49715 6234
35144 6383
35144 6679
35144 6478
35144 6860
48564 5250
35144 6748
35144 6445
49715 3103
35144 6854
35144 6367
49715 6209
44995 3807
35144 6452
35144 6405
35144 6373
35144 6742
49715 5292
35144 6422
35144 6380
35144 6243
49715 5111
59160 3737
49210 3865
44995 3598
937 3794
49210 3725
49210 7728
5458 3802
937 4720
937 3645
937 14835
937 6434
937 6866
937 6588
49210 6259
49210 3932
49210 6642
937 6576
49210 5403
44995 4805
44995 5205
44995 3767
44995 3765
44995 4796
44995 5073
58129 4068
14105 3623
29465 3613
59160 3617
59160 901
59160 5191
44995 3907
59160 3644
937 3633
59160 3960
44995 3614
44995 6079
44995 5152
59160 4869
44995 4980
44995 3713
35493 3595
19129 3606
47801 3804
937 6172
49210 3747
52386 3620
59160 4098
59160 869
59160 5016
44995 3604
17728 3811
937 5394
49210 4978
53767 3668
59160 3718
44995 3617
44995 6017
59160 3605
59160 3675
44995 3665
59160 3754
44995 6470
44995 3745
59160 4079
59160 3662
59160 6136
44995 3632
44995 4354
44995 3721
59160 6656
44995 3626
44995 3909
59160 6209
44995 3749
44995 4772
59160 5162
59160 3737
59160 3630
59160 4089
44995 3587
59160 4813
44995 4950
44995 3714
59160 4149
34355 4843
34355 5009
34355 3695
34355 3850
34355 4830
34355 4994
34355 3897
34355 3823
34355 3807
34355 6231
34355 3662
34355 3685
34355 6154
34355 3689
34355 4629
44995 4171
44995 6077
49715 3848
59160 3599
59160 3638
59160 6584
44995 3637
44995 3708
44995 3867
59160 3857
31048 4598
31048 4901
31048 3651
31048 6548
31048 6374
31048 6372
31048 6418
31048 6440
34355 6194
31048 6894
31048 6382
31048 6535
31048 6463
31048 6528
34355 5117
31048 6854
31048 3763
34355 3686
31048 6575
34355 3825
31048 6724
34355 3990
31048 7045
31048 6591
34355 6342
31048 6401
34355 5114
31048 6423
31048 6795
31048 6826
31048 6422
34355 6271
31048 6566
31048 6395
31048 6486
34355 3643
31048 6365
31048 6440
31048 5685
34355 4216
31048 6535
34355 5320
31048 6456
34355 6310
31048 6873
31048 6533
31048 6878
31048 6481
34355 5160
31048 1687
34355 451
31048 7057
31048 7076
34355 5447
31048 6434
31048 6563
31048 3920
34355 3647
31048 3575
34355 3617
31048 6908
31048 6409
34355 6260
31048 6875
31048 6619
34355 6474
31048 6392
31048 7069
34355 5016
31048 6516
31048 6390
31048 6548
31048 6496
35144 6388
35144 6409
35144 4786
59160 4945
59160 3616
34355 3762
44995 4083
49715 3625
35144 6849
31048 7353
49715 7147
31048 6358
31048 6442
31048 6380
31048 6364
31048 6234
31048 6477
31048 6407
31048 7314
34355 5188
31048 6548
31048 6854
31048 6417
31048 6387
31048 6403
31048 6380
31048 6399
31048 6411
34355 6192
31048 6838
31048 6368
31048 6540
31048 6476
31048 6382
31048 6541
31048 6464
31048 6194
34355 3609
31048 6384
31048 6856
31048 7679
31048 6400
31048 4983
31048 6572
31048 6475
31048 6404
31048 6633
34355 3585
31048 6519
31048 6367
31048 6379
31048 6432
31048 6506
31048 6368
31048 6548
34355 6369
31048 6453
31048 6536
31048 6403
31048 6479
31048 6583
31048 6578
31048 6465
31048 6378
34355 5483
31048 6409
31048 6382
31048 6407
31048 7192
31048 7425
34355 5618
59160 6252
44995 3769
44995 3892
59160 3638
59160 3824
59160 6117
44995 3593
44995 3703
44995 4866
59160 4999
59160 3759
44995 3633
13224 3813
59160 6295
44995 3658
44995 3883
54453 3806
13224 4062
13224 7039
59160 5126
44995 3807
44995 4881
59160 3609
59160 5076
59160 3620
59160 3918
44995 3596
58170 3734
58170 6027
59160 3802
44995 4172
44995 6031
59160 4245
44995 3619
44995 6051
59160 3679
59160 3650
54453 3757
54453 3605
54453 7808
54453 6931
54453 6416
54453 6631
13224 5042
16274 3606
16274 4852
13224 5239
13224 6270
59160 4194
59160 3811
44995 3590
59160 6200
44995 3650
44995 3878
54453 6388
13224 6317
59160 896
44995 2019
44995 3796
15147 4182
59160 3639
59160 6085
44995 3736
44995 3779
44995 3692
59160 6358
44995 3617
59160 3817
44995 4602
44995 5183
44995 4182
44995 3641
44995 4720
59160 4972
59160 3642
54453 3680
54453 6610
13224 3595
54453 3699
54453 3802
13224 3587
59160 3667
59160 4696
44995 4921
59160 3663
59160 3592
16274 1845
58170 3608
57073 3591
59160 6118
44995 4116
54453 3638
13224 4017
44995 3638
44995 4862
59160 5137
59160 4332
44995 3849
44995 3695
44995 6138
59160 3753
59160 3650
59160 3791
44995 3634
44995 6147
44995 4229
59160 3817
44995 4828
44995 5140
59160 3604
59160 3538
44995 5155
59160 3839
44995 3553
44995 4733
44995 5051
59160 4766
59160 4977
59160 3587
59160 3747
31723 4548
34355 4725
34355 5057
34355 3677
34355 3700
34355 3680
34355 6186
34355 3861
34355 3870
34355 3798
34355 4682
34355 5129
34355 4177
34355 3820
34355 3695
34355 6144
34355 3766
34355 3657
34355 3683
34355 4715
34355 5108
34355 3711
34355 3732
34355 4900
44995 5193
44995 3737
34355 3867
34355 3803
34355 6031
34355 3739
34355 3647
34355 3828
34355 6576
34355 3694
34355 4057
34355 3865
34355 4783
34355 5002
34355 3836
34355 3702
34355 3714
34355 5999
34355 3716
34355 3806
34355 3696
34355 4671
34355 5058
34355 3846
34355 3662
34355 3703
34355 6068
34355 3675
34355 4692
34355 4949
34355 4188
34355 3682
34355 4686
34355 5459
34355 6071
34355 3772
34355 4642
34355 4814
59160 4956
31048 3624
31048 3603
31048 6428
31048 6401
31048 7037
34355 5408
31048 6409
31048 6362
31048 6425
34355 6231
31048 6384
31048 6449
31048 6988
34355 5205
31048 3786
31048 6367
34355 6211
31048 6398
31048 6414
31048 6401
34355 6253
31048 6614
31048 6413
31048 6272
34355 3688
31048 4144
31048 6459
34355 6304
31048 6980
31048 6560
34355 6394
31048 6433
31048 6589
31048 6902
34355 4940
31048 6559
31048 6605
31048 6637
34355 5059
31048 6794
34355 5063
31048 6353
31048 6801
34355 5597
31048 6818
31048 6413
31048 6541
31048 6822
34355 5061
31048 6594
31048 6423
34355 6263
31048 6371
31048 6455
34355 6257
31048 6402
31048 6530
34355 6424
31048 7166
31048 6360
31048 6386
31048 5197
34355 3942
31048 6866
34355 4935
31048 6528
31048 6905
34355 5155
31048 490
31048 6552
31048 6370
31048 6571
31048 6398
31048 6728
31048 6620
31048 6584
34355 5014
31048 6420
31048 6590
31048 6400
31048 6262
34355 3638
31048 3906
31048 3603
31048 6396
31048 6515
31048 6364
31048 6563
34355 6138
31048 6861
31048 6497
31048 6594
31048 6369
31048 6527
31048 6416
34355 6305
31048 6633
34355 5460
31048 7525
34355 5732
31048 6362
31048 6435
31048 6380
31048 6422
31048 6383
31048 6505
31048 6445
31048 4739
34355 3591
31048 5024
34355 3645
31048 6821
34355 5220
31048 6446
34355 3622
31048 6439
31048 6396
31048 1394
31048 6542
31048 6951
31048 6382
31048 6421
31048 1639
34355 3585
31048 6483
34355 4866
31048 6376
31048 6583
31048 6404
31048 6596
31048 5333
31048 5161
31048 6378
34355 4758
31048 6385
31048 6992
34355 4899
31048 215
31048 6876
31048 6339
31048 6512
31048 910
31048 6503
31048 6414
31048 4887
31048 6400
34355 6249
31048 7046
31048 6496
31048 1065
31048 6405
31048 6516
31048 6391
31048 1304
31048 6506
31048 6458
31048 6398
34355 6275
31048 992
34355 3623
31048 6390
31048 6385
31048 6404
31048 6465
31048 6420
31048 6375
31048 6430
34355 6263
31048 6338
31048 382
31048 6389
31048 6371
31048 6412
31048 6429
31048 6455
31048 7374
34355 5549
31048 6830
31048 1904
31048 6399
31048 6403
31048 6492
31048 6455
31048 6488
31048 6431
31048 6422
34355 6208
31048 6868
31048 3731
31048 3649
31048 6426
31048 6598
31048 6515
31048 6571
31048 6358
31048 6792
34355 5192
31048 6383
31048 6710
31048 6399
31048 6412
31048 6398
31048 6304
31048 6404
31048 6451
34355 6173
31048 7075
31048 6429
31048 6690
31048 6477
31048 6368
31048 3424
31048 6397
31048 6581
31048 6793
34355 5206
31048 6454
31048 6453
31048 6936
31048 6596
31048 2746
31048 6476
31048 6565
31048 6616
31048 6881
34355 5590
31048 3833
34355 3798
31048 7296
31048 6421
31048 6383
31048 2789
31048 6549
31048 6928
31048 9040
31048 6560
34355 5350
31048 6420
31048 7079
31048 6399
31048 4231
31048 6514
31048 6703
31048 9231
31048 6543
34355 6231
59160 3846
31048 2058
31048 6392
31048 6375
31048 6595
31048 6562
31048 1686
31048 6848
31048 7476
44995 5719
34355 4609
31048 6506
31048 6493
31048 6523
31048 6277
31048 4938
31048 8103
31048 6851
31048 6544
31048 6447
34355 4417
31048 6768
31048 6582
31048 12474
31048 10704
31048 8056
31048 6395
31048 6566
31048 6938
34355 5115
31048 5104
31048 6562
31048 6617
31048 6481
31048 6918
31048 6510
31048 6485
31048 6469
31048 6562
31048 7000
34355 5097
31048 6772
31048 6576
31048 6571
31048 6425
31048 6552
31048 6554
31048 13869
31048 6680
34355 5338
31048 6937
31048 6406
31048 6364
31048 6411
31048 6449
31048 6560
31048 6576
31048 6655
34355 6246
31048 6564
31048 6590
31048 6450
31048 6735
31048 6650
31048 12737
31048 6452
31048 6544
34355 5364
31048 6431
31048 6387
31048 6713
31048 6649
31048 6415
31048 6688
31048 7150
31048 7056
34355 5386
31048 6465
31048 6888
31048 8949
31048 6538
31048 6567
31048 6870
31048 6531
31048 6506
31048 4005
34355 3993
31048 6693
31048 7614
31048 3797
31048 6585
31048 6667
31048 7773
31048 6449
31048 6456
34355 2590
31048 6518
31048 6590
31048 6367
31048 6397
31048 6613
31048 7014
31048 6402
31048 17592
31048 7045
34355 5337
31048 6893
31048 6659
31048 6733
31048 8986
31048 6548
31048 6528
31048 6717
31048 6450
34355 4377
31048 11875
31048 6572
31048 6571
31048 6560
31048 11313
31048 6535
31048 6518
31048 6764
34355 5467
31048 6528
31048 6547
31048 6791
31048 6539
31048 6392
31048 6550
31048 6699
31048 6950
34355 5157
31048 6685
31048 6638
31048 6581
31048 6625
31048 6671
31048 6399
31048 7008
31048 6508
34355 5252
31048 8355
31048 6588
31048 6519
31048 6553
31048 6910
31048 7233
31048 6600
31048 6517
31048 6554
34355 6177
31048 6499
31048 6385
31048 6897
31048 6797
31048 6918
34355 5686
31048 9383
31048 7062
31048 6769
34355 6099
31048 6577
31048 6950
34355 4063
31048 6653
31048 6517
31048 6432
34355 5011
31048 7281
34355 5472
31048 6629
31048 7398
34355 5731
31048 9126
31048 6414
31048 6506
63077 5404
31048 6452
31048 6875
31048 6593
31048 11858
31048 7270
34355 5546
31723 3931
34355 3881
31723 7783
31048 6502
31048 6624
31048 6885
31048 6607
31048 6423
31048 6825
31048 6475
31048 10768
34355 9205
31048 6654
31048 6603
31048 6645
31048 6525
31048 6570
31048 6408
31048 6904
31048 6532
34355 5209
31048 6509
31048 8561
31048 7075
31048 6580
31048 6367
31048 10541
31048 6791
31048 7164
34355 5281
31048 6394
31048 6416
31048 6491
31048 6573
31048 6482
31048 6553
31048 6498
31048 6388
34355 6176
31048 6383
31048 6745
31048 6551
31048 7005
31048 6543
31048 6752
31048 6966
34355 5322
31048 10992
31048 6615
31048 6685
31048 6570
31048 6564
31048 6579
31048 7728
31048 6362
31048 6780
34355 5298
31048 6848
31048 6388
31048 6679
31048 6649
31048 7005
31048 6639
31048 6605
31048 8252
34355 6737
31048 6409
31048 6721
31048 6481
31048 6436
31048 6415
31048 6966
31048 6366
31048 6569
34355 5329
31048 6739
31048 7230
31048 6510
31048 11472
31048 6389
31048 6358
31048 8934
34355 6427
31048 7043
31048 9382
31048 6513
31048 6462
31048 6501
31048 6403
31048 6851
31048 6566
34355 6411
31048 6654
31048 6825
31048 6414
31048 6583
31048 6537
31048 6532
31048 9025
31048 6499
31048 6394
34355 6272
31048 6513
31048 6368
31048 6500
31048 6555
31048 6420
31048 6382
31048 6711
31048 6400
34355 6241
31048 6474
31048 6479
31048 6517
31048 6534
31048 6407
31048 8234
31048 6551
31048 6643
34355 5152
31048 6425
31048 6646
31048 6688
31048 6470
31048 6632
31048 6513
31048 6584
31048 7060
34355 5139
31048 6386
31048 6569
31048 6525
31048 6590
31048 6482
31048 6875
31048 6499
31048 6400
34355 5112
31048 6669
31048 6489
31048 6391
31048 6945
31048 6452
31048 6582
31048 6504
31048 6432
31048 6528
34355 6371
31048 8264
31048 6486
31048 6515
31048 6402
31048 6491
31048 6450
31048 6586
31048 6498
34355 5359
31048 7598
31048 6438
31048 6550
31048 6552
31048 6477
31048 6352
34355 3860
60673 6172
60673 3761
60673 3697
60673 3699
41100 4082
41100 4732
41100 5069
41100 7300
60673 5396
41100 6519
41100 6475
41100 6547
41100 6406
41100 6541
41100 6478
41100 6487
60673 5053
41100 5396
60673 3734
41100 6608
41100 6960
60673 5092
41100 6455
41100 7003
60673 5156
41100 6382
41100 6529
41100 6957
60673 5287
41100 6889
60673 4319
41100 6394
41100 6396
41100 6641
41100 6421
60673 5197
41100 6378
41100 6408
60673 4926
41100 6573
63077 3900
63077 3712
63077 12155
63077 6466
63077 6490
63077 112
31723 3644
31723 6278
31723 8089
31723 6382
41100 7036
60673 5232
41100 7228
41100 6802
60673 5738
41100 6832
41100 6516
60673 5366
41100 7596
41100 6662
41100 6667
60673 6352
41100 7061
60673 5061
41100 6672
41100 6398
41100 6734
60673 6591
41100 7131
60673 5375
41100 6944
41100 6643
41100 6965
60673 5144
41100 6500
60673 5309
41100 6425
41100 6448
41100 6612
60673 5280
41100 7920
60673 4477
63077 3692
31723 3997
63077 3845
63077 3831
63077 6261
31723 5491
63077 4978
63077 3878
31723 3810
58170 6234
58170 6195
58170 5426
58170 6297
3693 6426
3693 6536
31723 6324
31723 6363
3693 6105
49715 4775
58170 3702
58170 4737
16274 3801
16274 4961
16274 3641
58170 3828
16274 3626
35144 6478
35144 6397
35144 6556
35144 6519
49715 6789
35144 3653
16274 3750
16274 3778
16274 3767
49715 4975
28056 1827
28056 3855
28056 3881
28056 8573
3693 7213
63077 3631
28056 6239
28056 3679
3693 3822
28056 3729
28056 4606
3693 3642
63077 6193
63077 4959
31723 4372
16274 6409
16274 6104
58170 3625
16274 3753
63077 3755
31723 4291
58170 3661
16274 6398
16274 3625
58170 3703
16274 2389
58170 3773
16274 708
58170 4132
16274 6407
16274 3836
58170 3689
16274 4795
16274 6507
16274 5290
58170 3801
16274 5034
58170 3834
51992 3806
58170 3838
3693 6405
58170 3792
34355 4956
10936 5140
16274 747
31048 6935
31048 6220
31048 6597
34355 5062
16274 6608
16274 8129
58170 6446
16274 5999
28056 3759
28056 11069
3693 9508
34355 3691
58170 4611
16274 6450
16274 3657
58170 3862
31048 1578
34355 3618
3693 6469
3693 6419
3693 6379
3693 6495
3693 6903
28056 2892
28056 3882
3693 7442
28056 1524
3693 6418
28056 6168
3693 7144
28056 1696
28056 4947
28056 3788
28056 3679
28056 3742
3693 3808
28056 5139
28056 6365
3693 4151
49715 6281
49715 3892
49715 4765
49715 5159
49715 5298
35144 4255
35144 3608
35144 6404
35144 6684
35144 6567
49715 6139
35144 6641
49715 5442
35144 6447
35144 6531
35144 6832
49715 5373
35144 6414
49715 5057
35144 6896
35144 6403
35144 7074
35144 7059
49715 5365
35144 6412
35144 6627
49715 5576
35144 6697
35144 6401
49715 6073
35144 8108
35144 6603
35144 9575
35144 6797
49715 5335
35144 6428
35144 6864
35144 7895
49715 6260
35144 6643
49715 6444
35144 7042
35144 6650
49715 4971
35144 6782
35144 6441
49715 6261
35144 6403
35144 6428
49715 4262
35144 6459
35144 6571
49715 5042
35144 6426
35144 6422
35144 6579
35144 6704
49715 6279
35144 11332
35144 6741
49715 5077
35144 7875
35144 6426
49715 5218
35144 6949
35144 6433
49715 5196
35144 6558
35144 6602
49715 5430
35144 6554
35144 6545
49715 6374
35144 6544
35144 6796
49715 5074
35144 6883
49715 5112
35144 6508
35144 6502
35144 6719
35144 6884
49715 5304
35144 6479
35144 6489
35144 6586
35144 6404
49715 6159
35144 6457
35144 6372
35144 6542
35144 6889
49715 5514
49715 5261
49715 6252
35144 6526
35144 11245
35144 7198
49715 5537
35144 7043
49715 5125
35144 6388
35144 6543
49715 6149
35144 6566
49715 5315
35144 6524
49715 4199
35144 6414
35144 6374
35144 7022
49715 5212
35144 6887
49715 5086
35144 6656
35144 6520
35144 3712
49715 3828
35144 6626
49715 5414
35144 6385
49715 4864
35144 6968
49715 5654
35144 12621
35144 6552
49715 5410
35144 6402
35144 6448
49715 6290
35144 6567
35144 6394
35144 6548
49715 5444
35144 6447
35144 6712
49715 5270
35144 6642
35144 6767
35144 7058
49715 5054
35144 7205
49715 5078
35144 6547
49715 6390
35144 6739
35144 6498
49715 6122
35144 7040
49715 5363
35144 6944
49715 5087
35144 7079
49715 5291
35144 6417
35144 6684
35144 9739
49715 7945
35144 6519
35144 6398
49715 4851
35144 6510
35144 6387
35144 7033
49715 5144
35144 6780
49715 6384
35144 6706
35144 6426
35144 6622
49715 6433
35144 6514
49715 6114
35144 6554
49715 6361
35144 6460
35144 6493
35144 6555
49715 4940
35144 6539
35144 6416
49715 5215
35144 6487
49715 4222
49715 3887
49715 6176
35144 4094
35144 7876
35144 6850
49715 4926
35144 6767
49715 4823
35144 6955
49715 5210
35144 6430
35144 6695
49715 5095
35144 6398
49715 6127
35144 6395
35144 6591
49715 6458
35144 6535
35144 6503
49715 5094
35144 6890
35144 6979
35144 6698
35144 6428
49715 5185
35144 7041
49715 5187
35144 6943
49715 5251
35144 6540
49715 7125
35144 6957
35144 6380
35144 6517
49715 5255
35144 8524
35144 6369
49715 3771
35144 6485
49715 4578
35144 7217
49715 5513
35144 6623
35144 6441
35144 6403
49715 6204
35144 6645
35144 11531
49715 10294
35144 6551
35144 6990
49715 5506
35144 6443
35144 6565
35144 6826
49715 6487
35144 6381
35144 6709
49715 5361
35144 6458
35144 7209
35144 6623
35144 6407
35144 6806
49715 5669
35144 6568
35144 8309
49715 7066
35144 6491
35144 6881
35144 6412
49715 4571
35144 6969
49715 5098
35144 6527
49715 5299
35144 6657
49715 5181
35144 6451
49715 5180
35144 6625
49715 5069
35144 6608
35144 6516
49715 5371
35144 7077
49715 5108
35144 6863
49715 5388
35144 7403
49715 5226
35144 6468
35144 6399
49715 4841
35144 7063
49715 5387
35144 6472
35144 6498
35144 8303
49715 6798
35144 6600
35144 6745
49715 5122
35144 6513
35144 6526
35144 6412
35144 8299
35144 6490
49715 5140
35144 6539
35144 6276
35144 3921
35144 3805
49715 3612
49715 6794
35144 6497
35144 6705
35144 6396
49715 5511
35144 6999
49715 4934
35144 6446
35144 6471
35144 6433
35144 6873
35144 6519
35144 6813
49715 5072
35144 7025
35144 6449
35144 8754
49715 6516
35144 6983
35144 6674
49715 5086
35144 6425
35144 6347
35144 6565
49715 5198
35144 6501
35144 6690
49715 4490
35144 7007
49715 4931
35144 6402
35144 6573
35144 6940
49715 5644
35144 6564
35144 6351
35144 6935
35144 6600
49715 4177
35144 6509
35144 6631
49715 5379
35144 6623
49715 4250
35144 6598
35144 6471
49715 6267
35144 6656
35144 8967
49715 7036
35144 6974
49715 5186
35144 8107
35144 6768
35144 6557
49715 4130
35144 6468
49715 5262
35144 6544
35144 6579
35144 6438
49715 4895
35144 6360
35144 6517
49715 5157
35144 6644
35144 6436
49715 6032
35144 6926
49715 5266
35144 6847
35144 6777
35144 6389
49715 5176
35144 6376
49715 3719
35144 6532
35144 6821
49715 5128
35144 6507
35144 8188
35144 6516
35144 7193
49715 5260
35144 6394
35144 6433
35144 6680
35144 6517
49715 5112
35144 7029
49715 5124
35144 6574
49715 5309
35144 7327
49715 5243
35144 6518
49715 4420
35144 6434
35144 6495
35144 6590
35144 7043
49715 5173
49715 3978
49715 6679
35144 6531
35144 6890
49715 5955
35144 6518
35144 6558
35144 6623
35144 6418
49715 5106
35144 9774
35144 6649
35144 7182
49715 5373
35144 6548
35144 6563
35144 3991
49715 3798
35144 6608
49715 5427
35144 7235
49715 5447
35144 6912
35144 6849
35144 6637
35144 6810
35144 6563
49715 5167
35144 6557
35144 6723
35144 6546
35144 6776
35144 3992
49715 3911
35144 7200
49715 5248
35144 7055
49715 5323
35144 6548
35144 6925
35144 6616
35144 6655
35144 9312
49715 6753
35144 6403
35144 6523
35144 6563
35144 6704
35144 6551
35144 6523
35144 7313
35144 6654
49715 4430
35144 6370
35144 6569
35144 7090
35144 6673
35144 6537
35144 6505
35144 6540
35144 7054
49715 5199
35144 6550
35144 6565
35144 6456
35144 6553
35144 6516
35144 6594
35144 6699
35144 8068
49715 6384
35144 6407
35144 6399
35144 6563
35144 8843
35144 6629
35144 6669
35144 6998
35144 6862
49715 5287
35144 6387
35144 6631
35144 6691
35144 6498
35144 6506
35144 6723
35144 6503
35144 6802
49715 5477
35144 6361
35144 6698
35144 6403
35144 6760
35144 6491
35144 6529
35144 6705
35144 6644
35144 6563
49715 5445
35144 6516
35144 7029
35144 6533
35144 6975
35144 6586
35144 6451
35144 6823
35144 8508
49715 7298
35144 7009
35144 6805
35144 6696
35144 6630
35144 6539
35144 6526
35144 6446
35144 6480
49715 5127
35144 2467
49715 3777
35144 6533
35144 6507
35144 6634
35144 6495
35144 6540
35144 6541
35144 6500
35144 6697
49715 5259
35144 6522
35144 6950
35144 6501
35144 6644
35144 6866
35144 6520
35144 6498
35144 6431
35144 6525
49715 3644
35144 8893
35144 4940
35144 6479
35144 6426
35144 6832
35144 6507
35144 6387
35144 7987
49715 6392
35144 6361
35144 6427
35144 6723
35144 6633
35144 6377
35144 6415
35144 6379
35144 6519
35144 6739
49715 5539
35144 6634
35144 6884
35144 6520
35144 6551
35144 6434
35144 6414
35144 6512
35144 6567
35144 6425
49715 5248
35144 6562
35144 6466
35144 8487
35144 6574
35144 6533
35144 6519
35144 6419
35144 6656
49715 5373
35144 6885
35144 6735
35144 6386
35144 6547
35144 6556
35144 6499
35144 6394
35144 6545
49715 5205
35144 6508
35144 6552
35144 6496
35144 6516
35144 6494
35144 6461
35144 6497
35144 6734
49715 5112
35144 6425
35144 6368
35144 6492
35144 6488
35144 6621
35144 6466
35144 6450
35144 9013
49715 7074
35144 6498
35144 6363
35144 7125
35144 6560
35144 6390
35144 6721
35144 6886
35144 7070
49715 5307
35144 6676
35144 6642
35144 6383
35144 6630
35144 6565
35144 6854
35144 6421
35144 6450
49715 5282
35144 6574
35144 6355
35144 6629
35144 6379
35144 6501
35144 6507
35144 6439
35144 7085
49715 5083
35144 6524
35144 6592
35144 8338
35144 6769
35144 6584
35144 6520
35144 6424
35144 6582
49715 6444
35144 6550
35144 6573
35144 6504
35144 6403
35144 6543
35144 6773
49715 5189
35144 6386
49715 5238
35144 6483
35144 6529
35144 6466
35144 6554
35144 6373
35144 6443
35144 6835
49715 5106
35144 6399
35144 6416
35144 6520
49715 4250
35144 6543
35144 6401
49715 6318
35144 6582
35144 9683
49715 8269
35144 6430
35144 6370
35144 6570
35144 6593
49715 4324
35144 6362
35144 3800
49715 4597
49715 5072
49715 6409
49715 3851
49715 3785
49715 6149
35144 6412
35144 6204
35144 6914
49715 5105
35144 5121
49715 4093
35144 6378
35144 6503
35144 6552
35144 6631
35144 6382
35144 6396
35144 6526
35144 6894
35144 6437
35144 6558
35144 5172
35144 7593
49715 6084
35144 6494
35144 6417
35144 6490
35144 6556
35144 6475
35144 6496
35144 6500
49715 6200
35144 6425
35144 6563
35144 6448
35144 6175
35144 6397
35144 6410
35144 6138
49715 4193
49715 3771
49715 4806
35144 1409
49715 3748
49715 3840
35144 6428
35144 6379
35144 6184
49715 5255
35144 6789
49715 3640
35144 6372
35144 6425
35144 7864
35144 6376
35144 6171
49715 3685
49715 3611
35144 6774
35144 6404
49715 4940
35144 6372
35144 6745
35144 6412
35144 6435
35144 6505
35144 167
49715 6541
49715 3703
35144 6394
35144 6382
35144 6403
35144 6645
49715 5067
35144 6392
35144 6443
35144 6517
35144 6392
35144 6413
35144 6520
35144 6364
35144 6832
49715 5044
35144 6475
35144 7394
35144 6472
35144 6905
35144 6363
35144 6399
35144 6380
49715 5246
35144 6374
35144 6668
35144 6297
49715 3621
49715 6031
49715 3940
35144 1193
49715 3603
49715 4683
35144 6832
35144 6476
49715 6116
35144 6535
35144 6418
35144 6506
35144 6543
35144 5170
35144 5001
49715 3684
35144 6230
35144 3831
49715 3844
35144 3643
35144 7200
35144 6976
49715 6864
35144 3637
35144 6457
49715 5118
35144 6618
35144 4294
35144 6592
49715 4288
35144 6647
49715 5050
35144 6502
35144 6414
49715 5247
35144 6393
35144 6883
35144 6863
35144 6341
49715 5350
35144 6383
35144 6419
35144 3854
49715 3623
35144 3764
35144 3673
49715 3826
35144 6413
35144 6209
35144 4021
49715 3777
58170 6343
16274 5667
16274 1057
58170 3818
49715 3855
49715 3702
49715 6025
49715 3735
49715 3681
35144 6469
35144 6384
49715 6243
35144 6495
35144 6358
35144 6381
35144 4834
49715 4979
35144 6275
49715 3703
35144 6840
35144 2011
49715 3856
35144 3803
35144 6940
49715 5081
35144 6399
35144 6762
49715 5072
35144 6400
35144 356
49715 4517
35144 6364
49715 3620
35144 3647
35144 6954
35144 2523
49715 3835
49715 3747
49715 4728
49715 5025
49715 3705
35144 6809
35144 6556
35144 6738
49715 4934
35144 6506
35144 1804
49715 3932
49715 3907
35144 6574
35144 6824
35144 6379
35144 6430
49715 6199
35144 6357
35144 6468
35144 6385
35144 6226
35144 6417
35144 6394
35144 7024
35144 6426
49715 6276
35144 6383
35144 6428
35144 6448
35144 6366
35144 6493
49715 5324
35144 6874
49715 6482
35144 6533
35144 6404
49715 3598
35144 6405
35144 6372
35144 6788
49715 4912
49715 3692
35144 3581
35144 6386
35144 6384
35144 520
35144 7005
49715 5038
35144 6395
49715 5136
35144 6437
35144 6484
35144 6959
49715 4982
35144 8776
35144 6384
35144 6388
35144 6373
35144 6385
35144 6575
35144 3779
49715 5091
35144 6434
35144 6387
35144 6429
35144 7465
49715 6178
35144 6409
35144 6542
35144 6963
49715 5197
35144 6619
35144 6389
35144 6394
35144 6873
35144 3892
49715 3801
35144 6528
35144 6447
35144 6508
35144 6681
35144 6395
35144 6886
35144 6419
35144 6365
35144 6765
49715 4968
35144 7859
35144 6355
35144 6778
35144 6391
35144 6547
35144 6399
35144 6847
35144 6387
49715 6226
35144 6367
35144 6435
35144 6391
35144 6403
35144 6342
35144 6386
35144 6376
35144 6594
49715 5273
35144 6377
35144 6494
35144 6393
35144 6385
35144 6377
35144 6409
35144 6964
35144 7311
49715 4915
35144 7347
35144 6415
35144 6408
35144 6602
35144 6424
35144 6981
35144 6372
35144 6375
35144 6974
49715 5095
35144 6857
35144 6389
35144 6654
35144 6479
35144 6563
35144 6392
35144 6591
35144 6382
49715 6102
35144 6850
35144 6586
35144 6876
35144 6418
35144 6378
35144 6413
35144 6580
35144 6727
49715 5105
35144 6480
35144 6443
35144 6367
35144 6357
35144 6397
35144 6399
49715 5409
49715 4182
35144 6451
35144 6359
35144 6556
35144 6635
35144 6425
35144 4181
49715 3626
49715 6267
35144 6601
49715 6463
35144 6398
35144 6401
35144 6925
49715 6368
35144 6421
35144 6403
35144 6380
49715 6099
35144 6414
35144 6686
49715 5032
35144 6484
35144 6623
35144 5276
35144 3815
49715 3606
35144 6540
35144 6843
49715 5053
35144 6424
49715 6297
35144 7512
35144 6400
49715 4883
35144 6415
35144 7016
49715 5350
35144 7159
49715 5338
35144 6529
35144 6965
49715 5193
35144 6380
35144 4005
49715 3615
35144 6587
49715 6149
35144 6754
49715 5038
35144 6391
35144 6500
35144 6531
49715 6342
35144 6397
35144 6396
35144 6512
49715 5070
49715 5270
49715 3711
35144 6665
49715 5058
35144 6453
35144 6952
35144 6595
35144 6600
35144 6492
35144 6537
35144 6146
49715 5023
35144 6471
49715 3590
35144 6482
35144 6402
35144 3744
49715 3598
35144 3743
49715 6209
35144 6626
35144 6376
35144 6753
49715 5397
35144 3679
49715 3684
35144 6560
35144 6500
35144 6394
35144 6826
35144 6488
35144 6533
35144 6351
35144 6521
35144 6407
35144 7181
49715 4979
35144 7228
35144 6121
35144 3634
35144 6429
35144 6844
35144 6548
35144 6406
35144 6405
49715 4909
35144 6358
35144 6557
49715 6374
35144 6414
35144 6384
35144 6408
49715 4887
35144 6399
35144 6530
35144 6402
35144 6595
35144 6684
49715 5016
35144 6400
35144 6355
35144 6435
35144 6379
35144 6897
35144 6524
35144 1597
49715 3727
35144 6459
35144 7065
35144 6272
35144 6331
49715 3623
35144 6394
35144 6649
49715 5070
35144 1289
49715 4659
35144 6372
35144 6466
49715 6108
35144 6881
35144 6173
35144 6417
35144 6535
35144 6385
35144 6384
35144 6376
35144 6413
35144 6395
49715 4862
35144 6895
49715 6660
35144 6626
35144 4105
49715 3611
35144 6456
49715 5370
35144 6420
35144 7743
35144 6416
49715 6067
35144 6584
49715 5057
35144 6874
35144 6379
35144 7154
49715 5416
35144 6533
49715 3613
35144 6465
35144 6595
49715 5023
35144 6406
35144 6403
35144 6830
35144 6657
49715 5052
35144 6844
35144 7114
49715 6187
35144 6414
35144 6353
35144 6377
35144 6649
35144 6411
49715 6044
35144 6420
49715 6251
35144 6555
35144 6395
35144 6901
35144 6551
35144 6636
35144 6356
35144 6423
35144 6512
49715 6324
35144 6362
35144 6422
35144 3763
49715 3887
35144 6407
49715 6274
35144 6380
35144 6866
35144 6379
35144 6397
35144 6596
35144 6423
49715 6217
35144 6398
35144 6413
35144 6433
35144 6616
35144 5063
49715 3594
35144 7034
49715 5186
35144 7084
35144 6361
35144 6971
49715 5241
35144 7116
35144 6322
35144 6582
35144 6525
35144 6610
35144 6469
35144 6368
35144 6976
49715 5062
35144 6416
35144 6470
35144 6511
35144 6403
35144 6413
35144 6589
35144 6494
49715 6343
35144 6409
35144 6456
35144 6402
35144 6574
35144 6569
35144 6586
35144 6701
35144 6409
35144 6607
49715 6395
35144 6371
35144 6099
35144 6621
49715 5745
14557 5139
32186 3592
49715 5241
35144 6467
35144 6395
49715 5348
35144 6431
35144 2159
49715 3605
49715 3714
35144 1763
49715 3646
51858 3618
1775 3581
18977 4766
10559 4950
37182 3589
10482 3833
31868 3786
54867 3595
2173 3744
55442 3595
59536 3723
60366 3811
38423 3881
62998 4681
27967 4969
22246 4121
38748 3614
33515 3633
17687 4143
31723 6301
31723 6396
3693 3716
3693 6395
3693 6870
44995 3699
44995 4314
58974 3637
59160 3569
59160 3653
1558 5055
44995 4922
63077 3650
28056 3628
28056 3723
3693 4210
28056 6251
63077 300
31723 3637
3693 3597
63077 3677
31723 3914
37542 4309
28056 6026
3693 3682
18257 3678
18257 3819
2102 3746
59160 3925
41334 4849
2102 295
58742 3793
15676 3619
44995 3615
12605 3704
52540 3611
35132 3927
6519 3775
23392 3717
12129 4852
18913 3710
18257 4920
2102 4114
31203 3817
1555 3924
35987 3817
64829 3645
7314 3641
31891 3688
5231 3662
2611 3869
44713 4661
63330 4973
54112 3709
58209 3740
42849 3593
55781 3767
59874 4120
57606 3291
63954 4929
10720 3594
55776 4395
57606 3801
63954 4093
19601 3850
6519 3891
44713 3613
26572 1646
23690 3603
6519 4741
44713 4864
41334 3815
58742 3667
48185 3661
48185 3673
38188 3613
38188 3740
48185 3607
25085 3630
60232 6135
16040 3588
58742 3860
37107 3780
16040 3799
35791 4287
28945 3624
32655 3665
11142 3748
40958 3899
56198 4621
39008 5101
4230 4080
38274 4017
35706 3589
40927 3829
2604 3815
7345 3653
56204 3581
41662 3669
7351 4722
44995 4995
44995 3726
63954 3599
23690 3691
214 4280
59160 3597
59160 4845
26572 5103
44995 3662
57606 3620
59160 3773
55276 3867
11245 3661
56664 4632
44995 4990
41520 3834
28653 3953
28941 3748
55276 3806
55276 7750
57612 3636
11245 3740
11245 7363
4364 4441
28653 3600
28653 6826
28941 5555
57612 4188
28941 12215
28941 1026
55276 3587
57612 7184
57612 1577
11245 3651
55276 3895
11245 4729
55276 5647
4364 4918
4364 7692
4364 691
28653 3604
28653 4897
28941 5181
57612 4801
28941 3681
11245 4870
55276 3737
28941 6561
28941 6395
28941 6384
28941 6508
55276 6117
28941 6873
28941 7016
55276 5412
28941 6364
28941 6446
55276 6041
4364 6227
28653 3765
28941 6372
28941 6400
55276 6223
28941 6407
28941 6408
28941 6388
28941 6370
28941 6835
55276 5057
28941 6332
28941 6477
28941 6552
28941 6598
28941 6460
55276 6330
28941 6857
28941 6602
55276 6415
28941 6466
28941 7613
28941 6551
28941 6494
55276 5490
44995 3658
44995 4483
44995 4678
44995 5086
44995 3709
44995 3752
59160 946
59160 3660
59160 3645
44995 3634
59160 3783
6396 3880
63021 3776
44995 4230
28941 6568
28941 6379
28941 6553
28941 6643
55276 5287
36016 3912
28941 6431
28941 6406
28941 7237
55276 5472
28941 6522
28941 6392
28941 6545
55276 6390
28941 6478
28941 6518
28941 6365
28941 6649
55276 6477
28941 7791
28941 6400
55276 5152
28941 6526
28941 6364
55276 5063
28941 7180
28941 6387
28941 7273
55276 5400
28941 6428
55276 3733
28941 6510
28941 6693
28941 6467
28941 6371
28941 6963
55276 5174
28941 6396
28941 6818
55276 5206
28941 6897
55276 5224
28941 6452
28941 6396
28941 6414
28941 6376
28941 6598
28941 6601
28941 6402
55276 6099
44995 4921
44995 4727
59160 52
44995 3647
22948 3924
11685 4657
7716 5626
59160 4122
28941 6496
28941 6942
28941 6570
28941 6963
55276 4957
28941 6401
28941 6478
55276 6366
28941 6520
28941 7089
55276 5024
28941 6710
28941 6359
28941 6439
28941 6560
55276 5411
28941 6595
28941 6563
28941 6498
28941 6536
28941 6532
28941 6700
55276 5193
28941 7835
28941 7322
55276 5502
28941 6647
28941 6617
55276 5154
28941 6380
28941 6395
28941 6950
55276 5067
28941 6427
55276 3697
28941 6754
28941 6933
55276 5898
28941 6551
28941 6450
55276 6331
28941 6855
28941 6547
28941 6443
55276 6125
28941 6303
55276 3600
7994 3590
22948 3725
22948 7083
12088 3587
11685 3655
11685 7257
22074 3788
37901 3850
7994 4852
7994 8359
7994 6384
7994 7506
22948 5707
12088 3794
12088 7228
12088 6640
11685 5370
12088 5133
22948 6192
11685 3766
22948 6156
11685 3954
59160 6080
59160 3778
44995 3802
1773 3990
59160 6156
48803 3817
7994 4024
12088 6117
7994 6535
7994 6370
7994 6580
22948 5493
7994 6497
7994 7228
22948 5186
7994 6589
7994 6375
12088 6468
12088 7770
12088 6416
12088 6632
22948 5265
7994 7008
11685 4742
12088 6569
12088 6545
12088 6504
12088 6563
11685 5350
44995 3653
56223 4950
1773 4981
1773 7130
22948 4691
28552 3678
48803 3719
48803 6899
7994 6568
7994 7049
22948 5575
7994 6480
7994 6624
7994 6440
22948 3764
7994 6496
7994 6527
22948 5365
7994 7125
22948 5127
7994 8515
7994 8613
22948 7470
7994 6513
7994 6489
7994 6638
22948 5359
12088 6370
12088 6527
11685 4095
12088 6469
12088 6392
12088 6511
12088 6818
11685 5071
12088 6540
12088 6615
11685 6422
12088 6380
56223 3634
56223 8296
56223 3366
1773 3743
1773 5185
1773 6346
11685 6922
32166 5357
33191 3959
61088 3729
22948 6238
44995 3624
44995 3663
44995 5804
44995 6056
39662 3811
59160 3750
59160 3927
59160 293
59160 3674
28552 3799
28552 7402
28552 6391
28552 6176
48803 3773
48803 4001
48803 6279
44995 3603
56223 4050
56223 6801
1773 4934
1773 6487
26351 4315
44995 4712
44995 5014
12088 6515
11685 6238
7994 6377
28557 3845
61088 4440
61088 7301
12093 5362
32166 3627
48956 3867
33191 5391
32166 7384
33191 6654
35737 4151
39662 4279
39662 6703
22948 6167
44995 3819
44995 3827
59160 6240
2793 4106
59160 3587
59160 3751
44995 3662
59160 3955
59160 3660
28552 6317
28552 6550
28552 6690
28552 5678
48803 3721
48803 6363
44995 4215
44995 3917
59160 4951
59160 4995
59160 3795
44995 3704
30634 4077
44995 3799
44995 6118
13226 3988
20201 5365
56223 6264
1773 6188
44995 3791
7064 4727
26351 3762
26351 7481
28557 4003
28557 7853
28557 6519
28557 6279
61088 4106
12093 3874
48956 3611
12088 6585
48956 7329
12088 7366
11685 7106
12088 6501
12088 6746
12088 6494
12088 7279
11685 5539
12088 6718
12088 6967
11685 5489
61088 3724
35737 4831
35737 6105
33191 4110
12093 4609
39662 6128
7994 6520
7994 6618
7994 6728
22948 5250
7994 6501
22948 6230
7994 7378
7994 6544
7994 6562
7994 4015
22948 3589
59160 3796
32166 3833
44995 3689
44995 6056
19345 3923
2793 3723
2793 6801
59160 4288
59160 3663
59160 3631
59160 3640
44995 3630
28552 6440
28552 6412
28552 6289
48803 3849
59160 5216
4002 3809
39662 6247
50854 4916
33446 3934
32423 3960
27300 3692
48803 6328
61088 6274
35796 3748
30634 3602
31700 3712
13226 3592
48017 4608
20201 3703
30634 7380
13226 6135
20201 6374
44995 4165
59160 6207
53994 3860
56223 4986
1773 6386
59160 5412
44995 3759
61694 4044
7064 3791
7064 5686
26351 5036
44995 3905
44995 3692
28557 6290
19345 4077
19345 7217
19345 6458
2793 5763
59160 5215
15580 4282
2793 3760
2793 6175
59160 4756
44995 3626
40341 5542
4002 3586
4002 7295
56443 4474
15580 3988
15580 6723
35737 3598
48956 3615
12093 3657
61088 3802
41334 3613
56443 3894
35737 3615
56443 7240
56443 6507
56443 6506
15580 4999
35737 5279
44933 3768
53124 5167
32423 3697
50854 3744
28552 6945
16260 5149
33446 3828
50854 7964
32423 6371
28557 6419
28557 6420
28557 6574
61088 4918
33446 6836
24448 3704
27300 3835
27300 6580
15580 3838
15580 6108
15580 3827
39662 6676
48803 6359
61088 6152
15614 3966
56443 4953
56443 5619
15580 4873
56443 3818
15580 4662
56443 6444
56443 6443
15580 6247
56443 6944
56443 6340
56443 6906
56443 6522
56443 6461
56443 7555
15580 6283
56443 7799
56443 7154
15580 6244
31700 4680
35796 3755
35796 7379
35796 6512
30634 6374
48017 3602
48017 7664
48017 6383
48017 3803
20201 3710
31700 7153
31700 6401
13226 5409
56223 3799
60311 4762
53994 5129
53994 5949
19954 5193
61694 8483
61694 6929
30634 3862
13226 3689
30634 6290
40341 3635
40341 7667
40341 1757
4002 3625
56443 6620
15580 5302
56443 7681
15580 5616
56443 6456
56443 6473
15580 5075
56443 6399
56443 6489
15580 6172
4002 4187
20201 3807
4002 6568
4002 3762
56443 6629
56443 6394
15580 6124
56443 6353
56443 6827
15580 5413
56443 6528
56443 3747
15580 3609
19345 3761
19345 6084
19345 6334
2793 5015
59160 4553
4460 3840
59160 4751
44995 5092
7064 3603
35765 3833
30644 4487
1773 3729
44062 3662
49616 3786
44933 4080
44933 6890
53124 4431
53124 4646
32423 3660
16260 3638
16260 7243
50854 3634
24448 3604
24448 4386
33446 3763
32423 6143
27300 3630
50854 6331
28552 6399
28552 6270
48803 5005
35737 3979
28557 6880
7665 4958
15614 3630
15614 6775
59160 6128
40341 3837
40341 3623
4002 3568
4002 5988
40341 3860
40341 7375
40341 6362
40341 6806
40341 6799
4002 4922
16736 3790
19954 4708
60311 5136
60311 4504
53994 3786
35796 6210
35796 6383
30634 6063
61088 3627
35796 6432
35796 6362
35796 6377
35796 6636
30634 6404
35796 6927
35796 6508
35796 6759
30634 5180
19954 7571
19954 1889
61694 3592
35796 6987
30634 5237
31700 3984
39662 3808
48017 3973
61694 6006
44995 4972
61581 3649
4460 3813
4460 7087
10180 4054
35765 4016
35765 7124
47045 3643
30644 3725
30644 7764
52904 5772
13226 3620
51552 3942
36192 3667
20201 3567
29025 6020
1773 6316
39662 6787
44933 5158
33324 5086
44933 6337
53124 3645
53124 6412
53124 6724
50854 4931
26351 6227
4002 3869
7665 3639
48306 3978
7665 7373
7665 3787
15614 4088
15614 4701
3282 5134
4002 3798
4002 3698
15580 3851
15580 5971
4002 3649
15580 3662
40341 3597
20012 3702
61596 3651
16736 3735
16736 7065
16260 3594
24448 3630
32423 4835
60593 5026
7277 3916
3282 3668
3282 7227
56443 3597
56443 6217
56443 6639
15580 5000
35796 6366
35796 6543
35796 6387
35796 6617
30634 5036
35796 6413
35796 6905
35796 6365
35796 6765
35796 6606
35796 6401
30634 6232
35796 6484
35796 6911
30634 5176
35796 6436
35796 6514
30634 5919
35796 6478
35796 6414
30634 4870
35796 6395
35796 6715
30634 6562
35796 6422
35796 6592
30634 6379
19954 6129
61694 6255
7277 5101
7277 7578
7277 6418
7277 6781
3282 5047
3282 3773
3282 6521
3282 3925
35358 3637
61581 4150
61581 7235
61581 6432
4460 6289
61581 6288
60311 3601
10180 3619
64763 3824
10180 7145
10180 6828
35765 5174
10180 5347
47045 3605
4460 6195
4460 6194
47045 7205
47045 6350
30644 3603
47045 6370
57622 3638
35765 4726
30644 1452
35765 3720
35765 4756
35765 5530
7277 3885
7277 6828
3282 5045
7277 3739
3282 4315
40341 4627
7277 8104
3282 6815
7277 6416
7277 6738
7277 6536
7277 6403
7277 6411
7277 6376
7277 6804
3282 4970
7277 6523
7277 6424
12446 6059
3282 3703
29025 4618
29025 7356
20639 3824
51552 3633
51552 7064
56223 3785
41119 3664
36192 3655
36192 7008
40341 2070
40341 6358
4002 3634
49031 3984
40341 6336
7277 6402
7277 6291
3282 3657
35737 6529
3096 3657
7064 3670
7064 6173
7665 3917
49626 3641
1773 3830
61596 4874
7277 3584
61596 7235
61596 6497
61596 6661
16736 4207
16736 3712
16736 6679
4002 5200
39662 3609
35796 6443
35796 6492
30634 3601
35796 6404
35796 6515
35796 6520
35796 6403
30634 5319
19954 6338
26351 4474
1321 3624
15614 3807
23494 3948
61581 6653
61581 3749
4460 4107
10180 6231
10180 3640
35765 3625
35765 3601
10180 4113
10180 4687
10180 6429
35765 6267
10180 6380
10180 6459
35765 6637
10180 6908
10180 6378
10180 6400
35765 6116
47045 6108
30644 4097
47045 3623
30644 3640
61694 3594
10180 6510
35765 3638
12446 4942
12446 7489
12446 6374
12446 6291
29025 3606
20639 3582
29025 3741
29025 6173
41119 3790
41119 7768
41119 6455
41119 4884
36192 4923
20639 7262
20639 3859
51552 3623
36192 3727
51552 4749
36192 7014
61596 5349
61596 5247
61596 3715
16736 4693
10180 6540
10180 6546
10180 6375
10180 6872
35765 6449
10180 6455
10180 6431
10180 6614
35765 5507
10180 6475
35765 6303
51886 3778
10180 6630
10180 7445
35765 6163
10180 6391
10180 6402
35765 6228
10180 7031
10180 6459
35765 6332
10180 6382
10180 6416
10180 7197
10180 6423
35765 5412
10180 6429
10180 6851
35765 5185
12446 6226
12446 3850
29025 3601
41119 6162
41119 3678
20639 6296
36192 5093
30211 3646
51285 4243
60851 3821
51552 3759
10180 6407
10180 6441
35765 6319
10180 6472
10180 6408
10180 6583
10180 6489
10180 6422
35765 5137
10180 7078
35765 5795
10180 6588
10180 6505
10180 6372
10180 6403
35765 4866
10180 6392
10180 6664
35765 5070
10180 6541
10180 6393
35765 6040
10180 6489
10180 6372
10180 6468
10180 6382
10180 6241
35765 3773
39662 6222
35765 3817
1773 6471
50854 5687
26351 6304
36192 6201
11814 6037
44995 4648
44995 5075
53994 6191
4002 3719
59160 3624
59160 3676
44995 5273
12541 5123
32423 6937
44995 4151
44995 3690
44995 3792
44995 6050
56223 3942
10180 6859
10180 6638
35765 5162
7064 6127
53124 6396
53124 9612
50854 7690
41119 6051
35737 4303
40341 6238
59160 3792
59160 3618
59160 3613
59160 3634
44995 4584
59160 5132
49775 3764
60311 3712
60311 6102
1773 3722
39662 3610
4002 3614
26351 3645
36192 3649
44995 4156
53994 3710
44933 6519
28711 4029
49775 3801
49775 7043
59160 3864
48126 3696
32423 3727
44995 4628
28711 4966
28711 7784
28711 6400
49775 6250
28711 6365
2330 3630
48126 3819
48126 7094
49775 3706
49775 4975
49775 5640
2330 3618
2330 7796
2330 1004
48126 3636
48126 3698
48126 6178
28711 4737
28711 4275
49775 3837
49775 4567
28711 6256
49775 4992
59160 4917
52704 3898
44995 5439
2330 4863
2330 3812
2330 6208
48126 3841
28711 3617
7869 3650
52704 3577
52704 7218
32423 6195
50854 6160
44995 3636
44995 3800
59160 3624
7869 3618
7869 7256
7869 6618
7869 6116
52704 3720
52704 3697
59160 3595
44995 3641
44933 6392
53124 6387
53124 6375
53124 6584
50854 5177
32423 4297
9986 3586
33960 3905
7869 6150
52704 6162
28552 3637
28552 3616
48803 3606
28557 3652
28557 3657
61088 3622
12218 3659
7869 6110
52704 3680
59160 4820
2696 5075
44995 3627
48803 3635
48803 3617
61088 3729
61088 3733
32423 6160
33446 6253
27300 4817
2743 5119
63158 4509
19908 3644
9517 3635
34006 3875
28552 3591
48803 3620
28557 4120
61088 3634
53124 6421
53124 6397
50854 4838
53124 6088
44933 6396
44933 6373
44933 6377
44933 6404
44933 6368
44933 6375
44933 1374
44933 6433
44933 7111
32423 5268
50854 9698
24448 7865
24448 6501
24448 123
27300 3570
16260 3762
16260 6392
16260 7006
33446 5084
4026 3654
63158 3611
63158 7505
40891 3652
2743 3607
2743 8180
6513 3759
44933 6442
44933 6385
44933 6380
44933 6673
32423 5070
44933 6850
44933 6384
44933 6484
44933 6356
44933 6374
32423 6074
44933 6518
44933 6424
44933 6824
44933 6397
32423 5026
44933 6501
44933 6433
44933 6914
32423 6693
44933 6974
44933 6428
32423 6247
44933 6395
44933 7022
32423 5321
53124 6406
53124 6373
53124 6395
53124 3743
50854 4100
4026 3629
4026 8432
63158 4148
63158 6166
40891 3656
40891 5235
2743 3661
41831 3685
44933 6550
44933 6389
44933 4816
32423 3654
4026 4954
4026 6388
4026 6560
63158 4946
4026 6742
4026 6661
4026 6452
4026 6501
4026 6903
63158 5234
4026 6432
4026 6451
4026 6789
63158 6431
40891 4932
4026 6438
4026 6454
4026 6828
63158 6467
4026 7052
4026 6413
4026 6569
4026 7220
63158 5501
4026 6606
4026 6539
4026 6565
4026 6418
4026 7259
63158 5280
4026 6517
4026 6673
4026 6799
63158 5207
4026 6574
4026 7353
63158 5670
4026 6427
63158 4191
4026 6874
4026 6838
63158 6444
65378 4808
56067 3623
5289 5204
4026 6493
4026 6240
63158 3754
17728 3818
17728 3703
5458 3626
5458 3816
2743 5544
63158 6270
50854 6418
4705 3664
40891 3762
40891 6568
40891 6461
40891 6535
40891 6798
2743 5207
39450 3704
4026 6417
4026 6340
63158 5173
53124 6550
53124 6383
50854 3689
41969 3977
17728 3774
5458 4744
2330 966
48126 3644
57463 3872
48126 3618
48126 3649
22948 6213
44995 3834
44995 5186
59160 3797
59160 6094
59160 3765
44995 3677
27198 3698
27198 3649
27198 6385
2330 5491
48126 3673
7994 6877
7994 6462
7994 6402
7994 6430
7994 6748
22948 6569
7994 6534
7994 6403
7994 6506
7994 6397
7994 7006
22948 5276
19379 3621
19379 3770
19379 3641
19379 3800
19379 6912
27198 5280
19379 4875
19379 5784
27198 5077
19379 3661
27198 4423
19379 3673
7994 6879
7994 3886
22948 3861
59160 3845
44995 3631
44933 3686
44933 6109
32423 3772
16260 3705
16260 3783
33446 3693
24448 3638
24448 3676
27300 3663
23399 3739
42541 4971
22425 3782
8746 5121
2293 3838
48312 3825
1576 3687
14610 4068
56875 3630
39467 3760
36031 3973
11449 3755
56505 5161
45613 4980
10326 3670
31920 3721
39187 3686
8075 5029
19345 3653
19345 3699
2793 3682
5764 3612
47922 6062
47753 3746
11042 3682
40891 3683
40891 3758
2743 3738
4026 3698
4026 3616
63158 3622
53124 4742
53124 5111
50854 3798
47798 3736
50055 3785
56223 3665
56223 3652
1773 3748
7064 3673
7064 3601
26351 4631
35737 1198
39662 4102
60311 3669
60311 3665
53994 3656
7869 3719
7869 4421
52704 5221
51332 4968
45653 3730
5629 3803
45875 4132
44995 3702
44995 3806
52704 1122
11245 5172
28653 3642
5281 3673
27300 286
33446 375
32423 3674
32423 3696
2743 3026
63158 5147
63158 3613
50854 820
2793 3811
2793 3728
1773 3897
1773 3620
26351 3798
26351 3633
39662 4850
39662 6103
53994 206
59160 3646
59160 3662
29185 3644
29185 3631
5281 3945
59160 3874
44995 3630
3317 3984
61684 3691
27852 3736
3317 3644
3317 7025
64717 3767
61684 3629
61684 7244
27852 1902
64717 4670
64717 5075
27852 7955
27852 7139
3317 5099
64717 7502
64717 6457
64717 7279
64717 132
61684 3653
3317 6049
61684 3729
3317 6906
27852 3678
3317 3816
64717 3656
61684 3644
56223 5065
1773 5134
57612 3621
11245 3648
27852 4090
4364 3622
19345 3572
2793 3767
28653 3677
27852 4825
3317 3821
35737 5070
39662 3679
7869 3599
60311 3759
53994 3641
40891 3614
2743 3709
60234 3785
25564 3857
60234 3627
60234 7067
61684 4373
25564 5053
25564 8380
25564 6451
25564 6993
60234 5106
60234 3664
60234 6125
27198 3880
27198 6677
54403 5080
25564 3912
60234 3701
25564 4684
60234 5063
60234 4625
32186 3811
19379 415
19379 4736
19379 5158
27198 3627
19379 3749
19379 4616
27198 4973
27198 3644
25564 3739
19379 3627
25564 6576
25564 6448
25564 6250
60234 5057
25564 6449
25564 6716
25564 6402
25564 6381
25564 6755
60234 6322
25564 6464
25564 6383
25564 6408
25564 6506
60234 5341
162 5062
59552 3723
64675 4639
60673 3708
60673 3669
60673 3641
60673 6092
60673 3692
44995 3661
44995 4836
34355 5028
34355 3666
44995 3658
44995 4761
33031 5081
33031 3810
33031 3817
25564 6481
60234 6289
25564 6529
25564 6553
60234 5091
25564 6477
25564 6449
60234 6200
25564 6353
25564 6462
25564 6377
60234 6163
25564 6502
60234 6276
25564 7202
25564 6398
60234 6300
25564 7561
25564 7113
60234 5277
25564 6396
25564 6927
60234 5181
33284 5042
162 3631
33284 4080
162 3786
57856 3685
57856 3652
59552 1481
4613 4100
4613 4603
64675 3662
64675 4917
25564 3646
25564 7035
60234 4991
25564 6620
25564 6847
60234 6643
59160 3756
59160 3850
59160 4894
44995 4971
38418 3832
59160 4061
57875 3871
7698 4858
59160 6153
44995 5037
2703 3874
41100 4011
41100 3624
41100 6824
60673 6629
41100 6495
41100 2249
60673 3624
41100 3637
41100 6804
60673 5169
41100 6411
41100 6776
41100 677
60673 3769
41100 6490
41100 6385
41100 6504
60673 6260
41100 6394
60673 5210
31048 4163
31048 3689
41100 6850
41100 6886
60673 4936
41100 6430
41100 7199
60673 7010
31048 6407
34355 5228
31048 6439
31048 6380
31048 6400
34355 6116
31048 5160
34355 3702
31048 6417
31048 6350
31048 6548
31048 6685
34355 4902
41100 6524
41100 4050
60673 3662
41100 6441
60673 6161
41100 6405
41100 6371
41100 6475
60673 6225
25564 6387
25564 6388
60234 6050
25564 6457
25564 7013
60234 5052
25564 6435
25564 7125
60234 6934
25564 6410
25564 6575
60234 6435
25564 6409
25564 6941
60234 5355
25564 6391
25564 6432
60234 6244
25564 6388
25564 6509
60234 5057
25564 3667
61573 219
61573 2256
61573 3653
61573 6490
61573 6400
33031 6247
61573 6527
33031 5148
61573 6534
61573 7031
33031 5080
61573 6423
61573 6553
61573 2055
61573 6383
33031 3624
61573 7281
33031 7143
61573 6417
61573 6371
33031 5414
61573 6856
61573 6449
33031 6298
61573 6484
61573 6755
33031 5017
61573 3673
4915 3840
2703 3791
2703 7137
41100 6575
41100 6645
60673 5036
41100 6406
41100 6452
60673 6291
41100 6494
60673 4955
41100 6399
41100 6454
60673 6137
41100 6434
41100 6381
41100 6525
60673 5060
41100 7214
41100 6482
60673 6351
41100 6539
41100 6379
41100 6413
60673 6202
41100 6382
60673 6049
41100 6538
41100 6398
41100 6388
60673 6209
41100 6411
60673 3590
41100 6391
41100 6486
41100 6383
60673 6248
41100 6420
41100 6377
60673 6044
41100 6825
60673 6624
41100 6788
41100 6830
60673 5175
41100 6409
41100 6502
60673 6329
41100 6702
4915 5045
4915 7935
4915 6460
4915 6760
4915 6302
2703 5310
2703 3856
2703 6040
2703 7100
12769 4907
60234 3681
33031 3608
65055 3831
38418 3744
24092 4792
7698 5414
38418 5807
52765 3709
57875 4917
7698 6985
57875 6545
4915 3767
4915 3699
2703 3615
2703 4639
4915 5286
4915 3827
2703 3596
60673 3608
43385 3617
4915 3624
65055 4720
65055 7878
65055 7162
24092 5662
38418 3622
65055 6390
24092 7757
24092 6908
7698 5065
24092 7086
52765 5152
52765 7086
52765 6544
57875 6339
52765 6446
65055 6228
38418 6045
24092 6240
7698 3909
52765 6196
57875 3607
38418 4765
7698 5134
57875 3771
7698 3779
57875 3755
38418 4807
38418 5157
38418 3772
38418 4692
65055 5084
65055 3740
65055 4265
38418 3618
38418 4529
24092 4582
24092 5119
7698 4077
24092 3631
7698 3687
24092 3616
7698 3790
65055 4671
52765 5168
52765 3718
57875 3717
52765 3577
57875 3630
65055 3628
65055 1833
38418 3599
65055 6877
38418 6586
65055 6577
65055 6411
65055 6410
38418 6010
65055 7012
38418 5063
65055 6861
38418 5082
65055 6362
65055 6410
38418 6198
65055 6578
65055 6837
38418 6668
65055 6818
65055 6761
38418 6296
65055 6382
65055 6389
38418 5313
65055 6574
65055 6869
38418 4917
65055 6439
65055 6466
38418 6293
65055 6637
65055 6541
38418 6297
65055 6494
65055 7138
38418 5517
65055 6756
38418 5032
65055 6812
38418 5160
65055 6496
65055 7767
38418 5775
65055 6444
65055 6386
38418 6202
65055 6378
65055 6407
38418 6232
65055 7202
65055 6470
38418 6180
65055 6568
65055 6686
38418 5061
65055 6740
65055 6537
38418 6371
65055 6362
65055 6396
38418 6474
65055 6384
65055 6456
38418 5024
65055 6362
65055 6919
38418 5323
65055 6453
65055 6941
38418 5096
65055 6372
65055 6534
38418 6367
65055 6374
65055 6660
38418 6392
65055 6387
65055 6512
38418 6369
65055 6426
65055 6960
38418 6589
65055 6761
38418 5064
60673 3797
60673 4827
41100 5018
41100 6475
41100 6581
41100 6725
60673 6320
41100 6364
60673 5060
41100 6437
41100 6531
60673 6289
41100 6553
41100 6896
60673 5098
41100 6424
41100 6687
60673 6431
41100 7259
41100 6408
60673 5348
41100 6579
41100 6472
41100 6394
41100 6553
60673 4946
60673 6014
41100 6547
41100 7616
41100 6407
60673 6116
41100 6564
60673 5325
33031 4141
33031 4893
33031 3700
33031 5982
33031 3686
60673 5043
41100 6581
41100 6368
41100 6667
60673 5023
33031 3711
33031 4642
33031 5132
33031 3731
33031 3666
33031 3788
33031 6132
33031 3690
41100 6900
60673 5686
41100 6415
41100 7183
60673 5151
41100 6424
60673 5156
41100 7165
41100 7528
41100 6591
41100 6445
60673 6269
33031 3662
33031 6461
33031 3670
33031 3863
41100 6515
41100 6937
60673 4980
41100 6857
41100 6858
60673 5391
33031 5172
33031 3697
41100 6433
41100 6569
41100 6562
41100 6878
60673 4904
33031 3853
33031 4841
41100 6641
60673 6482
33031 3680
33031 3986
60673 6022
60673 3815
60673 3842
60673 4897
60673 6741
60673 3729
60673 6913
60673 3902
60673 3772
60673 6089
60673 4084
60673 4005
60673 6436
60673 3743
60673 4013
60673 6260
60673 4137
60673 3857
60673 6351
60673 3701
60673 3739
60673 4734
60673 5236
60673 4339
60673 5097
60673 5160
60673 3676
60673 4793
60673 5178
41100 6592
41100 6548
41100 6573
41100 6530
60673 3615
41100 6501
60673 6078
41100 8629
41100 6461
41100 6848
60673 5371
41100 6374
41100 6898
60673 6720
41100 6377
41100 6666
60673 5190
41100 6514
41100 6569
41100 6539
60673 6359
41100 6911
60673 5724
41100 6363
41100 6357
41100 7292
60673 5425
41100 7245
60673 4942
41100 6577
41100 6516
41100 6959
60673 5198
61573 3793
41100 6940
60673 5240
41100 6383
41100 7744
41100 6457
60673 5303
61573 4850
41100 8886
60673 7076
61573 6381
33031 6220
61573 6426
61573 6511
41100 6407
41100 6729
41100 6467
33031 5208
60673 3770
61573 6394
33031 5019
61573 6594
61573 6780
33031 5047
61573 6391
61573 6486
61573 6443
33031 6206
61573 6405
33031 3804
61573 6598
61573 3790
33031 3807
61573 6533
61573 6406
33031 6219
61573 6570
33031 5214
61573 7566
61573 6538
61573 6362
61573 6806
61573 6564
61573 6463
41100 6531
33031 5166
60673 4892
41100 6543
60673 3757
41100 6581
60673 5413
61573 6454
61573 6827
61573 6440
61573 6428
41100 6991
60673 5384
33031 3818
41100 6388
41100 6406
41100 6618
60673 5141
41100 6486
41100 6395
41100 7091
41100 6535
41100 6387
60673 6243
41100 6413
41100 6450
60673 6242
41100 7771
60673 3833
41100 6557
60673 5246
61573 4950
41100 7022
60673 5092
41100 6818
60673 5528
41100 6506
60673 5034
41100 7178
60673 5503
61573 5214
41100 7213
60673 5017
41100 6612
41100 6403
41100 6726
60673 6260
41100 6685
60673 6346
41100 6445
41100 6381
41100 6398
60673 6258
41100 6437
41100 6392
41100 6548
60673 5238
61573 3612
41100 8319
60673 6970
41100 6417
60673 6000
41100 6382
41100 6415
60673 6109
41100 6409
60673 5443
41100 6459
41100 6374
41100 3644
60673 3711
41100 6368
60673 6210
41100 6393
41100 6389
41100 4999
60673 3766
41100 7246
41100 7050
60673 5062
41100 6402
41100 4905
60673 4494
41100 6391
41100 6569
60673 6457
41100 1006
60673 7391
41100 1965
41100 4884
41100 3755
41100 149
41100 6508
41100 6544
60673 5101
41100 6525
41100 6460
60673 5021
41100 6770
41100 6349
41100 6405
41100 6522
60673 6292
41100 6451
41100 6359
60673 6222
41100 6520
41100 6727
60673 5146
41100 6537
41100 6447
41100 6753
41100 6668
60673 6482
41100 6456
41100 6498
41100 7728
41100 6841
60673 6697
41100 13684
41100 6765
60673 5730
41100 6406
41100 6404
60673 6264
41100 6397
41100 6549
60673 5182
41100 6432
41100 6430
41100 6876
60673 5170
61573 6607
61573 6510
33031 6187
41100 6845
61573 6450
60673 6173
33031 3589
61573 6469
41100 6387
61573 6449
61573 6559
61573 6622
61573 7347
33031 7329
61573 6658
61573 6417
61573 8355
41100 6801
41100 7315
33031 5849
60673 3759
61573 6396
61573 6547
33031 5081
61573 6509
61573 6489
61573 6559
33031 5073
61573 6825
61573 6564
61573 6574
33031 6266
61573 6748
41100 6371
41100 6408
60673 4196
41100 6864
41100 6955
60673 5082
61573 6941
33031 5226
41100 6577
60673 6327
41100 6373
41100 6872
60673 5564
41100 6407
61573 6544
61573 7489
61573 6378
61573 6628
61573 6469
61573 6488
61573 6465
33031 5215
41100 6441
41100 6526
61573 6482
61573 6602
61573 6805
61573 6402
61573 6424
61573 6754
60673 5290
33031 3609
41100 6572
41100 6380
61573 6535
61573 6393
61573 6429
61573 6405
61573 6414
61573 6396
60673 4903
33031 4043
61573 6427
61573 6410
61573 6386
61573 6614
41100 7189
41100 7892
41100 6665
41100 6900
33031 5199
60673 3703
41100 6398
41100 6385
41100 6390
61573 6420
61573 6414
61573 6469
61573 6582
61573 6541
61573 6979
60673 5092
33031 3640
41100 6480
41100 6379
41100 6483
41100 6740
41100 6447
41100 6454
41100 6595
41100 6985
60673 5049
41100 6550
41100 6866
41100 6421
41100 6437
41100 6867
60673 5254
41100 6564
60673 6263
41100 7625
41100 6959
60673 5350
41100 6582
41100 7167
41100 6447
41100 6920
41100 6760
60673 5699
41100 7134
60673 5424
41100 6399
41100 6557
41100 6615
60673 5157
41100 6361
60673 4867
41100 6394
41100 6372
41100 6397
60673 5126
41100 6866
60673 6568
41100 6573
41100 6538
41100 6506
60673 5475
41100 6404
60673 3867
41100 6350
41100 6456
41100 7311
60673 6023
41100 6395
60673 5161
41100 6492
41100 6571
41100 6782
60673 6487
41100 6399
41100 7089
60673 5188
41100 6840
41100 6426
60673 6186
41100 6491
60673 5031
41100 6475
41100 6395
41100 6974
60673 4956
41100 6397
60673 5352
41100 6448
41100 6462
41100 6404
60673 6124
41100 6373
60673 6143
41100 6364
41100 6376
41100 6569
60673 6418
41100 7618
60673 7195
41100 6608
41100 6389
41100 6889
60673 4935
41100 6547
41100 6562
41100 6539
41100 7074
60673 5918
41100 6863
60673 5215
41100 6450
41100 6809
41100 6893
60673 4921
41100 6389
41100 6420
60673 6111
41100 6382
60673 6211
41100 6389
41100 6558
60673 5258
41100 6427
41100 6387
41100 6386
60673 6095
41100 6673
41100 6968
60673 5214
41100 8317
60673 6691
41100 6482
41100 6582
60673 4787
41100 6391
41100 7142
41100 6594
60673 6287
41100 6570
60673 6236
41100 6536
41100 6903
41100 6996
60673 4914
41100 6617
41100 6408
60673 6283
41100 6392
41100 6418
60673 6275
41100 7202
60673 5458
41100 6861
41100 6417
41100 6775
60673 5692
41100 6449
60673 6306
41100 6469
41100 6617
41100 6485
60673 6314
41100 7409
60673 7023
41100 6419
41100 6340
41100 6501
60673 5033
41100 6539
60673 6157
41100 6436
41100 6368
41100 6394
60673 6126
41100 7087
60673 5537
41100 6376
41100 6411
41100 6842
60673 5213
41100 6734
60673 5149
41100 6400
41100 6486
41100 6417
60673 6240
41100 6368
41100 6383
41100 6439
41100 6385
60673 5230
41100 6966
60673 5068
41100 7021
41100 6502
41100 7603
60673 6323
41100 6400
60673 4982
41100 6379
41100 6462
41100 6823
60673 5187
41100 6453
60673 5200
41100 6504
41100 6511
60673 6209
41100 6743
41100 7294
60673 5216
41100 6423
41100 6384
41100 6419
60673 3629
41100 6557
60673 5252
41100 6394
41100 6392
41100 6397
60673 4869
61573 6778
33031 5055
61573 6455
61573 6850
33031 5235
61573 7147
61573 6403
61573 6884
33031 5086
41100 6404
60673 6034
41100 6824
41100 6393
41100 6405
60673 6237
61573 6536
33031 5422
61573 6496
61573 6987
33031 5275
41100 6963
60673 4934
41100 6395
41100 6480
41100 6426
60673 6225
61573 6532
61573 6431
61573 6474
33031 6306
41100 6468
60673 3737
41100 6868
41100 8080
60673 6625
41100 6823
61573 6884
33031 5038
61573 8005
61573 6437
33031 6247
41100 6385
60673 5136
41100 6595
41100 6417
41100 6399
60673 6296
61573 6879
61573 6384
61573 6395
33031 5001
41100 6424
60673 3614
41100 6367
41100 6385
41100 6407
60673 6246
61573 6744
33031 5660
61573 6461
61573 6880
33031 5063
41100 6722
60673 5082
41100 6411
41100 6403
41100 6818
60673 5201
61573 6373
61573 6546
33031 5017
61573 7655
61573 6394
33031 6003
61573 6387
61573 6414
33031 6158
41100 6411
60673 3643
41100 6582
41100 6396
60673 6241
41100 6403
61573 6562
61573 6728
61573 6639
33031 5053
41100 6415
60673 4873
41100 6511
61573 6550
61573 6499
33031 5027
61573 6397
33031 4574
41100 6434
60673 5340
61573 6424
41100 6452
61573 6734
33031 4122
61573 6508
41100 8179
41100 6445
60673 6150
61573 6777
33031 4979
61573 6439
41100 6421
60673 6305
41100 6377
61573 6575
61573 6550
61573 6772
33031 5090
41100 6399
41100 6404
60673 5215
61573 6393
61573 6424
61573 6841
33031 6693
41100 6417
60673 6290
61573 6631
33031 4939
61573 6408
61573 6369
33031 6056
41100 6428
41100 7217
60673 5441
61573 6512
61573 8044
61573 6476
33031 6042
41100 6405
41100 6409
60673 5384
61573 6375
33031 5099
61573 6555
61573 6459
33031 5438
41100 7058
60673 5280
41100 6597
61573 6492
61573 6394
61573 6535
33031 6193
41100 6389
41100 7060
60673 5308
61573 7097
33031 5378
61573 6508
61573 7111
33031 5198
41100 6386
41100 6449
60673 6034
41100 6499
41100 6548
41100 6621
61573 7812
61573 6436
61573 7109
60673 5336
33031 4342
41100 6427
61573 6612
61573 6415
61573 6898
33031 6689
41100 7535
60673 5168
61573 6377
41100 6452
61573 6851
61573 6839
33031 5178
41100 6564
60673 6362
41100 6776
61573 6460
61573 7059
33031 5272
61573 6639
33031 6268
61573 6699
61573 6522
41100 6467
41100 6805
33031 5562
60673 5177
61573 6410
41100 7474
41100 6698
60673 6394
41100 6423
41100 6441
61573 6363
61573 6537
60673 5250
33031 3630
61573 6491
33031 6286
41100 6525
41100 6382
60673 6031
61573 6677
61573 6355
61573 7152
33031 5470
41100 6547
60673 5294
41100 6360
41100 7042
60673 5267
61573 6413
61573 6500
33031 5168
41100 6411
41100 6369
41100 6979
60673 5073
61573 6986
33031 5084
61573 8678
61573 6413
33031 6153
41100 6397
41100 6403
41100 7025
60673 5307
61573 6596
61573 6529
33031 5146
61573 6368
41100 6478
41100 6506
60673 3683
41100 6502
61573 7008
33031 5380
61573 6569
61573 6372
33031 6168
41100 6402
60673 6251
41100 6398
41100 6476
60673 5087
61573 6956
61573 6549
33031 5356
61573 6836
41100 6439
41100 6390
41100 6500
60673 6334
61573 7622
61573 6363
33031 6028
61573 6490
33031 6275
41100 6434
60673 3625
41100 6428
41100 6579
60673 6422
61573 6746
61573 6533
61573 6563
33031 6284
41100 6416
41100 6417
41100 6557
60673 6302
41100 6506
60673 4992
41100 6524
41100 6391
60673 6126
41100 6367
41100 6449
60673 6090
41100 6550
41100 7633
60673 5825
41100 6571
41100 6441
60673 5229
41100 7987
41100 6363
41100 6898
60673 5037
41100 6388
60673 6176
61573 6457
61573 7293
33031 4957
61573 6378
61573 7033
33031 5550
61573 6392
33031 3728
61573 6378
61573 6407
33031 6126
61573 6474
61573 6511
33031 4991
61573 6357
61573 6865
33031 6640
61573 6447
61573 6565
61573 6610
33031 4922
61573 6398
61573 6507
61573 6569
33031 6127
61573 7457
61573 6786
33031 6452
61573 6360
61573 6463
33031 3598
61573 6433
61573 6516
33031 6327
61573 6541
61573 6495
61573 6400
33031 6225
61573 6536
33031 6347
61573 6535
61573 6418
33031 6109
61573 6499
61573 7061
33031 5429
61573 6606
61573 6398
33031 4853
61573 7353
33031 6087
61573 6411
61573 6406
33031 6075
61573 6344
61573 6622
33031 6170
61573 7205
61573 6935
33031 5177
61573 6540
61573 6422
33031 6216
61573 6403
61573 6410
33031 6224
61573 6391
33031 6217
61573 6460
61573 6577
33031 5324
61573 6386
61573 6432
61573 6399
33031 6151
61573 6204
33031 4074
51552 4614
33191 3619
32166 4930
15614 3654
20201 3795
20656 3580
13226 3610
47267 3784
17570 3606
42059 280
20656 3616
20656 4593
29188 94
57861 3809
57861 3588
17570 3602
47267 3764
47267 3599
17570 4057
59569 4605
5296 5169
44995 3633
44995 3766
50250 3634
50250 3631
59569 3631
59569 4629
21579 5026
5296 3706
21579 3711
5296 3609
59160 3662
59160 6100
44995 4053
60234 3810
60234 6194
25564 823
25564 3759
7665 4783
15614 4323
20639 4932
51552 3590
12093 3615
48956 4149
33191 3634
32166 3765
48017 3623
20201 3621
31700 3764
13226 4671
25564 5182
60234 3596
57855 3570
22836 3652
36302 3806
55669 3702
34355 6100
44995 3656
44995 3822
44995 3664
44995 6076
26920 6642
44995 3915
44995 3797
34355 6108
60673 3785
60673 4873
60234 5190
59160 3697
59160 3786
59160 6128
44995 4282
59160 3827
59160 4753
44995 5124
59160 3737
59160 3649
59160 3873
44995 3650
37116 4630
37116 6253
31048 6517
34355 6346
31048 6383
31048 6399
34355 4899
31048 6369
31048 6486
31048 6456
31048 6351
31048 6345
31048 6431
31048 6566
31048 6478
34355 5205
31048 6464
34355 6309
31048 6619
31048 6398
31048 6473
31048 6358
31048 6557
31048 6620
31048 7751
31048 6405
31048 6542
31048 7715
34355 6841
41100 5257
31048 6383
34355 5303
31048 6496
31048 6345
31048 6650
31048 3740
41100 1215
34355 3603
60673 4083
41100 678
60673 3596
31048 6471
31048 6389
31048 6482
31048 6408
31048 6390
34355 3613
31048 6528
34355 6344
31048 6483
31048 6392
31048 6460
31048 6420
31048 7152
34355 6986
31048 6767
34355 5169
31048 6393
31048 6506
34355 6330
31048 6699
31048 6384
31048 6374
31048 6505
31048 6348
31048 6664
31048 6842
34355 4939
31048 6380
31048 6383
31048 6414
31048 6457
31048 6731
34355 5133
31048 6392
31048 6459
31048 6437
34355 6021
31048 6393
34355 5295
31048 6612
31048 6814
31048 6392
31048 6852
31048 6419
31048 7129
31048 6410
34355 5165
31048 6373
34355 5456
31048 6391
31048 6425
31048 6511
31048 6388
31048 6429
31048 6583
31048 6410
31048 6700
34355 5034
31048 6372
31048 6378
31048 6356
31048 6401
31048 6399
31048 6405
31048 6380
31048 6373
31048 6377
34355 5335
31048 6722
31048 6427
31048 6486
31048 6385
31048 6387
31048 6402
31048 6432
31048 6393
34355 6221
31048 7272
31048 6504
31048 6341
31048 6793
31048 6846
31048 6374
31048 6494
31048 6442
34355 4884
31048 6365
31048 6384
31048 6549
31048 6409
31048 6505
31048 6851
31048 6393
31048 7102
34355 6932
31048 6430
31048 6423
31048 6438
31048 6486
31048 6528
31048 7134
31048 6851
31048 6507
34355 6086
31048 6367
31048 6427
31048 6402
34355 6246
25564 6696
44995 3798
44995 3722
26920 3584
44995 3636
44995 6083
59160 3695
59160 3777
59160 3642
44995 3616
60234 3619
59160 6068
7915 3819
59160 3921
44995 3625
19267 3807
6166 4691
19267 4972
19267 7107
13542 5229
7915 3602
7915 6677
6166 4605
6166 10880
6166 6604
6166 5585
19267 3883
13542 3584
19267 3885
19267 4652
19267 6305
13542 7463
13542 7402
13542 6386
13542 6364
7915 4898
7915 4159
7915 3712
7915 6107
6166 4805
6166 5021
19267 4203
19267 3676
6166 6389
19267 4834
6166 6362
19267 6208
6166 6474
6166 6830
6166 6415
19267 6261
6166 6546
19267 3977
6166 6394
19267 6006
6166 6628
19267 5166
13542 6132
13542 3670
7915 3610
7915 3798
13542 6400
13542 3456
7915 4109
6166 6654
6166 6568
19267 6220
6166 7456
6166 6624
19267 4932
6166 6432
6166 6994
19267 5182
6166 6504
6166 6567
19267 6391
6166 6867
6166 6421
19267 6089
6166 6450
6166 6445
19267 6285
6166 6247
13542 3676
19267 3628
42293 3661
7631 3964
48028 3635
64180 3649
7915 4123
60234 6270
44995 3684
44995 6064
59160 3667
59160 3665
13542 4143
13542 6439
13542 4685
13542 5466
7915 3637
19267 4188
44995 4762
44995 5204
44995 3791
44995 3699
44995 4668
44995 5069
6166 6520
6166 6683
19267 5067
6166 6377
6166 6374
6166 6204
19267 3756
59160 3626
59160 3651
59160 3687
44995 3544
59160 3631
25564 3616
59160 6143
44995 3616
60274 3819
59160 6165
25564 4827
40042 4299
34921 5171
59160 5051
44995 3586
29800 3862
25564 4656
25564 5013
60234 3606
60234 3646
59160 4853
47079 5238
25564 3759
22425 3739
22425 3664
50478 3851
40042 3615
13611 4660
34921 5121
40042 7121
34921 5208
42282 5130
29800 3610
29800 6980
19267 3736
19267 3697
9048 4295
60274 3598
60274 6817
2293 1362
2293 4637
50478 4952
50478 7616
50478 6416
50478 6984
13611 6806
40042 4924
13611 7228
13611 6381
13611 6410
34921 6237
50478 7008
40042 5085
42282 3774
13611 6438
34921 6002
6166 3601
6166 6506
6166 6839
6166 6341
6166 6376
6166 6439
6166 6454
19267 6266
6166 6385
6166 6461
19267 6272
6166 6426
6166 6361
6166 6186
19267 3610
42282 7699
42282 7086
42282 6492
29800 6321
42282 6410
29800 5122
2293 5912
22425 4436
44995 3615
40042 6249
25564 3730
34921 3746
25564 3694
25564 4696
60234 4980
29800 3736
43184 3822
47079 3781
47079 6830
50478 3624
50478 4731
40042 6604
13611 5028
13611 3762
34921 6191
42282 3588
42282 3701
29800 6172
9048 3691
9048 7463
9048 6428
60274 6174
9048 6383
9048 6166
60274 4089
60274 4688
60274 5062
60274 4238
50478 6407
50478 6394
50478 6338
50478 6405
40042 5382
50478 6423
50478 6426
40042 6220
13611 6280
13611 6520
34921 6392
13611 6830
13611 6411
13611 6379
34921 6056
13611 6785
13611 6394
50478 6479
50478 6393
34921 5591
40042 4839
13611 6402
34921 5042
13611 7060
50478 6460
50478 6692
40042 5111
13611 6930
34921 5104
13611 6458
50478 6411
50478 6996
40042 6686
42282 6362
42282 6578
29800 6395
42282 6441
42282 6387
42282 6428
50478 6332
29800 6157
42282 6464
29800 6315
13611 6382
13611 6488
34921 6356
42282 6822
42282 6997
29800 5223
13611 6507
13611 6446
34921 6260
42282 6394
42282 6407
29800 5285
13611 6349
13611 6424
34921 6200
13611 6783
34921 5051
43184 3623
43184 7550
43184 6424
47079 4877
43184 7190
43184 6917
47079 5059
47079 6219
40042 3645
9048 3594
9048 3758
9048 3798
60274 3754
60274 4679
9048 6487
9048 6834
9048 6414
60274 6123
9048 6407
60274 6231
9048 6486
9048 6633
60274 5050
9048 6513
60274 6385
9048 6365
60274 3622
9048 6406
9048 6865
60274 5214
9048 6453
9048 6415
60274 6251
9048 6373
9048 6411
60274 6247
9048 7046
9048 6369
60274 6148
9048 6747
9048 6874
60274 5064
9048 6893
60274 4930
9048 6628
60274 3794
9048 6200
43184 3701
43184 3710
47079 6298
60274 3670
43184 6246
43184 6411
43184 6482
43184 6467
43184 6387
47079 6223
43184 6378
43184 7238
47079 5180
9048 3703
43184 6813
43184 7017
47079 5354
43184 6409
43184 6447
47079 6512
43184 6857
43184 6427
47079 3762
43184 6463
43184 6932
47079 5186
43184 6405
43184 1017
47079 6252
47079 3596
2574 4608
62583 5221
61010 3736
34294 3700
44995 3646
44995 3746
22425 6238
60673 6093
60673 3792
60234 4875
60234 5042
1858 3601
42901 3777
59160 3700
59160 3753
25564 4605
25564 4956
59160 4002
44995 3610
23519 4775
27755 5314
41100 5174
41100 6457
41100 3626
60673 3632
41100 3653
41100 6381
60673 6259
41100 6460
41100 6303
60673 4971
41100 6477
41100 6386
41100 6414
41100 6531
60673 6351
41100 6488
41100 6399
41100 6392
41100 6700
60673 5054
41100 6568
41100 6382
41100 6392
41100 6759
60673 6439
25020 4614
23519 3747
41100 6527
41100 6430
41100 6526
41100 6914
60673 5206
23519 7720
41100 6396
41100 6356
41100 6388
60673 4872
2293 3798
25020 3721
25020 4833
23519 6178
6953 3875
25564 6126
25564 3688
60234 3656
25020 7072
25020 6362
25020 6443
23519 5108
41100 6434
60673 6189
41100 6400
41100 6865
41100 6484
60673 4954
41100 6439
60673 6301
41100 6402
41100 6491
41100 6368
60673 5442
41100 6683
60673 5053
41100 6766
41100 7025
41100 6457
60673 5018
23519 3765
23519 4668
23519 6227
52386 4873
44995 3769
44995 3745
22425 3640
25020 6096
25020 3893
23519 4632
25020 5033
23519 3795
25020 3612
53767 3787
53767 3621
52386 1015
59160 4703
59160 5048
59160 3787
44995 3743
17 3826
2703 6273
25020 6394
25020 6416
23519 6223
25020 6435
25020 6535
25020 6967
23519 6765
2703 6542
49715 5405
49715 3634
49715 3710
33031 4659
60673 5124
27198 4115
27198 6523
2703 3836
44995 3707
44995 6065
36016 4270
17 3580
17 6727
4915 3680
4915 3716
4915 3649
2703 4665
4915 4981
4915 3711
4915 3773
2703 3597
19379 4033
19379 3727
35144 4771
35144 5014
35144 6190
49715 4068
35144 3744
61573 1072
33031 3588
35144 6445
35144 6405
35144 6168
35144 6376
41100 6382
41100 6207
41100 6239
35144 3781
41100 3684
49715 3771
60673 4595
4915 5145
4915 3762
2703 3573
59160 3630
59160 3657
59160 6643
44995 5025
23519 3689
23519 6040
23519 3623
23519 3817
23519 3813
36016 3706
36016 3590
36016 7422
36016 6473
36016 6408
36016 976
17 4913
17 4268
17 6477
17 6873
25020 5081
25020 6336
25020 6964
23519 5328
25020 509
23519 3612
25020 6400
25020 3696
23519 3708
25020 6382
36016 3736
17 4913
19379 5141
19379 6175
27198 3709
19379 4016
19379 3788
27198 3619
27198 4649
36016 121
36016 1430
17 3621
19379 3589
23519 3588
25203 5066
61938 3859
19267 6666
2703 3770
6166 6151
6166 7250
6166 6435
19267 6005
6166 6470
6166 6811
19267 5181
6166 6403
6166 6430
19267 4954
6166 6343
6166 6792
19267 5165
6166 6303
19267 4886
33956 3573
4915 6078
4915 3749
2703 3629
947 3638
27947 3779
13365 3694
22298 3778
64404 4745
38545 4972
9537 3807
44995 3634
44995 3711
59160 3626
59160 6458
44995 4082
42769 3856
58129 4298
7952 4785
2844 5608
63261 3682
45853 3767
13249 3788
50113 3647
21440 3696
42769 3627
58129 3620
7952 3586
41937 4971
2844 4955
13264 3834
63261 3661
50128 3668
45853 3705
42769 6770
7952 6635
58129 6372
45853 6331
63261 6499
2844 5782
13249 4604
21440 4099
50113 3655
50128 3584
13264 3618
41937 3583
13264 8274
13264 6909
13264 6640
63261 5186
50113 7344
50113 6540
13249 7053
58129 6900
13249 6392
50113 6394
13249 6340
42769 6171
21440 7498
21440 6514
21440 6345
7952 5294
50128 7336
50128 6392
50128 6321
41937 7118
41937 6456
41937 6595
45853 4938
2844 3646
63261 3655
42769 3713
58129 6165
7952 3687
2844 3698
45853 4132
42769 3616
58129 4592
7952 5540
2844 4891
45853 4066
63261 3656
63261 6269
63261 3777
63261 3703
63261 3706
63261 4674
63261 5050
13264 3924
13264 6071
63261 3584
13249 3769
42769 3613
13249 6311
42769 4057
50113 4784
58129 5064
50113 3923
58129 3674
21440 6625
7952 3633
21440 3786
7952 3588
41937 6232
41937 4791
2844 1777
2703 3689
2703 6383
2703 6841
2703 7013
13249 5053
42769 4232
13249 3731
13249 3599
50113 3839
42769 608
58129 5962
50113 3649
50113 3589
58129 3797
58129 3641
2703 6361
41937 103
2844 3587
2844 4957
41937 3613
2844 3602
13264 3736
63261 3590
13264 4088
50128 6100
45853 3656
50128 3765
45853 3736
50128 4636
45853 5033
50128 600
45853 2044
21440 2044
7952 3589
7952 4832
21440 4988
7952 3616
13264 3709
13264 6320
13264 3794
63261 3593
13264 6447
4915 589
4915 3617
4915 3706
2703 6415
4915 3647
2703 3698
13264 6624
13264 4968
63261 3720
13264 6330
13264 6500
13264 6990
63261 5112
13264 6392
13264 6545
13264 6413
13264 6402
13264 6366
13264 6375
63261 6225
13264 6424
13264 6817
13264 6341
13264 6647
13264 6424
13264 6390
13264 6422
63261 6240
13264 6416
13264 6499
13264 6091
63261 4092
13264 6589
63261 5025
13264 6422
13264 6244
63261 3733
13264 6466
13264 6379
63261 6241
13264 6361
13264 6564
63261 5291
13264 6390
13264 6944
63261 5171
13264 6406
13264 6438
63261 6017
4915 3988
4915 3625
4915 3674
2703 6755
13264 6523
13264 6483
63261 6095
13264 6419
13264 6532
13264 6423
13264 6396
63261 6083
13264 6841
13264 6431
63261 6222
13264 6365
13264 6809
63261 5211
4915 5097
13264 6388
13264 6966
63261 5325
13264 6511
13264 6750
63261 5269
13264 6400
13264 7004
63261 5129
13264 6341
13264 6601
63261 6152
13264 6380
13264 6399
13264 6461
63261 5407
13264 6873
63261 5864
13264 7194
13264 6882
63261 5372
13264 6421
13264 6376
13264 6437
63261 6207
13264 6626
63261 5045
13264 6566
13264 8033
63261 6610
13264 6827
13264 6682
13264 6564
63261 6393
13264 6362
13264 7203
63261 5396
13264 6420
63261 5088
13264 6603
13264 6434
13264 6386
63261 4821
13264 6340
63261 3610
13264 6508
13264 6568
13264 6721
63261 4924
13264 7189
13264 6408
63261 6099
13264 6399
13264 6426
63261 6042
13264 6389
13264 6388
13264 6373
13264 7189
63261 5443
13264 6407
13264 6729
63261 5254
13264 6468
13264 6683
63261 5052
13264 6401
63261 5389
13264 6369
13264 6393
13264 6399
63261 6246
13264 6380
13264 6407
13264 6443
13264 6087
63261 5291
13264 6426
63261 4283
13264 6692
13264 6432
13264 7321
63261 5673
13264 6553
63261 5335
13264 6451
13264 6407
63261 6226
13264 6377
13264 6736
13264 6431
63261 6089
13264 6434
63261 6196
13264 6406
13264 6485
13264 6375
13264 6507
63261 6320
13264 6519
13264 6374
13264 6552
63261 3628
13264 6911
63261 5212
13264 6361
13264 6412
13264 7016
63261 5223
13264 6173
63261 3738
13264 6405
13264 6844
63261 6561
13264 7081
13264 6365
63261 6070
13264 6840
13264 6540
63261 6264
13264 6453
13264 6368
63261 5309
13264 6806
13264 6609
63261 5039
13264 6386
13264 6894
63261 6416
13264 6401
13264 6527
63261 5062
13264 6454
13264 6719
63261 5274
13264 6552
13264 6649
63261 5770
2703 5460
12541 3780
12541 3633
11814 3604
12541 3629
11814 331
51285 4694
51285 5095
51886 1382
51285 3592
12541 3642
63261 3841
63261 3699
63261 6152
63261 3692
63261 3782
63261 3666
63261 6015
63261 3847
63261 3719
63261 4648
63261 5111
63261 3689
63261 3824
13264 3625
13264 3677
16901 4610
23495 5321
13264 6317
13264 6333
63261 6158
13264 6744
13264 6684
63261 4913
13264 6703
13264 6935
13264 6324
63261 4888
13264 6504
63261 4916
13264 6422
13264 6424
13264 6702
63261 6471
13264 6400
13264 6431
63261 6221
13264 6413
13264 6366
13264 6411
63261 6191
13264 6826
13264 6405
13264 6663
13264 6550
13264 7643
63261 6002
13264 6429
63261 5208
13264 6467
13264 6857
13264 6385
13264 6882
63261 5151
13264 6537
13264 6407
13264 6686
13264 7540
13264 6547
63261 6408
13264 6518
63261 5170
13264 6436
13264 6408
13264 6416
13264 6621
63261 5025
13264 6539
13264 6392
13264 6260
63261 6099
13264 6834
13264 6387
13264 6112
63261 3908
13264 6411
13264 6815
63261 5574
13264 6372
13264 6574
13264 6930
63261 5055
13264 6497
63261 5025
13264 6365
13264 6379
13264 6283
63261 4113
13264 6304
13264 7266
63261 5912
13264 6871
13264 6414
13264 6905
63261 5497
13264 3784
13264 6325
63261 5425
13264 6400
13264 6676
63261 5009
13264 6573
13264 6536
13264 3813
63261 4615
13264 6529
13264 6510
13264 6579
63261 6126
13264 6538
13264 6541
63261 6133
13264 6513
13264 6839
13264 6720
63261 5047
13264 6440
13264 6432
63261 3638
13264 6424
13264 6389
13264 7109
63261 6119
13264 6421
13264 6383
63261 4879
13264 6373
13264 6567
13264 6602
63261 4925
13264 6481
63261 4074
13264 6362
13264 6529
13264 6415
63261 6253
13264 6846
63261 4917
13264 6519
13264 6402
13264 6403
13264 3864
63261 3787
13264 6472
13264 6400
13264 6543
13264 6512
63261 5097
13264 6562
13264 6569
63261 5088
13264 6849
13264 6402
13264 4540
63261 3774
13264 6388
13264 3645
63261 3585
13264 6378
13264 6539
63261 4992
13264 6499
13264 6478
63261 4927
13264 6407
13264 6542
13264 6444
63261 4005
13264 6684
13264 6763
63261 5052
13264 6361
13264 6426
13264 6459
63261 6072
13264 6347
13264 6548
63261 5062
13264 6394
13264 6392
13264 7682
63261 5758
13264 6419
13264 4161
63261 4267
13264 6382
13264 6380
13264 6832
63261 4917
13264 6417
13264 6358
63261 4880
13264 6544
13264 6537
13264 6587
63261 5131
13264 6409
13264 6570
63261 5366
13264 6481
13264 6509
63261 5047
13264 6824
13264 6393
13264 6488
63261 6173
13264 6399
13264 6530
63261 6354
13264 6472
13264 6929
63261 5234
13264 6662
63261 4966
13264 6416
13264 7017
13264 6414
13264 3718
63261 3637
13264 6454
13264 6539
63261 6225
13264 6589
13264 6525
13264 6433
63261 6234
13264 6528
13264 6365
13264 6224
63261 3654
13264 6546
13264 6471
63261 6026
13264 6387
13264 6415
13264 6417
13264 7159
63261 6908
13264 6854
13264 6544
63261 4646
13264 6402
13264 6476
13264 6238
63261 4180
64004 3651
15302 3820
2696 4499
2696 4665
12218 1317
2696 3717
40768 3630
51894 3817
47258 3810
1501 3974
53137 3640
7641 3757
155 3627
26076 4688
27280 3786
41969 4973
41969 3675
41969 4029
39450 1161
46400 3898
41969 3648
2703 6085
2703 6247
44995 3692
44995 3832
42675 4771
4915 3761
59160 4920
59160 3642
4915 3745
16649 3716
39032 3887
21165 5864
2703 4960
44995 3612
64717 3761
64717 3631
61684 3633
3900 3619
13306 3692
22084 4006
54407 3693
44995 3648
4095 4557
59160 5036
46634 3832
18940 3604
2748 3934
41652 3657
23335 4100
38948 3681
60987 3594
35807 3589
23391 5215
37764 5094
23189 3585
17419 3814
42230 3620
21770 3618
41640 3785
59454 3599
36080 3799
43955 3747
64541 5322
5042 5427
39964 3961
61363 3616
1922 3660
3101 3854
27741 3925
64387 3738
52098 3629
64604 3647
15454 5285
27198 5015
27198 6303
19379 4850
19379 4702
19379 5129
19379 6511
27198 4880
19379 3673
19379 3764
27198 3649
27198 3620
19379 3662
54520 3607
8934 4666
6513 1293
19908 3606
22450 3604
27676 4231
60102 3654
5831 3764
19609 3813
56472 5444
8633 3621
10457 5052
45875 3633
45875 3631
51332 3702
38468 4046
245 3847
19782 3708
57156 3765
60232 3706
31947 4747
39866 4934
44995 3702
44995 3788
61684 3700
19908 3650
19908 3719
51332 3628
51332 5752
59160 4025
59160 3636
64717 3626
59160 3627
44995 3595
6513 3600
19908 3609
45875 3769
47646 3610
20258 4944
19263 5172
51468 3678
44995 4087
59160 3945
55640 3650
22967 3752
60851 3662
60851 3659
30211 225
60851 3695
48594 3753
4358 3610
32555 3746
50986 3673
26686 3611
9797 3807
20208 3627
12017 3655
17176 4575
36632 4985
35515 3708
55992 3671
63903 3695
48564 3837
49210 3647
14105 3631
29465 3639
58129 4080
19129 3626
47801 5079
35493 5144
937 3803
13224 3642
15147 4080
57073 3647
54453 3619
19954 333
61694 3641
44995 5933
44995 3715
61694 4053
61694 3679
59160 1683
59160 3664
59160 6133
44995 3664
28316 3792
6813 3711
39336 3649
28316 3592
28316 7240
43434 3772
6813 4626
6813 7092
39336 3595
43434 3623
43434 7318
43434 6397
43434 6230
6813 5307
6813 4553
6813 3694
6813 6106
39336 7980
39336 6435
39336 6673
28316 4885
28316 3662
43434 209
6813 3597
6813 3649
39336 6307
43434 4081
19954 3622
61694 3619
28316 4614
41520 5128
43434 6551
43434 6375
43434 6447
43434 6415
43434 6377
43434 6389
43434 6499
43434 5076
43434 6944
6813 5095
43434 6472
43434 6409
43434 6419
6813 6097
43434 6500
43434 3722
6813 4321
44995 5087
44995 5065
44995 3663
44995 3795
44995 4644
44995 5094
59160 3627
59160 6095
44995 3616
59160 3596
59160 3607
60801 3803
59160 4803
44995 4957
59160 3661
60532 3920
59160 4236
44995 3650
53349 4808
50278 3713
32510 5043
60532 3704
60532 7011
4859 4265
53349 3758
58110 3619
50278 3783
53349 7113
50278 6399
38876 3748
60801 4063
60801 6889
32510 3758
4859 3655
58110 3599
32510 7477
32510 6523
32510 3719
60532 4637
4859 7427
4859 6372
4859 3727
53349 4071
58110 7319
58110 6389
58110 3741
50278 3634
60532 6067
60532 3697
53349 3734
50278 3633
60532 6207
50278 5207
53349 3670
53349 6228
53349 3676
38876 3630
38876 7061
32510 3638
32510 6155
60532 3831
4859 6657
53349 4375
58110 6267
50278 4015
58110 3663
50278 3619
4859 3646
4859 3627
60801 5996
60801 3662
60801 3796
32510 3613
4859 6453
4859 3833
4859 4637
53349 3795
32510 6479
32510 6405
60532 3714
32510 6550
32510 6919
60532 5173
32510 7195
32510 6515
32510 6731
32510 6366
32510 6422
32510 6406
32510 6346
32510 6625
60532 6411
32510 6517
32510 6395
32510 7107
60532 6972
32510 6505
32510 6282
32510 6411
32510 6794
32510 6786
32510 6452
32510 6804
60532 5114
32510 6393
32510 6418
32510 6579
32510 6977
60532 5075
44995 3684
44995 3735
32510 6410
32510 6509
32510 6392
32510 6417
32510 6533
32510 4698
4859 372
60532 3689
53349 3569
53349 3710
53349 3736
53349 4769
53349 5521
53349 3679
53349 3690
38876 6173
53349 3701
38876 3633
60801 3584
60801 4684
53349 5100
53349 3683
38876 6477
60801 4921
38876 6410
38876 6329
38876 6584
60801 5017
38876 6395
38876 6315
60801 4987
38876 6450
38876 6209
38876 6349
38876 6381
60801 6242
38876 6302
38876 6406
38876 6466
38876 6325
60801 3657
59160 5014
59160 3690
59160 3765
44995 4319
60532 6736
60532 3729
60532 3637
60532 3718
4859 3616
4859 4714
4859 4016
4859 6391
4859 3669
4859 3766
53349 3606
4859 6458
4859 1669
53349 3638
4859 6373
4859 4703
4859 5168
53349 3605
38876 6422
38876 6593
60801 5196
4859 769
32510 4617
53349 5002
4859 6352
4859 4782
4859 5026
53349 3950
4859 6874
4859 6228
53349 3797
4859 6357
4859 423
53349 3595
38876 6493
38876 6422
60801 6005
38876 6387
38876 6415
38876 6545
38876 6965
60801 5095
38876 6477
38876 6653
38876 6398
38876 6852
38876 6459
60801 6310
38876 6416
38876 6461
60801 3618
38876 6382
38876 6716
60801 6537
38876 6374
38876 7478
60801 5790
38876 6475
60801 6053
38876 7225
38876 6415
38876 6366
38876 6367
38876 6544
38876 6395
38876 6830
38876 6693
60801 4765
38876 6391
38876 6559
4859 6398
4859 6393
4859 3793
60801 3614
53349 3617
4859 6409
4859 3670
4859 3635
53349 3762
32510 6397
32510 2248
60532 4079
32510 7075
60532 5322
32510 6361
32510 6662
60532 5088
32510 6438
32510 6380
32510 6428
60532 6227
32510 7107
32510 6574
32510 6396
60532 6152
32510 6392
32510 6353
32510 1157
60532 4040
32510 6740
32510 6553
60532 5223
32510 6371
32510 6426
60532 6562
32510 6565
32510 6498
32510 6462
60532 6258
32510 7145
32510 6431
60532 6166
32510 6453
32510 6362
32510 7099
32510 6380
32510 6388
32510 6766
60532 5180
32510 6429
60532 4874
32510 7630
32510 6416
32510 6369
32510 6413
32510 6382
32510 6690
32510 6547
32510 6551
32510 6590
32510 6884
60532 6401
32510 6502
32510 6427
32510 6528
32510 6889
60532 5084
32510 6405
32510 6363
32510 6461
60532 6273
38876 6473
38876 6418
60801 6086
38876 6534
38876 6368
60801 6203
38876 6866
38876 6463
60801 3623
32510 6640
60532 5682
32510 6428
32510 7975
60532 5721
38876 6413
38876 6394
60801 6181
38876 6450
38876 7510
60801 5607
32510 6498
32510 6413
32510 6465
60532 5013
38876 6498
38876 6531
60801 5261
38876 6561
38876 6927
60801 5095
38876 6405
38876 7245
60801 5348
38876 7429
38876 6427
60801 6120
32510 6810
60532 5206
32510 6406
32510 7158
60532 5300
32510 6409
32510 6400
32510 6396
32510 7575
32510 6567
32510 6473
32510 6559
32510 6234
60532 4098
32510 6356
32510 6698
60532 6328
32510 6418
32510 6954
60532 5218
32510 6382
32510 6557
60532 6147
32510 6359
32510 6572
60532 6189
32510 6411
32510 6547
32510 6847
32510 6456
60532 4189
32510 6381
32510 6618
60532 4891
32510 6869
32510 6537
60532 4786
32510 6409
32510 6431
60532 5608
32510 7313
32510 6391
60532 6184
32510 6446
32510 6475
32510 6377
32510 6917
60532 6781
32510 6722
32510 7024
60532 5294
32510 6370
32510 6398
32510 6862
60532 6691
32510 6360
32510 6888
60532 5267
32510 6898
60532 4908
32510 6467
32510 6518
60532 5428
32510 6438
32510 6407
32510 6866
60532 4890
32510 6511
60532 5245
32510 6416
32510 6661
32510 6934
60532 5218
32510 8127
32510 6427
32510 6357
32510 6400
32510 6387
32510 6857
32510 6444
60532 5282
32510 6358
32510 6405
32510 6442
32510 3685
32510 6462
32510 6481
60532 5016
32510 6561
32510 6389
60532 6086
32510 6404
32510 6505
60532 5319
32510 6426
32510 6423
32510 6416
32510 6548
32510 6585
32510 6783
32510 6414
60532 4264
32510 6423
32510 6383
32510 6430
32510 7514
32510 6376
32510 6399
32510 6117
60532 5245
32510 6392
32510 6560
60532 6073
51992 3615
32510 6512
32510 6552
32510 6541
32510 6377
32510 6424
32510 6223
60532 5045
32510 6359
32510 6388
60532 6217
32510 6373
32510 6232
60532 5069
32510 6734
60532 5585
32510 6379
32510 6766
32510 6715
60532 5867
32510 6888
60532 4930
32510 6440
32510 7666
32510 6431
60532 5204
32510 6494
32510 6547
32510 6836
32510 6395
32510 6394
32510 6502
32510 6820
32510 6401
32510 6481
32510 6382
32510 6378
32510 6394
32510 3704
60532 3605
32510 6372
32510 6400
60532 5446
32510 6532
32510 6403
32510 6357
32510 7065
60532 5088
32510 6602
60532 5131
32510 6414
32510 7026
60532 5073
32510 6527
32510 6944
32510 6386
32510 6483
32510 6399
32510 6148
60532 4060
32510 6404
32510 6424
32510 6432
32510 6406
60532 6253
32510 6409
32510 6805
60532 5153
32510 6528
32510 6589
60532 5101
32510 6439
32510 6417
32510 6400
32510 6202
60532 3637
32510 6507
32510 6857
32510 7522
60532 6188
32510 6827
60532 4931
32510 6377
32510 6625
60532 6299
32510 6580
32510 7331
32510 6406
60532 4869
32510 6387
32510 6534
32510 6520
32510 6828
32510 6392
32510 6803
60532 5217
32510 6854
32510 6394
60532 6225
32510 6961
60532 5100
32510 6410
32510 6367
32510 6386
32510 6364
32510 6388
32510 6510
32510 6396
32510 6380
32510 6376
60532 6231
32510 6494
32510 6357
32510 6860
32510 6335
32510 6545
32510 6390
32510 6562
32510 7065
32510 6344
32510 6812
32510 530
60532 3607
10936 3603
48247 3861
32507 3732
48247 3630
48247 7090
32507 5282
32507 7460
32507 6392
32507 3692
48247 3602
48247 4803
48247 5022
48247 3800
32507 3750
32507 6787
48247 4708
32507 6482
48247 3615
32507 6491
32507 6558
32507 6482
48247 6287
32507 6417
32507 6394
32507 6526
32507 6415
32507 6922
32507 6351
32507 6393
32507 952
48247 3667
32507 4700
44995 4996
44995 3719
48247 3805
32507 4627
59160 3616
59160 5017
32507 6435
32507 6397
32507 6375
32507 6526
48247 5077
32507 6542
32507 6418
32507 6863
48247 5204
32507 6401
32507 6369
32507 6397
32507 6361
32507 6370
48247 6182
32507 6383
32507 6410
32507 6929
48247 4905
32507 3071
48247 3590
44995 5422
59160 3950
16085 3886
45752 3969
16085 3617
16085 7206
44995 5022
45752 3788
45752 7473
45752 6417
45752 6537
16085 5558
16085 3811
16085 3791
16085 6154
45752 3865
45752 6173
16085 3594
45752 6298
45752 5300
16085 3617
16085 3703
45752 3602
6813 6511
6813 3764
43434 3685
43434 6281
43434 3706
6813 3666
60532 4900
60532 4691
44995 5171
44995 3847
32510 3628
59160 3625
59160 4080
59160 6960
44995 5320
19263 3665
19263 3729
32510 1229
60532 3727
32510 6588
32510 6527
32510 6911
60532 5106
32510 6516
32510 6977
60532 4938
32510 6400
32510 6412
32510 6376
32510 6490
60532 6054
32510 6391
32510 6392
32510 3842
32510 3704
60532 3559
51468 4629
51468 5417
51468 3674
51468 6283
19263 4236
51468 6379
51468 6512
51468 7003
19263 5369
51468 6409
19263 6066
51468 6406
51468 6705
51468 6516
51468 3805
19263 3613
51468 6533
51468 6508
51468 6370
51468 6645
19263 4888
51468 6151
19263 3803
58170 3629
19263 6163
51468 3641
16274 3865
51468 3776
51468 6254
51468 7440
19263 6157
51468 6385
51468 6478
51468 7518
19263 5642
51468 6559
19263 6251
51468 6815
51468 6342
19263 6208
51468 6365
51468 6393
51468 6233
19263 3644
51468 1586
19263 3290
37901 4207
44995 1994
59160 3663
59160 3763
44995 3616
34870 3892
23277 3838
34870 4631
34870 7438
23277 5846
23277 4847
34870 3759
34870 4835
34870 6335
34870 3686
44995 3677
44995 6958
23277 1296
34870 3634
23277 3609
34870 3849
23277 6126
23277 6623
34870 5026
23277 6413
34870 6274
23277 6394
34870 6106
23277 6411
23277 6605
23277 6398
34870 5359
23277 6417
34870 6053
23277 6665
23277 6822
34870 5207
23277 6401
23277 6585
34870 5388
23277 6382
23277 6394
34870 6233
23277 6496
23277 6914
34870 4913
59160 4972
59160 4092
23277 6357
34870 4089
23277 6746
34870 5279
59160 5815
44995 3667
23277 6437
23277 6778
34870 5890
23277 6467
23277 6535
34870 6117
23277 6714
23277 6641
34870 4935
23277 6358
23277 6414
34870 5270
23277 6395
23277 6425
34870 5052
34870 3806
23277 6501
23277 5002
34870 3954
23277 3583
44995 3641
44995 6030
6813 3756
6813 3675
6813 6205
43434 6053
59160 4141
59160 6102
44995 3635
25976 3839
44995 3640
44995 3711
43434 6072
43434 3640
6813 3626
65258 3769
25976 3669
25976 7213
59160 5045
59160 3641
59160 6082
44995 3617
53349 3668
43434 6382
43434 6316
6813 5184
65258 3674
65258 7891
65258 6406
65258 6744
25976 5079
25976 3713
4859 2511
53349 3685
65258 3625
25976 6171
65258 6672
25976 6259
65258 6283
14557 5324
25976 3659
32186 3575
2748 3678
2748 3617
18940 3632
2748 3712
18940 581
2748 4151
51858 3619
18977 3811
1775 3598
54867 3602
2173 3757
31868 4031
10482 3626
55442 4590
59536 3687
10559 5070
37182 3595
60366 3808
22246 4087
38748 3718
38423 3805
62998 3689
33515 3756
27967 3611
31723 4612
58974 5432
17687 3627
3693 3606
63077 3655
1558 3817
28056 3864
37542 3665
7716 3875
23392 3595
12129 3600
15676 4602
18913 5131
12605 3628
52540 3645
35132 3768
31203 4058
5231 3791
2611 4392
1555 3788
63330 3608
54112 4779
58209 3617
42849 4992
64829 3761
35987 3877
31891 3751
7314 3817
55781 3775
59874 3621
55776 3648
10720 3678
19601 5003
23494 6053
6813 3767
6813 6350
43434 5425
43434 1712
6813 3621
6813 3771
6813 3655
44995 4759
44995 5130
43434 3597
59160 3694
59160 3704
43434 6266
43434 3686
44995 3645
59160 4741
55344 3856
39984 5094
23268 3773
55344 3679
43748 3659
39984 3801
55344 6983
39984 6352
44995 6120
23268 3648
43748 3610
43748 7824
43748 6434
43748 4186
23268 7408
23268 6489
23268 3756
39984 3599
55344 3763
39984 4116
55344 4650
43748 6187
23268 6735
39984 5023
55344 323
39984 4176
39984 3631
39984 6131
53349 3741
23268 3587
55344 3602
43748 3705
4859 6358
4859 293
53349 9347
43748 3963
43748 6180
39984 5358
43748 4755
43748 5842
43748 3660
39984 3556
39984 3673
44995 4344
44995 6187
59160 3632
43748 3611
59160 3753
44995 3627
48850 3780
21233 4834
48850 4982
48850 5851
21233 4997
21233 7266
21233 6563
21233 6433
48850 3801
48850 3767
48850 3654
48850 6576
21233 5040
21233 6358
48850 3792
21233 3757
21233 3766
48850 3586
37107 4775
21233 6204
21233 6428
48850 5401
21233 6394
21233 6385
21233 6464
48850 6244
21233 7498
48850 5550
21233 6458
21233 6576
48850 6415
21233 6403
21233 6508
48850 5072
21233 6841
21233 6407
21233 6363
48850 6205
21233 6507
48850 4919
21233 6357
21233 6432
21233 6707
48850 5677
21233 6372
21233 6407
48850 6003
21233 6494
21233 6916
48850 5054
21233 7465
48850 6186
21233 6538
21233 6947
48850 5235
21233 6451
21233 6701
48850 6409
21233 6949
21233 7052
48850 4941
21233 6386
21233 6454
48850 3637
28945 4724
21233 6389
21233 6448
48850 6047
21233 6548
21233 6762
48850 5287
21233 6453
21233 6401
48850 5136
21233 6363
21233 6413
48850 5339
21233 6366
21233 6414
48850 6228
35807 220
23335 3802
23335 3769
21233 6397
21233 6453
48850 6009
21233 6558
21233 6397
48850 6040
21233 6960
21233 6746
48850 4928
48850 3658
32655 3953
21233 3671
48850 6106
35807 5069
21233 3614
48850 3685
48850 3638
21233 6082
21233 6499
48850 6356
21233 6374
48850 5097
21233 6420
48850 3611
35791 3775
21233 6387
21233 7165
48850 5107
21233 3830
48850 3665
21233 3642
21233 3676
21233 4580
48850 5091
21233 3723
21233 6209
48850 3607
21233 3636
21233 4173
48850 4043
48850 4631
48850 5094
48850 6674
21233 124
21233 3722
21233 6959
48850 5115
21233 6531
21233 6410
48850 6293
21233 6579
21233 6408
48850 6185
21233 6359
21233 6487
48850 6229
21233 6361
21233 6788
48850 5192
21233 6997
48850 7927
21233 6552
21233 6347
48850 6052
21233 6739
21233 6988
48850 4905
21233 6427
21233 6962
48850 6814
21233 6500
21233 6521
48850 5061
21233 6364
21233 6453
48850 5854
21233 6414
21233 6379
48850 6064
21233 6369
21233 6429
48850 6132
21233 6390
48850 5057
21233 6482
21233 6383
48850 6014
21233 6399
21233 6624
21233 6528
48850 6308
21233 6394
21233 6748
48850 6418
21233 6397
21233 6970
48850 5196
21233 6384
48850 5273
21233 7382
21233 6433
21233 6501
48850 5042
21233 6658
21233 7230
48850 6964
21233 6393
21233 6887
48850 5046
21233 6553
21233 6938
48850 5263
21233 6450
21233 6415
48850 5283
21233 6367
21233 6398
48850 6198
21233 6402
21233 6441
48850 5319
21233 6396
21233 6460
48850 6110
21233 6480
21233 6387
48850 5234
21233 6454
48850 6283
21233 6406
21233 6486
21233 7036
48850 4866
21233 6531
21233 6495
48850 5033
21233 6385
21233 6645
48850 4950
21233 6517
21233 6461
48850 6278
21233 6365
21233 7037
48850 5121
21233 6434
21233 6404
48850 4853
21233 6387
21233 6627
48850 5018
21233 6344
21233 6425
48850 5085
21233 6393
21233 6435
48850 6165
21233 6744
48850 5458
21233 6845
21233 6503
48850 6291
21233 6417
21233 6919
48850 6652
21233 6431
21233 6797
48850 5196
21233 6559
21233 6527
48850 6218
21233 6486
21233 6899
48850 5226
21233 6389
21233 6393
48850 6194
21233 6885
21233 6406
48850 6186
21233 6401
21233 6752
48850 5170
21233 6426
21233 6475
48850 6101
21233 6380
21233 6437
21233 6398
21233 6400
48850 6251
21233 6410
21233 5484
48850 4609
21233 6406
21233 6891
48850 5518
21233 6403
21233 5096
48850 4025
21233 6517
21233 6659
21233 6537
21233 6662
48850 5062
48850 3805
21233 3679
48850 3634
48850 3774
21233 4608
21233 5020
21233 6779
48850 5299
21233 6392
21233 6543
48850 6146
21233 6840
21233 6837
21233 7684
48850 6177
21233 6642
48850 6381
21233 6384
21233 6408
21233 6392
21233 6427
48850 6021
21233 6961
21233 6405
21233 6478
21233 6397
21233 6442
48850 6326
21233 6572
48850 6344
21233 6376
21233 6432
21233 6453
21233 6382
48850 6064
21233 6503
21233 6553
21233 6599
48850 5016
21233 6431
21233 6390
48850 6200
21233 6560
48850 5203
21233 6377
21233 6357
21233 6412
21233 6383
48850 6212
21233 6356
21233 6309
48850 5176
48850 5019
21233 4104
19263 4136
51468 3663
48850 6125
28316 4202
44995 1682
48850 3762
48850 3678
11142 3728
39336 3709
28316 4733
21233 4949
40958 3918
59160 3619
59160 3623
21233 3643
21233 3590
21233 4211
21233 6353
48850 5433
21233 3819
21233 3759
48850 3625
48850 4660
59160 5083
44995 3597
21233 3769
21233 3670
48850 3621
21233 5962
21233 3804
48850 4117
21233 3637
51468 6280
51468 6431
19263 6172
51468 6378
51468 6792
19263 5112
51468 6403
51468 6398
51468 6459
51468 6350
51468 6646
19263 4921
51468 6372
19263 3631
51468 6526
51468 6579
19263 5702
19263 3658
51468 3644
42230 165
17419 3572
17419 3586
56198 3615
42230 5065
39008 5188
4230 3667
38274 3773
35706 3722
40927 3766
2604 4170
7345 3708
56204 3608
41662 3740
7351 4578
214 4998
63021 4315
36016 3702
55276 3600
28941 3587
11685 3769
12088 3677
44062 3642
49616 3878
33324 3675
48306 6170
20012 3828
60593 4248
15580 3569
56443 3801
35358 3616
64763 3866
57622 3792
49031 3652
3096 3725
3282 3632
30634 4597
49626 5160
7277 3675
4460 3662
16736 3587
35796 3764
61581 4866
29025 3659
61596 3618
44995 4718
44995 5205
59160 3658
59160 3787
12446 3616
44995 3674
59160 6052
23969 3760
41376 4246
44995 3621
46499 3861
39322 3744
23969 3737
23969 6961
2459 5008
41376 3618
41376 6874
63902 3705
46499 3816
46499 6926
2459 7803
2459 6428
2459 6863
41376 4927
39322 7116
39322 6417
39322 6512
23969 6082
2459 6734
41376 4964
39322 6816
23969 3620
41376 3757
23969 4092
41376 3708
41376 3791
35765 4624
4002 5206
36192 3660
63902 7495
63902 6849
63902 6926
46499 5197
63902 6421
46499 3724
46499 3834
2459 6121
2459 3704
39322 2387
41376 3604
23969 3590
23969 3626
41376 3728
40341 3893
2459 3813
10180 4551
63902 6225
41119 3609
46499 3625
2459 3694
2459 6886
2459 6385
2459 6414
2459 6422
2459 6389
41376 6251
2459 6405
2459 6372
2459 6487
2459 6443
41376 6127
2459 6370
41376 3700
44995 3811
44995 4739
59160 548
2459 6387
2459 6448
2459 6735
41376 6361
2459 6385
2459 6383
2459 6754
2459 6526
2459 6602
2459 7078
41376 5130
2459 6814
2459 6412
2459 6925
41376 5204
44995 4308
2459 6546
2459 6561
2459 6388
2459 6407
2459 6680
2459 6366
41376 6206
2459 6567
2459 6588
2459 6354
41376 6171
2459 6856
2459 6396
2459 6388
41376 5302
2459 6858
2459 6411
2459 6500
41376 6261
2459 6425
41376 6214
2459 6399
2459 7252
2459 6409
2459 6473
41376 6052
2459 6555
2459 6525
2459 6540
2459 6508
2459 6415
2459 7680
41376 5648
2459 6407
2459 6529
2459 6868
2459 6434
2459 6410
2459 6417
2459 6617
2459 6504
2459 6378
2459 6368
41376 5212
59160 6104
26822 3997
11462 3686
21456 3788
26822 3767
26822 7621
41936 5912
11462 3714
11462 6475
21456 3603
21456 7619
21456 6447
21456 6363
21456 3704
26822 4048
41936 4631
49775 5231
41936 7236
41936 6541
41936 7337
41936 5187
11462 3719
44995 3686
26822 3650
11462 3677
11462 3790
26822 4699
26822 5199
21456 6141
26822 3691
41936 3685
11462 3618
21456 3645
21456 6365
21456 6419
21456 6412
26822 6023
21456 6368
21456 7181
21456 6860
21456 6520
21456 6377
21456 6404
21456 6331
26822 6027
21456 6484
26822 3632
21456 6452
21456 6549
21456 6366
21456 6442
26822 4887
21456 6838
21456 6491
21456 6270
26822 5043
21456 6410
26822 3603
21456 6423
26822 6069
21456 6407
21456 6859
21456 6862
21456 6397
21456 6528
21456 6649
26822 4924
21456 6960
26822 4910
21456 6462
21456 6384
21456 6921
26822 5179
21456 6827
21456 6447
21456 6396
21456 6267
26822 5267
21456 6954
26822 5208
21456 6516
21456 6766
26822 5701
21456 6955
21456 6401
21456 6485
26822 6287
21456 6695
21456 6380
21456 6834
26822 5178
21456 6362
21456 6422
26822 6060
21456 6863
21456 4931
26822 3894
21456 6388
21456 6504
21456 6423
21456 6162
26822 3706
21456 6421
21456 6439
21456 6369
21456 6386
21456 6662
21456 6450
21456 3724
26822 3626
2459 6359
2459 6521
41376 4439
2459 7217
2459 6555
2459 6392
2459 6377
41376 3616
2459 6415
2459 6450
2459 6555
41376 6086
2459 6448
2459 6377
2459 6363
2459 6539
2459 6416
2459 6426
2459 6841
2459 6532
2459 6801
2459 6383
41376 3713
21456 6445
2459 6419
2459 6558
2459 6557
2459 6427
2459 6399
26822 6027
41376 3655
21456 6386
21456 6362
21456 6453
21456 6416
21456 6820
21456 6450
21456 6480
26822 5006
21456 6511
21456 6407
26822 6223
21456 6401
21456 6388
26822 6094
21456 6607
21456 6565
21456 6483
26822 6214
21456 6395
21456 6467
21456 6871
26822 5057
21456 6446
21456 6369
21456 6785
26822 5460
21456 6507
21456 3915
26822 3632
26822 6438
26822 3763
21456 7124
26822 5529
21456 6405
21456 6397
21456 3796
26822 4358
21456 6520
21456 6431
21456 1427
26822 5025
21456 6417
21456 969
26822 3633
21456 436
21456 4992
26822 3563
28711 3765
2459 6372
2459 6362
2459 6392
2459 6408
41376 5243
2459 6407
2459 6405
2459 6660
41376 4975
2459 6851
2459 6387
2459 6363
2459 6465
2459 6433
41376 6186
2459 6480
2459 6535
41376 6363
2459 6907
2459 6546
2459 6383
41376 4863
2459 6421
2459 6378
2459 6364
2459 6766
41376 4890
9986 3588
33960 3811
26822 3736
26822 6050
26822 3751
26822 3724
26822 3711
26822 4784
26822 5059
26822 3708
26822 3707
26822 4866
26822 5054
26822 3690
26822 4061
26822 4684
26822 5488
26822 3856
26822 3863
26822 3681
26822 6035
26822 3722
26822 4171
26822 3700
26822 6528
26822 3701
26822 3822
26822 3678
26822 6067
26822 3686
26822 4119
26822 4679
26822 5459
26822 3687
26822 3784
26822 5144
26822 5060
26822 3661
26822 3801
26822 4728
26822 5196
26822 3716
26822 3665
26822 6092
26822 3699
26822 4096
26822 3710
26822 6329
26822 3829
26822 3657
26822 5924
26822 4587
26822 3773
26822 4804
26822 5149
26822 3652
26822 3844
26822 3653
26822 6054
26822 3618
26822 3692
26822 3704
26822 4687
21456 1979
21456 3649
21456 3562
21456 3698
21456 6375
21456 6400
26822 5374
21456 6332
21456 6425
21456 6409
26822 3620
21456 6522
21456 6380
21456 1940
26822 3648
21456 6397
26822 4917
21456 6949
26822 5403
21456 6424
21456 6494
21456 6372
21456 6497
26822 6290
21456 6831
26822 5196
21456 6429
26822 5151
21456 6455
21456 6469
21456 6424
21456 6542
21456 6709
26822 5080
21456 6819
21456 6347
26822 6026
21456 6399
21456 6551
26822 6389
21456 6985
26822 5192
21456 6927
26822 5189
21456 6408
21456 6375
21456 6821
21456 6417
21456 6414
21456 6955
21456 6408
26822 5561
21456 6487
21456 6416
21456 6385
21456 6383
21456 6479
21456 6371
21456 6382
21456 7074
26822 5036
21456 6372
21456 6396
21456 6058
21456 1378
21456 3600
21456 3628
26822 3627
21456 3582
21456 288
21456 2322
21456 3694
21456 3745
21456 3700
21456 492
21456 7129
21456 7023
26822 6862
21456 6453
21456 6939
26822 4911
21456 6408
21456 6416
21456 7027
26822 5252
21456 6718
21456 6348
21456 6897
26822 4973
21456 7073
26822 5405
21456 6524
21456 6519
21456 6594
21456 6499
21456 6441
21456 6946
26822 4939
21456 6555
21456 6578
21456 6340
26822 6162
21456 6223
26822 3643
21456 6412
21456 6909
26822 5203
21456 6447
21456 6916
21456 6487
21456 6681
26822 5033
21456 6552
21456 6382
21456 6535
21456 6379
21456 6399
26822 6179
21456 6378
21456 6567
21456 6325
26822 5140
21456 6472
26822 6229
21456 6383
21456 6489
21456 6484
26822 6285
21456 6482
21456 6495
26822 6330
21456 6411
21456 6412
26822 4221
21456 6844
21456 6661
26822 5050
21456 6591
21456 7526
26822 7145
21456 6532
21456 7247
26822 5462
21456 6472
21456 6526
21456 6426
21456 5549
26822 5151
21456 6403
21456 6540
26822 5215
21456 6386
21456 6518
21456 6827
26822 5183
21456 6405
21456 6557
21456 6443
21456 6432
21456 6767
26822 4940
21456 6618
26822 6413
21456 6408
21456 6552
21456 6395
21456 6357
21456 6468
21456 6404
21456 6865
21456 6359
26822 6133
21456 6350
21456 6575
21456 6393
21456 6389
21456 6595
21456 6890
26822 5161
21456 6830
21456 6468
21456 6416
21456 6903
26822 5048
21456 6400
21456 6414
21456 6557
26822 6238
21456 6392
21456 6415
26822 6287
21456 6559
21456 7212
21456 6353
21456 6514
21456 4730
26822 3612
21456 6408
21456 6393
21456 6840
21456 6432
21456 6994
21456 6398
21456 6299
26822 6044
21456 6404
21456 6473
26822 5198
21456 6504
21456 6478
21456 3776
26822 3590
21456 6364
21456 6375
21456 7066
26822 5069
21456 6408
26822 6026
21456 6384
21456 6386
21456 6423
26822 6231
21456 6430
21456 6400
21456 6525
21456 6509
26822 6309
21456 6379
21456 6188
26822 5170
21456 6468
21456 6366
21456 6411
26822 6012
21456 6929
21456 6386
21456 6562
26822 5446
21456 6369
21456 6365
21456 6494
26822 6303
21456 6395
21456 6325
21456 6405
26822 6157
21456 6512
26822 5030
21456 6184
21456 6395
26822 5199
21456 6427
21456 7020
21456 6915
26822 5053
21456 6402
21456 6483
21456 6290
26822 5293
21456 6516
21456 6450
21456 6407
21456 6417
21456 6416
21456 6427
21456 4400
26822 3933
21456 6874
26822 4914
21456 6831
21456 6450
21456 6466
21456 6656
21456 6416
26822 6213
21456 6435
21456 6698
21456 6402
21456 6532
21456 6459
26822 5021
21456 6407
21456 6369
21456 4920
26822 3588
21456 6392
26822 3608
21456 6545
21456 6854
26822 5453
21456 6388
21456 6397
21456 6537
21456 6371
21456 6442
21456 6962
26822 6784
21456 6406
21456 6360
21456 6559
21456 6403
21456 6390
26822 4873
21456 6376
21456 6255
21456 6359
21456 6421
21456 6539
26822 6343
21456 6430
21456 6694
21456 6937
26822 5080
21456 6450
21456 6390
21456 6394
21456 6311
26822 4075
21456 6369
21456 6187
26822 5204
21456 6503
26822 5651
21456 6482
21456 6387
26822 4876
21456 6897
21456 7095
21456 6829
21456 6381
21456 6540
21456 6417
21456 6415
21456 6892
26822 4913
21456 6284
21456 6840
21456 6377
26822 4993
21456 6401
21456 6417
21456 6421
21456 6419
21456 6425
26822 6005
21456 6410
21456 6570
21456 6448
26822 5093
21456 6403
21456 6400
21456 6838
21456 6396
21456 6387
21456 6406
21456 6397
21456 6477
26822 6286
21456 6389
21456 6829
21456 6419
21456 6405
21456 6167
21456 6378
21456 6858
21456 6398
21456 6387
26822 4847
21456 6397
21456 6502
21456 6372
21456 6827
21456 6367
21456 6830
21456 6436
21456 6362
26822 6046
21456 6847
21456 6370
21456 6376
21456 6393
21456 6413
21456 6385
21456 6382
21456 6425
26822 6027
21456 6879
21456 6381
21456 6403
21456 6551
21456 6429
21456 6943
21456 6397
21456 6289
21456 6399
26822 6184
21456 6376
21456 6585
21456 6407
21456 6465
21456 6380
21456 6420
21456 6793
26822 5799
21456 6364
21456 6371
21456 6387
21456 6502
21456 6389
21456 6536
21456 6369
21456 6422
26822 6046
21456 6447
21456 6387
21456 6568
21456 6390
21456 6419
21456 6607
21456 6372
21456 6549
21456 6424
26822 4858
21456 6883
21456 6425
21456 6373
21456 6448
21456 6384
21456 6367
21456 6383
21456 6380
26822 5320
21456 6479
21456 6500
21456 6400
21456 6417
21456 6421
21456 6466
21456 6434
21456 7000
26822 5212
21456 6375
21456 6412
21456 7077
21456 6466
21456 7357
21456 6508
21456 6692
21456 6568
21456 6650
26822 5102
21456 6378
21456 6365
21456 6848
21456 6907
21456 6509
21456 6394
21456 6418
26822 6182
21456 6415
21456 6667
21456 6402
26822 6039
21456 6444
21456 6359
21456 6532
21456 6864
26822 6423
21456 6379
21456 6403
21456 6799
26822 5181
21456 6430
21456 6396
21456 6374
21456 7009
26822 5059
21456 6399
21456 6387
21456 6381
26822 6213
21456 6596
21456 6898
26822 5056
21456 6505
21456 6900
26822 5516
21456 6431
21456 6676
21456 6429
21456 6428
21456 6372
21456 6735
21456 6398
21456 6993
26822 6598
21456 6393
21456 6362
21456 6385
21456 6388
21456 6527
21456 6358
21456 6373
26822 5488
21456 6528
21456 6558
21456 6394
21456 6377
21456 6373
21456 6558
21456 6375
21456 6398
21456 6416
26822 6082
21456 6434
21456 6440
21456 6921
21456 6855
21456 6764
21456 6510
21456 6386
21456 6790
26822 5183
21456 6478
26822 5012
21456 6420
21456 6464
21456 6439
21456 6451
21456 6377
21456 6553
21456 6483
21456 6424
26822 3595
21456 6405
21456 6476
21456 6398
21456 6836
21456 6437
21456 6435
21456 6396
21456 6698
26822 6394
21456 6393
21456 6383
21456 6388
21456 6797
21456 6444
21456 6996
21456 6493
21456 6401
26822 6220
21456 6816
21456 6398
21456 6393
21456 6831
21456 6372
21456 6473
21456 6530
21456 6432
21456 6845
26822 5624
21456 6417
21456 6509
21456 6485
21456 6389
21456 6236
21456 6446
21456 6436
21456 6926
26822 5183
21456 6946
21456 6801
21456 6374
21456 6516
21456 6443
21456 6427
21456 6352
21456 6389
21456 7638
26822 5843
21456 7060
21456 6852
21456 6824
21456 6403
21456 6525
21456 6354
21456 6966
21456 6422
26822 6229
21456 6338
21456 6386
21456 6678
21456 6491
21456 6457
21456 6389
21456 6532
21456 6391
21456 6804
26822 5453
21456 6531
21456 6446
21456 6400
21456 6398
21456 6826
21456 6389
21456 6362
21456 6465
26822 6233
21456 6374
21456 6458
21456 6461
21456 6598
21456 6958
21456 6413
21456 6426
21456 6446
26822 4788
21456 6384
21456 6432
21456 6448
21456 7202
21456 6378
21456 6536
21456 6454
21456 6400
26822 5274
21456 6533
21456 6360
21456 6329
21456 6381
21456 3858
21456 6390
21456 6435
21456 6417
21456 6875
26822 6661
21456 6393
21456 6370
21456 7067
21456 6410
21456 6548
21456 6400
21456 6392
21456 6586
26822 5473
21456 6957
21456 6486
21456 6363
21456 6397
21456 6408
21456 6714
21456 6789
26822 5048
21456 6409
21456 6754
21456 6366
21456 6393
21456 6421
21456 6655
21456 6369
21456 6463
21456 6885
26822 5163
21456 6386
21456 6388
21456 6381
21456 6456
21456 6482
21456 6409
21456 6446
26822 6211
21456 6475
21456 6785
21456 6460
21456 7110
21456 6522
21456 6350
21456 6819
21456 6419
26822 6195
21456 6367
21456 6476
21456 6371
21456 6366
21456 6567
21456 6418
21456 7123
21456 6215
21456 6489
26822 6257
21456 6583
21456 6533
21456 6367
21456 6391
21456 3676
21456 6751
21456 7227
21456 6398
21456 7222
26822 6949
21456 6417
21456 6397
21456 23693
21456 6402
21456 6416
21456 6440
21456 8284
21456 6409
26822 5224
21456 6818
21456 6904
21456 6425
21456 6478
21456 6480
21456 6285
21456 6428
21456 6857
26822 6613
21456 6469
21456 6403
21456 6499
21456 6511
21456 6487
21456 6865
21456 6767
21456 6390
26822 5383
21456 6363
21456 6420
21456 6705
21456 6510
21456 6414
21456 6422
21456 6340
21456 6380
26822 6026
21456 6576
21456 7556
21456 6533
21456 6441
21456 6636
21456 6400
21456 6361
21456 6439
21456 7072
26822 5070
21456 6421
21456 6367
21456 6494
21456 3794
21456 6400
21456 6383
21456 6406
21456 6424
21456 8038
26822 6396
21456 6407
21456 6519
21456 6877
21456 6384
21456 6421
21456 6355
21456 6418
21456 7042
26822 5033
21456 6505
21456 6848
21456 6397
21456 6579
21456 8128
21456 6403
21456 6512
21456 6805
26822 5296
21456 6459
21456 6397
21456 6480
21456 6433
21456 6570
21456 6830
21456 6571
21456 6861
26822 5339
21456 6370
21456 6702
21456 6636
21456 6824
21456 6220
21456 6571
21456 6363
21456 6455
21456 6391
26822 4953
21456 6378
21456 6486
21456 6442
21456 6219
21456 6342
21456 6392
21456 6494
21456 6542
21456 7635
26822 7232
21456 6382
21456 6551
21456 6553
21456 6385
21456 6403
21456 6383
21456 6510
21456 6837
26822 5369
21456 6523
21456 6392
21456 6411
21456 6355
21456 6398
21456 6495
21456 6383
21456 6384
21456 6391
26822 6236
21456 6408
21456 6421
21456 6528
21456 6369
21456 6461
21456 6869
21456 6428
21456 6423
26822 6156
21456 7635
21456 6807
21456 7272
21456 6415
21456 6511
21456 6521
21456 6547
21456 6942
26822 5349
21456 6617
21456 6390
21456 6518
21456 6383
21456 6474
21456 6945
21456 6417
21456 7042
26822 5284
21456 6598
21456 6388
21456 6410
21456 6501
21456 6840
21456 6394
21456 6412
21456 6501
21456 6523
26822 5044
21456 6592
21456 6415
21456 6342
21456 6710
21456 6563
21456 6510
21456 7921
21456 6427
26822 6027
21456 6543
21456 6387
21456 6834
21456 6694
21456 6497
21456 6394
21456 6698
21456 7049
26822 5298
21456 6418
21456 6128
21456 6444
21456 6369
21456 6285
21456 6521
21456 6534
21456 6566
21456 6477
21456 6524
26822 6068
21456 6419
21456 6461
21456 6439
21456 7338
21456 6489
21456 6427
21456 6403
21456 6443
26822 6295
21456 7629
21456 6408
21456 6386
21456 6369
21456 6505
21456 6706
21456 6361
21456 6891
26822 5460
21456 6435
21456 6578
21456 6396
21456 6357
21456 6383
21456 6386
21456 6243
21456 6416
26822 6248
21456 6600
21456 6548
21456 6378
21456 6443
21456 6484
21456 6413
21456 6395
21456 7000
26822 5227
21456 6482
21456 6539
21456 6401
21456 6414
21456 7451
21456 6406
21456 6450
21456 6424
26822 4891
21456 6832
21456 6536
21456 6294
21456 6389
21456 6760
21456 6417
21456 6569
21456 7046
26822 5114
21456 6499
21456 6387
21456 6386
21456 6373
21456 6374
21456 6404
21456 6605
21456 6499
21456 7517
26822 6173
21456 6466
21456 6850
21456 6438
21456 6410
21456 6502
21456 6373
21456 6655
21456 6603
26822 6213
21456 7325
21456 6565
21456 6935
21456 6407
21456 6451
21456 6532
21456 6725
21456 6400
21456 6727
26822 4908
21456 6497
21456 6411
21456 6557
21456 6823
21456 6489
21456 6423
21456 6393
21456 6441
26822 6323
21456 6492
21456 6838
21456 6511
21456 6275
21456 6456
21456 6376
21456 6826
21456 6419
21456 6486
26822 5431
21456 6422
21456 6407
21456 7044
21456 6416
21456 6380
21456 6441
21456 6499
21456 6791
26822 5234
21456 6478
21456 6350
21456 6411
21456 6547
21456 3701
21456 6358
21456 6884
21456 6505
21456 6382
26822 6176
21456 6793
21456 7480
21456 6401
21456 6347
21456 6342
21456 6402
21456 6529
21456 6911
26822 4920
21456 6384
21456 6401
21456 6827
21456 6346
21456 6483
21456 6446
21456 6808
21456 6395
21456 6424
26822 6080
21456 6478
21456 6420
21456 6386
21456 6406
21456 6413
21456 6392
21456 6494
21456 6676
26822 6352
21456 6378
21456 6493
21456 6447
21456 6179
26822 4128
9517 4031
34006 5021
41831 3674
56067 4991
5289 3685
22727 3677
37842 4090
22727 3750
22727 7097
37842 3598
37842 8999
37842 6383
37842 6384
37842 3861
22727 4224
22727 3658
22727 6013
22727 3759
22727 4725
22727 5464
37842 4797
37842 4991
22727 3618
22727 3639
37842 3635
37842 6457
22727 6282
37842 6481
37842 6514
37842 6393
37842 6387
22727 6080
37842 6368
37842 6518
37842 6384
37842 6498
37842 6587
37842 6366
37842 6544
22727 6195
37842 6462
37842 6415
37842 6360
37842 6398
37842 7560
22727 6471
37842 7221
37842 6389
37842 6307
22727 3653
37842 6379
37842 6388
37842 6382
37842 6284
37842 6549
37842 6667
22727 6358
37842 6442
22727 5391
37842 6428
37842 6369
37842 6431
37842 6377
37842 6408
37842 6425
37842 6484
37842 7024
22727 4926
37842 6549
37842 6421
37842 6417
37842 6162
37842 6455
37842 6549
37842 6768
37842 6494
37842 6546
22727 5260
37842 4730
37842 6394
37842 6547
37842 6477
22727 6307
37842 6811
37842 6213
22727 4908
37842 6520
37842 6613
22727 6266
37842 6504
37842 6356
37842 6872
37842 6366
37842 6577
37842 6402
22727 6251
37842 6374
37842 6409
37842 6362
37842 6389
37842 6845
37842 6443
37842 6385
37842 6162
37842 7261
37842 6855
22727 5649
37842 6388
37842 6393
37842 6433
37842 6993
37842 6394
37842 6398
37842 6599
37842 5654
22727 4883
37842 6395
37842 6819
37842 6540
37842 6833
37842 6842
37842 6354
37842 7202
22727 5460
37842 6500
37842 6943
22727 4959
37842 6410
37842 6477
37842 6395
37842 6372
37842 6398
37842 6381
37842 3860
37842 6530
37842 6824
22727 5354
37842 6458
22727 3606
37842 6851
37842 6275
22727 4815
37842 7034
37842 6404
22727 6238
37842 6512
37842 6339
37842 6646
22727 3781
37842 6925
22727 5179
37842 6364
37842 6805
37842 6528
37842 6395
37842 6387
37842 6418
22727 6041
37842 6392
37842 6386
37842 6437
37842 6384
37842 6406
37842 7471
22727 6197
37842 6390
37842 6879
22727 6633
37842 6362
37842 6389
37842 6567
37842 6591
37842 6990
22727 4243
37842 6837
37842 4921
22727 4136
65378 5225
4705 3628
57463 3946
26822 3797
26822 3889
26822 4634
8633 5056
8633 3653
26822 3715
26822 3676
21456 930
21456 6388
21456 4823
26822 3752
21456 798
26822 4643
21456 6370
21456 2106
26822 3629
21456 6332
21456 6891
26822 5089
21456 6368
21456 6795
21456 6483
21456 6834
26822 5306
21456 6506
21456 6387
21456 6774
21456 6537
21456 6384
21456 6132
21456 6396
21456 6518
21456 6133
26822 3610
21456 7086
21456 6515
26822 6177
21456 6400
21456 6379
26822 4602
21456 6494
21456 6393
26822 6207
21456 6532
21456 6542
21456 6367
21456 6412
21456 6395
21456 6384
26822 6094
21456 6681
21456 7531
21456 6408
21456 6310
21456 6460
26822 3630
10457 416
10457 5005
21456 6417
26822 6169
21456 6752
21456 6445
26822 6317
21456 6522
21456 6459
21456 6456
21456 6437
21456 6411
21456 6534
26822 6324
21456 6840
21456 6486
21456 4747
21456 6648
26822 5164
21456 6421
21456 6391
21456 6972
26822 5173
21456 6392
26822 5398
21456 6428
21456 6993
21456 6419
21456 6829
26822 5185
21456 6707
21456 6840
26822 4917
21456 6614
21456 6390
21456 6699
26822 4987
21456 6417
21456 6378
21456 6426
21456 6501
21456 6480
21456 6394
26822 6146
21456 6436
21456 6575
26822 5319
21456 6538
21456 6378
21456 6385
21456 6616
21456 6412
26822 4903
21456 6427
21456 6498
21456 6439
21456 7303
21456 6195
21456 7123
26822 6966
21456 6360
21456 6382
21456 4932
26822 5069
21456 6379
21456 6813
21456 6615
21456 6344
21456 6581
26822 6146
21456 6378
21456 6467
21456 6386
21456 6486
26822 6293
21456 6388
21456 6407
21456 3832
26822 3674
21456 6502
26822 5206
21456 6364
21456 6577
21456 6378
21456 6678
26822 5080
21456 6365
21456 6438
21456 6564
26822 6405
21456 7192
21456 6355
21456 6458
26822 6304
21456 6466
21456 4819
21456 6255
26822 3625
21456 7276
26822 6758
21456 6523
21456 6801
26822 5337
21456 6425
21456 6384
21456 6516
21456 6424
21456 6469
21456 6375
26822 4870
21456 6612
21456 6383
21456 6136
21456 6969
26822 5548
21456 6539
21456 7223
21456 6912
26822 5187
21456 6570
21456 6441
21456 6408
26822 6242
21456 7055
21456 6411
21456 6381
21456 6392
21456 6558
21456 3913
26822 3689
21456 6399
21456 6326
26822 6034
21456 6374
21456 6382
26822 6216
21456 6364
21456 6380
21456 6628
26822 5343
21456 6491
21456 6649
21456 6383
21456 6427
26822 6214
21456 6115
21456 6482
21456 6421
26822 6144
21456 6813
21456 6468
26822 6272
21456 7001
21456 6515
26822 6327
21456 6546
21456 6404
21456 6929
26822 4916
10457 3827
8633 3644
10457 6128
10457 4767
10457 5053
8633 3619
8633 3648
21456 6393
26822 5252
21456 6592
21456 6391
26822 6139
21456 6443
21456 6431
26822 4977
21456 7178
21456 6614
21456 6412
21456 6360
26822 6131
21456 6523
21456 6589
21456 6197
26822 3619
21456 6691
21456 7575
26822 5793
21456 6384
26822 4890
21456 6374
21456 6424
21456 6509
26822 6251
21456 6439
21456 6494
21456 6491
26822 6049
21456 6513
21456 6537
21456 6311
26822 4888
21456 6487
21456 6386
21456 6536
26822 3622
21456 6400
21456 6392
21456 6448
21456 6388
26822 6244
21456 6346
21456 6481
21456 6255
26822 3602
21456 6419
21456 7021
26822 4943
21456 7031
21456 6959
26822 5202
21456 6369
21456 6826
21456 6512
26822 6200
21456 6544
26822 6383
21456 6462
21456 6388
21456 6377
21456 6114
26822 3669
21456 6411
21456 6577
26822 6111
21456 6997
21456 6885
26822 6471
21456 6390
21456 6584
21456 6521
21456 6539
26822 6138
21456 6375
21456 6451
21456 6532
21456 6481
21456 6575
21456 5247
26822 3657
21456 7579
21456 6395
21456 6294
26822 4064
21456 6539
26822 6334
21456 6836
21456 6427
21456 6404
21456 6819
26822 5381
21456 6362
21456 6396
26822 6018
21456 6550
21456 6497
21456 6402
21456 6376
21456 6174
26822 6045
21456 6408
26822 4991
21456 6488
21456 6372
21456 6240
26822 4896
26822 3603
21456 6379
21456 6455
21456 7488
26822 6218
21456 7071
21456 6402
21456 6373
21456 6387
21456 7032
26822 5271
21456 6370
21456 6431
21456 3704
26822 4637
21456 6399
21456 6389
26822 6227
21456 6465
21456 6403
26822 4857
21456 6490
21456 6506
21456 6487
26822 6292
21456 6505
26822 5351
21456 6396
21456 6398
21456 3849
26822 3651
21456 7366
26822 4953
21456 7228
21456 6791
26822 5201
21456 6901
21456 6394
26822 6205
21456 6389
21456 6453
21456 6373
21456 6676
21456 6379
21456 6351
21456 6386
21456 6468
21456 6350
26822 5246
21456 7106
26822 4979
21456 6538
21456 6617
26822 6323
21456 6448
21456 6893
21456 6447
21456 6431
21456 6339
21456 6521
21456 6769
26822 6378
21456 6399
26822 5086
10457 3628
21456 6413
26822 4867
21456 6997
21456 6370
21456 6467
21456 6389
21456 6404
26822 6127
21456 6361
21456 6370
21456 6314
26822 5294
21456 6429
21456 6495
26822 4876
21456 6341
21456 6378
21456 6541
21456 6407
26822 6161
21456 6406
21456 6888
26822 4920
21456 6409
21456 6365
21456 6390
21456 7408
26822 5876
21456 6405
21456 6229
26822 4899
21456 6548
21456 6375
21456 6547
21456 6873
21456 6395
26822 6094
21456 6431
26822 5221
21456 6594
21456 6389
21456 6412
21456 6401
21456 6539
26822 6352
21456 6514
21456 6482
21456 6837
21456 6413
26822 4846
21456 6405
21456 6406
21456 6800
21456 6390
21456 6660
21456 6397
21456 3914
26822 3692
21456 6404
21456 7058
26822 5268
21456 6388
21456 6395
26822 6084
21456 6454
21456 6539
21456 7531
21456 6520
21456 6435
21456 6538
21456 6187
26822 5189
21456 6611
21456 6934
26822 5063
21456 6399
21456 6405
26822 6008
21456 6417
21456 6370
21456 6630
26822 6438
21456 6506
21456 6576
21456 6375
21456 6403
21456 5127
21456 7327
26822 5406
21456 6386
21456 6368
26822 6219
21456 6442
21456 6506
21456 6366
21456 6850
26822 5183
21456 6471
21456 7203
26822 5504
21456 6428
21456 6723
21456 6556
21456 3803
21456 4908
26822 3693
21456 6381
26822 5277
21456 6520
21456 6570
26822 5176
21456 6526
21456 6842
21456 6396
21456 6560
26822 5084
21456 6873
21456 6369
21456 6390
26822 5380
21456 6438
26822 4996
21456 6385
21456 7180
21456 6441
21456 6866
26822 4913
21456 6374
21456 6667
21456 6390
21456 6919
21456 6430
21456 6360
26822 3592
21456 6400
21456 6551
21456 6398
21456 6758
26822 5723
21456 6586
21456 6376
21456 6389
21456 6379
21456 6406
21456 6787
26822 5099
21456 6391
21456 6620
21456 6875
21456 6357
26822 6049
21456 6471
21456 6563
21456 6769
26822 5135
21456 6464
26822 6121
21456 6552
21456 6828
21456 6329
26822 4855
21456 6435
26822 5212
21456 7097
21456 6790
21456 6421
26822 6202
21456 6506
21456 6727
21456 6381
21456 6504
21456 6453
21456 6419
21456 6876
21456 3798
21456 6260
26822 4949
21456 6400
21456 6387
21456 6398
21456 6422
26822 6034
21456 6353
21456 6413
21456 6533
21456 6609
26822 5016
21456 6410
21456 6400
21456 6526
21456 6816
21456 6383
21456 6389
21456 6684
26822 6441
21456 6943
21456 6379
21456 6434
26822 6242
21456 6761
21456 6400
21456 6362
21456 6402
21456 6409
21456 6423
26822 6248
21456 6499
21456 6346
21456 6534
21456 6402
21456 6381
21456 6718
21456 6393
21456 6474
21456 6828
26822 5146
21456 6400
21456 6551
21456 6405
26822 6066
21456 6479
21456 6526
21456 3429
26822 3673
22948 4329
41376 6305
41376 3758
7994 3614
2459 3676
2459 3598
2459 3686
41376 3616
2459 6274
41376 3755
34870 4707
34870 5007
26822 3782
41376 3810
22727 4749
21456 821
26822 3606
37842 6537
37842 6444
37842 2215
22727 4015
23277 3688
23277 4608
23277 5005
23277 3867
34870 3605
23277 6433
23277 6394
23277 6690
34870 5087
23277 6859
23277 6279
34870 4848
23277 3648
34870 3597
34870 3665
23399 4587
34870 5042
23277 3701
42541 3769
18977 47
51858 3582
51858 3586
23277 4715
23277 5064
23277 6825
34870 5175
23277 6473
23277 6401
34870 6098
23277 2244
34870 3623
34870 3645
18977 4431
2459 6238
23277 3607
26822 3667
8746 3706
48312 3838
1576 4704
56875 4148
39467 5064
21456 6382
21456 6419
21456 6400
21456 6404
26822 5288
21456 6392
21456 6438
21456 6414
21456 6399
21456 6775
21456 6745
21456 6389
21456 3879
21456 6384
21456 6794
26822 5118
21456 6438
21456 6474
21456 6430
26822 6243
21456 6386
21456 6471
21456 6390
21456 6557
21456 6781
26822 5088
21456 6544
21456 6481
21456 6386
21456 7291
26822 5984
21456 6458
21456 6411
21456 6456
21456 6365
21456 6565
21456 6369
21456 6517
21456 6255
21456 6427
26822 6252
21456 6385
21456 6390
21456 6425
21456 6679
21456 6441
21456 6350
21456 6383
21456 6424
26822 5436
21456 7164
21456 6361
21456 6356
21456 6831
21456 6481
21456 6399
21456 6366
21456 6926
26822 5208
21456 6501
21456 6419
21456 6970
21456 6824
21456 6416
21456 6869
26822 4941
26822 4728
41376 4926
11449 4278
36031 3767
56505 3817
14610 3717
21456 3969
45613 3743
31920 4800
10326 5127
22727 3670
26822 3687
39187 3633
21456 1746
26822 3923
8075 3919
37842 3596
37842 664
22727 3574
5764 5234
47922 5159
47753 3579
11042 3792
26822 3680
21456 6523
21456 7205
21456 5408
21456 5038
26822 3585
47798 3653
50055 4302
41376 3769
2459 6471
2459 3805
41376 3614
2611 4759
2611 4875
5231 3616
5231 3641
2611 3602
26822 3812
26822 3662
22727 6320
37842 3656
21456 3602
21456 2118
26822 3715
21456 778
26822 3602
37842 6446
37842 6437
37842 6349
37842 6757
22727 5178
37842 6441
37842 7309
22727 6752
37842 6447
37842 6547
37842 6372
37842 6534
37842 6398
37842 6509
37842 6551
22727 5202
37842 6430
37842 6478
37842 6640
22727 5023
37842 6573
37842 6416
22727 6063
37842 6443
37842 6406
37842 6366
37842 6375
37842 6411
22727 3607
37842 7442
22727 5407
37842 6390
37842 6544
37842 6426
22727 6176
37842 6401
37842 6455
37842 7219
37842 6512
37842 6543
37842 6271
37842 6475
22727 6252
37842 6403
37842 6418
37842 6463
37842 6385
37842 6366
37842 6419
37842 6565
37842 6422
22727 4991
9797 45
26686 3699
26686 3606
9797 3601
45653 4772
5629 5141
3317 3796
27852 3602
54403 3658
32186 3889
41376 3771
2459 3614
2459 6897
41376 3713
12769 3603
25020 4576
25020 3657
25020 4627
23519 3615
23519 5053
25020 3744
43385 3731
44995 3616
44995 4112
59160 4642
59160 5567
44995 5043
59160 3753
44084 3820
20533 3708
38418 3713
49376 4680
44084 3785
44084 7031
20705 4046
20533 5002
20533 6999
49376 3835
44995 3624
20705 3616
49376 7674
49376 4139
44084 4071
20705 7328
20705 6397
20705 6152
20533 4188
44084 3626
20533 2293
44084 4943
44084 5142
65055 3958
49376 6192
44084 3662
20705 2749
49376 4662
20533 47
49376 838
49376 5113
44084 4903
49376 3766
49376 3938
44084 3606
44084 4782
44995 5016
44995 3757
49376 4204
59160 4583
59160 3770
59160 6629
44995 5029
9218 3934
51873 3737
9218 3616
9218 7784
51873 5340
51873 7288
51873 6682
51873 6872
9218 5013
9218 4966
9218 5054
9218 3848
51873 4843
51873 517
9218 3632
9218 3636
51873 434
51873 6736
51873 6424
9218 5183
51873 6390
51873 6473
51873 6552
9218 4919
51873 6399
51873 6445
9218 5176
51873 6519
9218 3606
51873 6455
51873 6516
9218 6299
51873 6387
51873 8092
9218 6339
51873 6420
51873 6415
9218 6135
51873 6397
51873 6535
9218 6336
51873 6398
51873 6363
9218 4945
51873 6500
51873 6417
9218 6210
51873 6389
51873 6527
9218 5040
51873 6397
51873 7047
9218 5115
51873 6458
51873 8206
9218 6948
51873 6406
51873 7476
9218 6211
51873 6622
51873 6359
9218 6134
51873 6557
51873 6588
9218 5203
51873 8062
51873 6908
9218 5257
51873 6549
51873 6450
9218 5026
51873 6558
51873 6853
9218 6591
51873 6371
51873 6442
9218 5424
51873 6475
51873 6397
9218 6025
51873 6520
9218 5259
51873 6400
51873 6411
9218 5119
9218 3648
51873 3665
9218 6111
51873 4044
51873 3719
51873 6407
9218 5115
51873 6473
51873 6482
9218 4993
51873 6417
51873 7075
9218 5871
51873 3653
9218 3643
51873 4611
9218 5024
9218 3690
9218 6139
9218 3734
51873 3626
51873 3617
51873 3780
51873 6086
51873 6428
9218 5150
51873 6450
51873 7135
9218 6178
51873 6550
51873 6515
9218 6337
51873 6387
51873 7033
9218 5303
51873 6375
51873 6407
9218 6201
51873 6389
51873 7149
9218 5387
51873 6408
51873 6729
9218 6597
51873 7165
51873 7137
9218 5111
51873 6390
51873 6444
9218 5063
51873 6405
51873 6430
9218 6279
51873 6433
51873 6407
9218 6097
51873 6390
51873 6548
9218 6079
51873 6392
51873 6736
9218 5077
51873 6564
51873 6430
9218 6281
51873 6397
51873 6908
9218 5788
51873 6409
51873 6537
51873 6379
9218 4970
51873 6362
51873 6636
9218 6247
51873 7567
51873 6377
9218 4836
51873 6838
51873 6392
9218 6232
51873 6867
9218 5221
51873 6581
51873 6540
51873 6421
9218 6216
51873 6534
51873 6604
9218 3601
51873 6383
51873 6632
9218 5905
51873 6492
51873 3790
9218 3609
51873 6714
51873 6534
9218 5282
51873 6546
51873 6437
9218 6264
51873 7008
9218 5252
51873 7857
51873 6446
51873 6574
9218 5292
51873 7227
9218 5777
51873 6454
51873 6424
51873 6379
9218 6250
51873 6588
9218 6421
51873 6504
51873 6559
51873 6628
9218 5322
51873 6575
9218 6313
51873 6460
51873 6491
51873 6466
9218 6251
51873 6420
51873 6396
9218 4949
51873 6397
51873 6402
9218 6140
51873 6404
51873 6410
9218 5068
51873 6484
51873 6864
9218 5195
51873 6486
9218 6051
51873 7674
51873 6406
9218 6189
51873 6467
51873 6438
9218 6237
51873 6532
51873 6561
9218 5346
51873 6428
51873 6491
9218 6355
51873 6821
51873 6360
51873 6574
9218 3738
51873 6826
9218 6311
51873 6373
51873 6388
9218 4893
13264 3620
13264 3631
63261 4648
63261 5666
51873 6511
51873 6482
9218 6282
51873 6385
51873 5208
9218 4733
51873 7559
51873 6436
51873 6410
51873 6580
51873 6872
9218 4963
51873 6236
9218 4627
51873 6501
51873 6399
51873 6761
9218 5573
51873 6492
9218 3645
51873 6342
9218 3660
51873 6396
51873 6477
51873 6873
9218 5303
13264 3848
51873 4925
19263 3751
19263 3769
9218 6160
22836 5033
36302 3785
51873 3752
51873 3728
51873 6828
9218 5229
51873 7149
51873 6450
9218 4806
51873 6538
51873 6488
51873 6571
51873 6519
9218 6371
51873 6512
51468 3608
51468 3713
51468 3674
51873 7166
9218 5263
51873 6548
51873 6593
9218 5298
51873 6366
51873 6420
9218 6271
51873 6449
51873 7077
51873 6400
51873 6478
9218 5015
51873 6594
51873 6467
9218 6339
51873 6531
51873 6383
51873 6863
51873 6428
9218 6239
51873 6935
51873 6433
51873 6376
51873 6413
51873 6575
9218 6143
51873 6425
9218 5403
51873 6826
51873 6398
51873 6411
51873 7069
9218 5352
9218 5616
51873 3610
57855 3628
9218 4826
46499 3627
44995 4985
44995 3819
9218 6733
19263 4906
9218 3632
51873 3592
59160 3583
59160 3672
51873 3777
51873 3601
51873 6034
51873 6952
9218 5102
51873 4142
51873 4997
9218 3640
9218 5103
51468 4813
51468 6641
19263 4954
51468 6421
51468 6452
19263 5316
51468 6556
51468 6394
51468 6384
51468 6723
19263 5011
51468 6196
51468 6374
51468 206
19263 3613
51468 6115
51468 3637
19263 3800
19263 4653
59160 5257
44995 3621
51873 3627
51873 4621
9218 5028
51873 3661
51873 3659
9218 3673
51873 4313
9218 3757
55669 3974
51468 4714
51873 4964
63902 3635
46499 3601
26920 3619
34355 3806
37116 3869
31048 3729
42293 3600
7631 3665
48028 3740
64180 4605
7915 5057
13542 4017
29800 3682
34921 3634
40042 3618
50478 3783
42282 3686
13611 3696
60274 4054
47079 3671
9048 4910
43184 5173
2574 3569
62583 3770
61010 3716
34294 3660
42901 4071
22425 4094
27755 3863
1858 3615
60234 4635
2293 5117
25564 3647
6953 3667
33031 4032
49715 3589
60673 3646
41100 3892
35144 3755
61573 3728
17 4829
36016 5052
25203 3690
61938 3673
19267 3662
6166 3684
947 3632
27947 3692
33956 6042
13365 3799
22298 3654
64404 3723
38545 3638
9537 3817
16901 3655
23495 3665
64004 4281
15302 3731
44995 3822
44995 6600
59160 3986
59160 3665
44995 3619
40768 4069
51894 3861
34006 3652
34006 409
9517 1032
34006 3600
47258 3637
1501 3766
44995 3683
59160 3799
53137 3605
7641 4961
155 3769
26076 5637
27280 4132
46400 3891
2703 3786
4915 3795
42675 4064
16649 3654
39032 3928
21165 4624
3900 4989
22084 3787
13306 3599
54407 3682
4095 4125
46634 3696
38423 200
37182 3613
62998 1184
10559 3665
41652 3680
38948 3802
60987 3641
23391 3891
37764 3717
23189 3573
1558 450
27967 3630
1555 1512
15676 4022
19601 3636
19601 3623
64829 3687
35987 2319
52540 4316
31891 886
35132 3628
7314 3632
7314 3615
12605 3777
21770 4159
41640 3719
59454 4793
36080 5100
43955 3634
64541 3710
5042 3597
39964 3681
61363 3685
1922 3621
64387 3784
3101 3802
27741 3695
52098 4587
64604 5163
15454 3668
27198 3794
19379 3708
54520 3598
8934 3774
44995 3631
44995 6162
22246 3627
64829 142
52540 3644
52540 3652
35132 321
12605 993
37182 3627
37182 5173
10559 647
27967 3682
27967 3599
15676 3667
15676 3621
2173 3647
31868 3804
23392 3573
12129 3677
58209 5053
63330 5430
54112 3741
42849 3621
14557 3764
1775 3710
33515 3720
59160 3655
59160 3642
59160 3649
59160 6981
44995 5370
9405 3788
55484 3744
55442 3622
2173 3739
38748 3703
22246 3784
54867 3740
1775 6204
59874 3768
54112 4203
55781 3644
63330 3639
55776 3605
42849 4115
32186 4079
14557 3782
10720 3659
58209 5957
59536 3598
31868 3615
58974 3609
33515 3631
31203 4063
12129 3585
18913 4087
23392 3616
22450 3637
27676 3852
42756 4672
9405 4898
14085 3775
55484 3649
9405 7167
55484 6374
38423 3597
1555 3717
15676 3579
62998 3591
1558 3762
14085 1500
42756 4492
42756 4612
14085 8068
14085 6363
14085 6377
55484 4866
42756 7407
42756 6412
42756 6383
42756 6783
9405 5177
35987 3704
52540 3638
55484 6380
9405 3881
55484 7293
31891 5611
35132 3703
19601 3755
64829 3637
7314 3598
12605 4088
42756 6331
9405 4064
14085 6351
55484 4740
14085 4988
14085 3932
55484 4694
42756 5039
44995 3646
44995 4250
59160 3798
9405 3780
59160 4704
44995 3590
59160 5091
54421 3843
48782 3804
54421 3619
54421 7046
44995 3648
48782 3614
48782 7665
48782 6543
54421 6383
48782 6437
48782 6258
54421 5037
54421 3709
54421 3661
54421 6601
48782 5013
48782 3632
48782 3839
54421 3558
54421 4682
60102 5023
5831 3564
19609 3815
56472 3692
48782 3623
48782 6323
48782 4223
54421 3763
48782 3750
48782 6887
54421 5165
48782 6439
48782 6832
48782 3663
54421 5045
44995 5031
44995 3727
44995 3669
44995 3802
44995 6159
44995 3890
59160 3725
59160 3607
59160 3663
59160 4806
59160 5120
44995 3739
59160 3759
59160 6207
44995 3595
48782 6872
48782 6548
54421 6414
48782 6458
48782 7769
54421 6064
48782 3800
54421 3762
48782 6963
48782 6796
54421 6511
48782 6403
48782 6525
54421 6233
34355 6128
34355 3632
34355 6224
48782 6456
48782 6382
54421 6118
34355 3680
48782 6849
48782 6884
54421 5067
48782 6418
48782 6858
54421 5198
48782 6404
48782 6534
54421 6271
48782 6417
48782 6231
54421 3628
44995 4114
44995 4720
34355 5156
31048 3716
31048 3614
31048 3825
31048 6868
31048 6525
34355 5044
31048 6407
31048 6451
34355 6408
31048 6371
31048 6599
34355 5140
31048 6516
31048 6456
31048 6393
34355 6218
31048 6413
31048 6581
34355 6057
59160 3775
59160 4951
31048 6403
31048 6480
31048 6178
34355 3640
31048 6871
34355 4947
31048 6369
34355 4245
31048 6411
34355 6125
31048 6798
31048 6496
31048 4813
34355 4086
31048 7309
34355 6875
31048 6408
31048 6794
31048 6486
31048 6495
34355 4789
31048 6431
31048 6674
31048 6438
31048 6404
31048 6400
34355 3617
31048 6406
34355 5228
31048 6398
34355 3653
31048 6386
31048 6367
31048 6437
34355 6235
31048 6433
31048 6502
31048 6515
31048 6381
31048 6397
31048 6457
34355 6021
31048 6488
34355 5412
31048 6417
31048 6399
31048 6858
34355 6400
31048 6544
31048 6370
31048 6452
31048 6409
34355 6026
31048 3666
59160 4782
44995 4859
31048 6422
34355 3738
31048 6408
31048 6812
31048 6400
31048 6440
34355 6226
31048 6376
31048 6380
31048 6634
34355 5185
31048 8107
34355 6023
59160 3971
58149 3774
48782 6401
48782 6396
54421 6195
48782 6542
48782 7190
54421 5204
48782 6494
48782 8312
54421 6778
48782 6590
48782 6519
54421 5411
48782 6403
48782 6386
54421 6248
48782 6549
54421 5957
48782 6812
48782 6801
54421 5176
48782 6566
48782 6820
54421 5220
48782 6578
54421 4993
48782 6158
48782 6530
54421 6103
48782 3653
48782 6465
54421 5099
48782 3731
48782 6334
54421 6077
48782 3801
48782 6828
54421 5302
48782 7329
48782 6378
54421 6224
48782 6590
48782 6349
48782 6677
54421 4894
48782 6899
54421 4984
48782 6481
48782 6487
54421 5049
48782 6381
44995 3807
48782 6861
48782 6420
48782 7328
54421 5744
48782 6592
60633 3959
58149 4974
58149 7248
54421 5353
48782 6347
48782 6410
54421 6116
48782 6501
48782 6517
48782 6886
54421 5147
48782 6545
54421 5248
48782 7796
48782 6597
54421 6394
48782 6417
48782 6393
48782 6665
54421 6518
48782 6912
54421 5100
48782 6495
48782 6385
54421 6183
48782 6810
48782 6453
48782 7048
54421 5233
48782 7011
54421 5110
60633 3589
60633 7956
60633 6394
60633 6427
60633 6624
58149 6461
58149 3796
58149 3826
58149 6400
60633 5122
60633 5406
58149 4922
58149 3812
60633 4377
60633 3630
58149 3614
60633 4621
38468 4949
245 3765
19782 3590
34355 3689
49715 4978
49715 5263
34355 3828
34355 3698
34355 3718
34355 6362
34355 3682
34355 4678
34355 5447
34355 3775
34355 3726
57156 5045
35144 3746
35144 4919
31048 6725
34355 5054
31048 6528
31048 6404
31048 6485
31048 6311
31048 4497
35144 3684
34355 3767
35144 7498
49715 7272
35144 6405
35144 6389
35144 6421
35144 6896
49715 6337
35144 204
35144 3656
31048 6418
31048 6563
49715 5449
34355 3737
31048 6303
31048 6389
31048 7009
31048 6421
31048 6491
31048 6551
31048 6448
31048 6399
31048 6535
31048 6406
34355 4793
31048 6579
31048 7303
34355 4958
31048 6448
31048 6455
31048 6675
34355 5085
31048 7570
31048 6509
31048 6665
34355 5050
31048 6408
31048 6819
31048 6381
31048 6391
31048 6655
34355 5067
31048 6442
34355 6214
31048 6383
31048 6377
31048 6549
34355 6202
31048 6483
31048 6389
31048 6439
31048 6595
31048 6741
31048 6441
31048 6925
34355 5180
31048 7739
34355 6069
31048 6398
31048 6369
31048 6544
31048 6463
31048 6383
31048 6381
31048 7674
31048 6581
34355 5127
31048 6367
31048 6371
31048 6536
31048 6831
31048 6401
31048 6417
31048 6440
31048 6867
34355 4910
31048 6535
31048 6393
31048 6414
31048 6419
31048 6472
31048 6410
31048 6816
31048 6451
34355 6280
31048 6498
31048 6431
31048 6724
31048 6515
31048 6229
31048 6945
34355 5098
31048 6385
31048 6611
31048 6198
34355 3827
31048 7627
31048 6412
34355 6196
31048 6446
34355 5306
31048 6239
31048 3660
34355 3643
31048 6369
31048 6448
31048 6745
34355 5178
31048 3949
31048 6446
34355 6283
31048 6395
31048 6396
31048 305
34355 3639
31048 6499
31048 7093
31048 943
34355 3599
31048 6814
31048 6410
31048 2188
34355 3764
31048 6398
31048 6520
34355 6284
31048 7084
31048 6435
31048 6330
31048 6801
34355 5073
31048 3668
31048 6661
34355 5381
31048 6357
31048 6208
34355 3637
31048 6327
31947 3588
34355 5052
34355 3677
34355 3880
34355 3701
34355 6068
34355 3664
34355 3839
34355 6181
34355 3738
34355 4139
34355 3723
34355 5996
34355 3666
34355 3699
34355 6163
34355 3717
34355 4115
34355 4705
34355 5075
34355 3656
34355 3679
34355 3716
34355 1172
39866 4064
31048 3607
31048 6845
31048 6456
34355 6276
31048 674
34355 3619
31048 7183
34355 5534
31048 6422
31048 6382
31048 6866
34355 5562
31048 1850
34355 3949
31048 6379
34355 3637
31048 6856
31048 6354
31048 6439
31048 6319
34355 4217
31048 4260
34355 3751
31048 6638
34355 5162
31048 6483
34355 4833
31048 6404
31048 6298
34355 4900
31048 3653
31048 6654
34355 5046
31048 6386
31048 3403
34355 3616
31048 4047
31048 6397
34355 5157
31048 6945
34355 4916
31048 6388
31048 6659
31048 1538
34355 3686
31048 7114
34355 6796
31048 6461
31048 6352
31048 131
34355 4873
34355 3694
31048 6365
31048 6401
31048 6386
31048 6279
34355 4862
31048 3617
31048 6778
34355 5067
31048 6543
31048 6411
31048 6415
31048 6501
31048 27
34355 6321
34355 4076
31048 6496
31048 6879
34355 6594
31048 6393
31048 7057
34355 4602
31048 6038
31048 6460
31048 6515
31048 4946
34355 5620
31048 3684
34355 3757
31048 7072
31048 6377
31048 6423
34355 6168
31048 6397
31048 6411
34355 6196
31048 6550
31048 6319
34355 5165
31048 3692
34355 3628
31048 6410
34355 4888
31048 6402
31048 6395
34355 4995
31048 6958
34355 5178
31048 6446
31048 6398
31048 6567
34355 5017
31048 3638
34355 3622
31048 6438
34355 3634
31048 6786
34355 6470
31048 6376
31048 6372
31048 6675
34355 5074
31048 6676
34355 3748
31048 3659
31048 6977
34355 5324
31048 6405
31048 6448
31048 6410
34355 6198
31048 6467
34355 6138
31048 6503
31048 6884
34355 5064
31048 3630
31048 3607
31048 6994
34355 5109
31048 6462
31048 6514
34355 5135
31048 6349
31048 6472
31048 6404
31048 7316
34355 5308
31048 6442
31048 6458
31048 6389
34355 3613
31048 6156
34355 3637
31048 7125
31048 6408
31048 6395
34355 6198
31048 6445
31048 6845
31048 6417
31048 6792
34355 4968
31048 6382
31048 6584
31048 6522
34355 6254
31048 6924
34355 5083
31048 6414
31048 6387
31048 6401
31048 6686
31048 6424
31048 6853
31048 6862
31048 6387
34355 6231
31048 6716
34355 5062
31048 6790
34355 5696
31048 6405
31048 6410
31048 6807
31048 6584
31048 6417
31048 6348
31048 18058
34355 22824
31048 6350
31048 6470
31048 6610
31048 6385
31048 6459
31048 6543
31048 6707
31048 6568
34355 6376
31048 6371
31048 6392
31048 6410
31048 6411
31048 7261
31048 6373
31048 6534
31048 6551
34355 5255
31048 6536
31048 6339
31048 6871
31048 6382
31048 6490
31048 6397
31048 6841
31048 7171
31048 6565
34355 6338
31048 6417
31048 6463
31048 6391
31048 6379
31048 6393
31048 6395
31048 6372
31048 6446
34355 6019
31048 6397
31048 9830
31048 6821
31048 6355
31048 6417
31048 6512
31048 6367
31048 6402
34355 6283
31048 6356
31048 6371
31048 6414
31048 6813
31048 6453
31048 6379
31048 6371
31048 6780
34355 5176
31048 6380
31048 6904
31048 6987
31048 6447
31048 6371
31048 6517
31048 6506
31048 6972
34355 5219
31048 6637
31048 6408
31048 6417
31048 6405
31048 6577
31048 6390
31048 6856
31048 6828
31048 6481
34355 5364
31048 6844
31048 6360
31048 6425
31048 6383
31048 6636
31048 6343
31048 6371
31048 6394
34355 5056
31048 6352
31048 6346
31048 6685
31048 6409
31048 6395
31048 6447
31048 7128
31048 6893
34355 5231
31048 6407
31048 6467
31048 6411
31048 6499
31048 6445
31048 6526
31048 6478
31048 6460
34355 6121
31048 6801
31048 6459
31048 6466
31048 6844
31048 6781
31048 6397
31048 6451
31048 6380
34355 5014
31048 6572
31048 6827
31048 6364
31048 6404
31048 6398
31048 6352
31048 6368
31048 6419
31048 6445
34355 6232
31048 6442
31048 7104
31048 6384
31048 6501
31048 6380
31048 6428
31048 6837
31048 6404
34355 6167
31048 6379
31048 6416
31048 6386
31048 6417
31048 6511
31048 6382
31048 6469
31048 6385
34355 5141
31048 6422
31048 6586
31048 6416
31048 6407
31048 6440
31048 6380
31048 6409
31048 6578
34355 6438
31048 6389
31048 6393
31048 7639
31048 6596
31048 7207
31048 6893
31048 7086
31048 6399
34355 6114
31048 6894
34355 5078
54421 5092
48782 3913
44995 4716
44995 5058
44995 3653
44995 3636
44995 6046
44995 5766
59160 3610
59160 3812
59160 3827
59160 4804
44995 3628
59160 4968
59160 3765
44995 3741
44995 4689
59160 4929
59160 3647
59160 3768
44995 3748
44995 3612
44995 6527
48782 3023
54421 3707
59160 4831
44995 5677
44995 3927
59160 3689
59160 3809
47646 3625
59160 4586
59160 5003
44995 3767
20258 4269
59160 3862
44995 5626
44995 4704
59160 3615
59160 4059
59160 6272
44995 3607
44995 3609
44995 3723
59160 6178
44995 3657
44995 3714
59160 3718
59160 3753
59160 5949
44995 4221
34355 3698
34355 3684
34355 3843
34355 6431
34355 3700
34355 3672
34355 3755
34355 6550
34355 3738
34355 4154
34355 6066
34355 3828
34355 4195
34355 4761
59160 5101
34355 4140
34355 3694
34355 6010
34355 3769
34355 3697
34355 3681
34355 4752
34355 5187
34355 3691
59160 4189
44995 3625
34355 6456
34355 3695
34355 3682
34355 3680
34355 6035
44995 3683
44995 3709
49210 6331
34355 4780
34355 5240
34355 3725
34355 3719
34355 6086
34355 4618
34355 3852
34355 6031
34355 3674
34355 3747
34355 6042
34355 3664
34355 3673
34355 3813
34355 4703
34355 5147
34355 3807
49715 3780
44995 4647
44995 5080
31048 3611
31048 6502
31048 6427
31048 5290
34355 4840
31048 6522
31048 6851
31048 6600
34355 5138
31048 6596
31048 6360
31048 6174
34355 4898
31048 3669
34355 3644
31048 6840
34355 5197
31048 6926
31048 6800
31048 6962
34355 5195
31048 6792
34355 5183
31048 6454
31048 6510
31048 6536
34355 5069
31048 6834
34355 6619
31048 6384
31048 6411
31048 6370
31048 6390
31048 6436
34355 6118
59160 4107
31048 6453
31048 6867
34355 6520
31048 6431
34355 6022
31048 6415
31048 6583
34355 6276
31048 6469
31048 6362
31048 6660
31048 6393
31048 6429
31048 7383
31048 6394
34355 6222
31048 6379
31048 6525
31048 6381
34355 5290
31048 6371
31048 6379
31048 6751
34355 5289
31048 6399
31048 6507
34355 6309
31048 6964
31048 6402
31048 6988
34355 5381
31048 6419
34355 5379
31048 6842
34355 3635
31048 6401
34355 6197
31048 6390
31048 7188
34355 5393
31048 6384
31048 6418
31048 1371
31048 6419
31048 6386
31048 6727
31048 6392
31048 6410
34355 6252
31048 6457
31048 6093
31048 6408
31048 6547
31048 6398
31048 6406
31048 6413
31048 6485
31048 6638
34355 6451
31048 6459
31048 6377
31048 6422
31048 6358
31048 6436
31048 6357
31048 6433
31048 6380
34355 6171
31048 6535
31048 6656
31048 6434
31048 6425
31048 6948
31048 6936
31048 6402
31048 6387
34355 5012
31048 6386
31048 6415
31048 6382
31048 6463
31048 6670
31048 6384
31048 6580
34355 5068
31048 6498
31048 6459
31048 6401
31048 6367
31048 6823
31048 6837
31048 6405
31048 1706
34355 5025
31048 6403
31048 6404
31048 6632
31048 6448
31048 7118
31048 6424
31048 6356
31048 6517
34355 6105
31048 7099
31048 6393
31048 6415
31048 6394
31048 6373
31048 6726
31048 6502
31048 6403
34355 6115
31048 6440
31048 6567
31048 6401
31048 6405
31048 6566
31048 6728
31048 6403
31048 6435
31048 6443
34355 6175
31048 6398
31048 6373
31048 6388
31048 6387
31048 6429
31048 6596
31048 6520
31048 6408
34355 4843
59160 4964
31048 6371
31048 6392
31048 6918
31048 7251
31048 6496
31048 6815
31048 6415
31048 6386
34355 6139
59160 3643
31048 6451
31048 6473
31048 6391
31048 6408
31048 6346
31048 6574
31048 6855
31048 6821
44995 4902
34355 3669
31048 6362
31048 6460
31048 6375
31048 6494
31048 7079
31048 6416
31048 6969
31048 6485
34355 6098
31048 6439
31048 6523
31048 6386
31048 6373
31048 6392
31048 6436
31048 7112
31048 7144
34355 5429
31048 6434
31048 6815
31048 6441
31048 6386
31048 6402
31048 6370
31048 6415
31048 6380
34355 6165
31048 6377
31048 6371
31048 6515
31048 6424
31048 6360
31048 1916
31048 3618
31048 6408
31048 6627
34355 5158
31048 6413
31048 6387
31048 6376
31048 6408
31048 6429
31048 6380
31048 6563
31048 6407
34355 5996
31048 3934
31048 6406
31048 6369
31048 6363
31048 6512
31048 960
31048 6642
31048 6376
31048 6420
31048 6637
34355 6400
31048 3657
31048 4677
34355 5385
31048 6814
31048 6448
31048 6527
31048 6903
31048 6263
31048 6589
31048 6471
31048 6410
34355 6198
31048 6366
31048 6364
31048 6400
31048 6476
31048 6406
31048 6397
31048 6584
31048 7108
34355 6898
31048 6454
31048 6524
31048 6518
31048 6561
31048 6368
31048 6426
31048 6227
31048 6502
31048 6818
34355 5061
31048 6471
31048 6365
31048 6377
31048 6442
31048 6401
31048 6461
31048 6542
31048 6431
34355 6241
31048 6354
31048 6423
31048 6382
31048 6489
31048 6404
31048 6384
31048 6492
31048 7655
34355 6371
31048 6472
35144 7344
35144 6422
35144 6402
35144 6389
35144 6381
35144 6369
35144 6898
34355 5155
49715 3627
35144 6403
35144 6022
31048 6393
31048 6374
31048 6378
31048 6449
31048 6777
31048 6550
31048 6496
49715 5956
34355 4141
31048 6467
31048 6379
31048 6553
35144 3622
31048 6416
31048 6372
31048 6472
31048 6593
31048 6435
34355 4029
49715 3648
31048 6387
31048 7642
31048 6452
31048 6606
31048 6478
31048 6402
31048 6464
31048 6815
34355 5211
31048 6433
31048 6375
31048 6385
31048 6341
31048 6476
31048 6460
31048 6387
31048 6636
34355 5145
31048 6370
31048 6552
31048 6355
31048 6871
31048 6383
31048 6369
31048 6408
31048 4723
34355 4938
59160 3723
44995 3823
44995 4799
59160 5971
44995 4910
44995 3895
44995 6552
59160 3634
59160 3606
937 6156
59160 3761
44995 3588
44995 3782
44995 6077
59160 3643
59160 3641
59160 3644
59160 3709
44995 3606
59160 6087
44995 3632
44995 3864
49210 3593
59160 3649
59160 4612
59160 5153
44995 3603
44995 3648
44995 4847
59160 4989
59160 3836
59160 3831
44995 3620
44995 4585
44995 6067
59160 3586
59160 3661
59160 3782
44995 4232
44995 4698
44995 5028
59160 3592
59160 3805
59160 6110
44995 3569
44995 3723
44995 3708
59160 4701
59160 5232
44995 3623
44995 3796
44995 6043
59160 3789
44995 3832
44995 6057
59160 3750
44995 3651
44995 6090
59160 3777
59160 3738
59160 3607
59160 4085
44995 4082
59160 6193
44995 3746
44995 3705
59160 3598
59160 3792
59160 4624
59160 4999
44995 4044
59160 3801
44995 4683
44995 5017
59160 3739
44995 4698
44995 5006
59160 3679
59160 3635
59160 3705
44995 3596
59160 6246
44995 3634
44995 4117
59160 6192
44995 3646
44995 3745
59160 4639
59160 5013
59160 3627
59160 3583
44995 3618
59160 4821
44995 5331
44995 3731
59160 3574
59160 3677
28945 3606
31723 6296
31723 6318
59160 6121
44995 3658
32655 4402
28945 3607
32655 3653
59160 4888
59160 5107
44995 3915
63077 3763
63077 6181
44995 3624
44995 4745
44995 5017
44995 3866
44995 3625
44995 6182
31723 3589
59160 3648
59160 3652
59160 3634
44995 3698
59160 3613
59160 6118
44995 4170
44995 3854
44995 3761
59160 6207
44995 3674
44995 3752
22967 5996
22967 3651
22967 3636
55640 4349
55640 3615
34355 3671
34355 4863
34355 5000
34355 3810
34355 3804
34355 3682
34355 6094
34355 3676
34355 3823
34355 3852
34355 4713
34355 5020
34355 3686
34355 3758
34355 3702
34355 6032
34355 3697
34355 4296
34355 3808
34355 4657
34355 5001
34355 3708
34355 3716
34355 3655
34355 6030
34355 4145
34355 3726
34355 6181
34355 3713
34355 4170
34355 3672
34355 4760
34355 5057
34355 3707
34355 4127
59160 6102
34355 3678
34355 3742
34355 4708
34355 4981
34355 3685
34355 3732
34355 4691
34355 5025
34355 3710
34355 3693
34355 3649
34355 6069
34355 3765
34355 3662
34355 3694
34355 4684
34355 5083
34355 3690
34355 3647
34355 4655
34355 5012
34355 3755
34355 3736
34355 3782
34355 6565
34355 3667
22967 3623
34355 3850
34355 6023
34355 3705
34355 3683
34355 4114
34355 4669
34355 5007
34355 4174
34355 3766
44995 3645
44995 6501
59160 4354
59160 3659
59160 3726
59160 3842
44995 3617
59160 6128
44995 3587
44995 3807
44995 3751
59160 4626
31048 3637
31048 6438
31048 6584
31048 6172
31048 6122
34355 3628
31048 6933
34355 4931
31048 7136
31048 2049
34355 3598
31048 4609
31048 6358
31048 6861
34355 5244
31048 1963
34355 3587
31048 6426
31048 6525
31048 6448
31048 298
34355 4938
31048 6358
34355 3634
31048 6445
31048 6380
31048 6185
34355 5246
31048 3705
34355 3601
31048 6400
34355 4787
31048 6742
31048 6562
31048 6810
34355 5119
31048 6591
31048 6900
31048 6945
34355 5202
31048 6397
34355 6213
31048 4607
34355 3591
31048 6619
34355 5145
31048 6425
31048 6465
31048 6272
34355 5046
31048 3668
34355 4076
31048 7303
34355 5275
31048 7016
34355 5086
31048 6435
34355 6091
31048 6425
31048 6921
34355 4957
31048 6393
31048 7391
34355 5386
31048 3702
31048 3620
34355 3592
31048 6611
31048 6426
31048 6945
31048 4773
34355 3619
34355 6091
31048 6557
31048 6919
34355 5070
31048 6393
31048 6513
31048 3869
34355 3629
31048 3668
34355 4622
31048 6586
34355 5218
31048 6574
31048 6816
31048 6412
31048 6379
34355 3622
31048 6494
34355 6301
31048 6449
31048 6398
34355 6143
31048 6368
31048 6809
31048 6426
34355 5370
31048 7810
34355 5388
31048 6390
31048 6415
31048 6993
34355 5204
31048 7028
34355 5383
31048 6349
31048 6883
34355 5166
31048 6831
31048 6360
34355 6069
31048 6408
34355 6057
31048 6375
31048 6458
31048 6642
34355 5156
31048 6561
31048 6375
31048 5659
34355 4626
31048 6501
34355 5117
31048 6402
31048 6336
31048 6551
34355 6263
31048 6528
34355 4381
31048 7046
34355 5183
31048 6799
34355 5101
31048 6391
31048 6431
34355 5406
31048 6519
31048 4558
34355 3776
31048 3673
31048 6426
34355 6056
31048 6339
31048 6361
34355 4850
31048 5002
31048 6723
34355 5073
31048 6815
31048 6856
34355 5186
31048 6858
31048 6382
34355 4873
31048 6807
31048 4363
34355 3679
59160 4746
44995 3706
31048 5551
31048 6536
34355 3764
31048 6387
31048 6561
34355 6367
31048 6360
31048 6430
34355 6254
31048 6850
31048 6439
34355 6191
31048 6515
31048 6420
31048 6510
34355 6288
31048 6418
31048 6456
31048 7305
34355 5086
44995 5989
44995 3862
31048 6382
31048 6771
31048 6474
34355 3709
31048 6528
34355 5071
31048 6412
31048 6380
31048 6381
31048 463
34355 3620
31048 6002
34355 3584
31048 6406
31048 6414
34355 6208
31048 6471
31048 6417
34355 6191
31048 6365
31048 6366
31048 6414
34355 5456
31048 6521
31048 6847
34355 4743
31048 6513
34355 6088
31048 6411
31048 6362
34355 4823
31048 6406
31048 6410
31048 6574
34355 6096
31048 6403
31048 6367
31048 7171
34355 5296
31048 6744
31048 6582
31048 7475
31048 7183
34355 5019
31048 6749
31048 6376
31048 6560
31048 6380
31048 6595
34355 6276
31048 6372
34355 6138
31048 6380
31048 6605
34355 4913
31048 7371
31048 6400
31048 6548
31048 6396
31048 6416
31048 7021
34355 5370
59160 6129
31048 6387
31048 6479
31048 6550
34355 6237
31048 6870
31048 6425
31048 6372
31048 6394
31048 6394
31048 6569
34355 5023
31048 7409
31048 6916
34355 5208
31048 6364
31048 6386
31048 6463
31048 6428
31048 6449
31048 6389
31048 6366
31048 7227
34355 6945
31048 6416
31048 6592
31048 6435
31048 6400
31048 6384
31048 6452
31048 6356
31048 6397
34355 6096
31048 6691
31048 6501
31048 6378
31048 6403
31048 6450
31048 6409
31048 6557
31048 6398
31048 6637
34355 4966
31048 7132
31048 6534
31048 6390
31048 6384
31048 6381
31048 6389
31048 6135
31048 6526
34355 3702
31048 6484
31048 6370
31048 6470
31048 6492
31048 6705
31048 6362
31048 6538
31048 4809
31048 5082
31048 6699
34355 5057
31048 6395
31048 6410
31048 6937
31048 6497
31048 6863
31048 7070
31048 6428
31048 6651
34355 4957
31048 6389
31048 6412
31048 7085
31048 6380
31048 6818
31048 6360
31048 6453
31048 6901
34355 5096
31048 6401
31048 6379
31048 6485
31048 6382
31048 6421
31048 6403
31048 6449
31048 7228
59160 5182
59160 5144
34355 4062
44995 3922
31048 6416
31048 6589
31048 6383
31048 6389
31048 6943
31048 6370
31048 6385
31048 6704
34355 6441
31048 6390
31048 6411
31048 6404
31048 6387
31048 7732
31048 14840
31048 6541
31048 7025
34355 5132
31048 6365
31048 6448
31048 6361
31048 6391
31048 6362
31048 6397
31048 6840
31048 6404
34355 6055
31048 6426
31048 6405
31048 6413
31048 6408
31048 6493
31048 6380
31048 6355
31048 7687
34355 6323
31048 6401
31048 6558
31048 6423
31048 6377
31048 6428
31048 6480
31048 6430
31048 6869
34355 4962
31048 7176
31048 6676
31048 6388
31048 6495
31048 6421
31048 6662
31048 6403
31048 6444
34355 6192
31048 6878
31048 6843
31048 6394
31048 6507
31048 6426
31048 6353
31048 6448
31048 6638
34355 4961
31048 6398
31048 6580
31048 6501
31048 6677
31048 6378
31048 6485
31048 6392
31048 6492
31048 6937
34355 5225
31048 6538
31048 6500
31048 6733
31048 6593
31048 7247
31048 6667
31048 6422
31048 6380
34355 5004
31048 6408
31048 6527
31048 6394
31048 6558
31048 6370
31048 6417
31048 6374
31048 6418
34355 6046
31048 6424
31048 6548
31048 6598
31048 7126
31048 6380
31048 6556
31048 6359
31048 7002
34355 5307
31048 6917
31048 6353
31048 6397
31048 6568
31048 6407
31048 6359
31048 6434
34355 5116
31048 7233
31048 6523
31048 6381
31048 6868
31048 6594
31048 6350
31048 6407
31048 6406
34355 6256
31048 6384
31048 6866
31048 6838
31048 6393
31048 6412
31048 6387
31048 6563
31048 6408
31048 6953
34355 5172
31048 6422
31048 6747
31048 6372
31048 6543
31048 6438
31048 6415
31048 6388
31048 6814
34355 6402
31048 6383
31048 6554
31048 6412
31048 6479
31048 7329
31048 6414
31048 6408
31048 6473
34355 4842
31048 6392
31048 6825
31048 6381
31048 6879
31048 6385
31048 6890
31048 6377
31048 6403
34355 4400
31048 6384
31048 6444
31048 6423
31048 6385
31048 6389
31048 6448
31048 6809
31048 6488
34355 6075
59160 3581
59160 3606
31048 6424
31048 6479
31048 6485
31048 6520
31048 6550
31048 6509
31048 6441
31048 7409
31048 6852
34355 6553
31048 6380
31048 6381
31048 6414
31048 6445
31048 6426
31048 6407
31048 6450
34355 6153
31048 6377
31048 6841
31048 6418
31048 6458
31048 6380
31048 6492
31048 6391
31048 6624
34355 4934
31048 6525
31048 6473
31048 6361
31048 6444
31048 6407
31048 6420
31048 6368
31048 6765
34355 5059
31048 6545
31048 6735
31048 6839
31048 6504
31048 6381
31048 6811
31048 6467
31048 6882
34355 4954
31048 6457
31048 6876
31048 6552
31048 6510
31048 6750
34355 1940
54421 3739
54421 3737
44995 4588
38876 4995
38876 3626
60801 3593
60801 3718
59160 3802
59160 6128
44995 3615
48782 3707
48782 4027
38876 3682
48782 645
54421 4062
48594 4049
4358 3647
34355 4471
34355 4737
34355 5034
34355 3694
34355 4968
34355 5058
31048 6417
31048 6378
34355 4902
31048 6187
31048 6855
34355 5181
31048 6769
34355 4967
31048 6412
31048 6688
34355 5229
31048 6582
34355 5105
31048 6369
31048 6599
31048 6410
31048 6546
34355 5074
31048 6518
34355 3703
31048 6640
34355 4949
31048 6500
31048 6430
31048 6425
31048 7220
34355 5545
31048 6534
34355 6262
31048 6340
31048 6549
31048 7039
34355 5092
31048 6805
34355 4920
31048 6493
31048 6710
34355 5052
31048 6353
31048 6405
31048 6764
34355 5044
31048 6655
34355 5383
31048 6379
31048 6527
34355 4213
31048 3423
34355 4917
31048 6541
34355 5057
31048 6374
31048 6732
31048 6538
34355 5323
31048 6578
34355 4227
31048 6978
34355 5203
31048 6613
34355 5033
31048 6426
31048 6763
31048 6400
34355 6122
31048 6827
34355 5182
31048 6539
31048 6385
31048 6544
34355 5086
31048 6376
31048 6395
31048 6421
31048 6375
31048 6372
31048 3900
34355 3597
31048 6565
34355 6134
31048 6415
31048 6408
31048 6410
34355 6232
31048 6383
31048 6374
31048 6509
34355 6352
31048 6796
31048 6367
31048 6942
34355 5047
31048 6412
34355 6163
31048 6409
31048 6404
31048 6470
31048 6504
31048 6404
31048 6409
31048 6370
34355 4882
31048 6396
31048 6575
31048 7091
31048 6447
31048 6384
31048 6432
31048 6367
31048 6431
34355 6004
31048 6383
31048 6391
31048 6409
31048 6463
31048 6377
31048 6372
31048 6564
31048 6406
34355 6298
31048 7706
31048 6438
31048 6534
31048 6425
31048 6433
31048 6374
31048 6405
31048 6399
34355 4873
31048 6454
31048 6436
31048 6496
31048 6407
31048 6441
31048 6385
31048 6369
31048 6839
31048 6453
34355 6286
31048 6375
31048 6699
31048 6434
31048 6380
31048 6358
31048 6395
31048 6370
31048 6820
34355 5051
31048 6515
31048 6408
31048 6390
31048 7003
31048 6492
31048 6414
31048 6355
31048 6416
34355 6261
31048 6395
31048 6464
31048 6373
31048 6406
31048 6580
31048 6416
31048 6386
31048 6817
34355 5284
31048 6730
31048 6392
31048 6378
31048 6580
31048 6336
31048 6576
31048 6896
31048 6520
34355 6174
31048 6464
31048 6574
31048 6496
31048 6378
31048 6476
31048 6394
31048 6393
31048 6452
31048 7055
34355 6645
31048 6521
31048 6369
31048 6381
31048 6421
31048 6426
31048 6578
31048 6558
34355 5135
31048 6769
31048 6363
31048 6340
31048 6577
31048 6452
31048 6369
31048 6381
31048 6869
34355 6653
31048 6472
31048 6455
31048 6389
31048 6375
31048 6373
31048 6483
31048 6421
31048 6714
34355 6653
31048 6545
31048 6407
31048 6879
31048 7023
31048 6461
31048 6572
31048 6877
34355 4927
31048 6500
31048 6380
31048 6438
31048 6469
31048 6378
31048 6849
31048 6379
31048 6372
31048 6527
34355 5077
31048 6876
31048 6401
31048 6803
31048 6388
31048 6473
31048 6713
31048 6877
31048 6847
34355 4960
31048 7105
31048 6408
31048 6373
31048 6404
31048 6600
31048 6473
31048 6421
31048 7286
34355 6905
31048 6354
31048 6470
31048 6366
31048 6428
31048 6432
31048 6385
31048 6396
31048 6391
34355 6213
31048 6570
31048 6398
31048 6454
31048 6418
31048 6491
31048 6834
31048 6940
34355 5111
31048 6379
31048 6414
31048 6472
31048 6339
31048 6389
31048 6406
31048 6426
31048 6564
34355 6125
31048 6404
31048 6396
31048 6508
31048 6949
31048 6380
31048 6363
31048 6391
31048 6378
31048 6939
34355 5131
31048 6375
31048 6398
31048 6388
31048 6687
31048 6365
31048 6411
31048 6354
31048 7041
34355 5869
31048 6396
31048 6429
31048 6454
31048 6584
31048 6451
31048 7226
31048 6414
31048 6385
34355 3672
31048 6375
31048 6404
31048 6809
31048 6416
31048 6481
31048 6410
31048 6961
34355 6584
31048 6361
31048 6468
31048 6405
31048 6374
31048 6453
31048 6614
31048 6379
31048 6713
34355 5247
31048 6402
31048 6414
31048 6392
31048 6345
31048 6473
31048 6401
31048 6554
31048 6391
31048 6626
34355 6423
31048 6451
31048 6398
31048 6377
31048 6407
31048 6512
31048 6402
31048 6367
31048 6903
34355 4918
31048 6856
31048 6518
31048 6913
31048 6497
31048 6495
31048 6379
31048 6459
31048 7094
34355 4944
31048 6398
31048 6376
31048 6672
31048 6408
31048 6828
31048 6406
31048 6347
31048 6811
34355 5229
31048 6403
31048 6800
31048 6412
31048 6390
31048 6487
31048 6396
31048 6409
31048 6662
34355 5046
31048 6453
31048 6399
31048 6457
31048 6403
31048 6357
31048 6123
34355 3766
50986 4289
32555 3808
20208 3583
12017 3623
34355 6070
34355 3851
54421 6306
31048 3619
31048 6510
31048 6390
31048 6359
31048 6506
34355 6250
31048 6410
31048 6482
31048 6564
31048 6481
31048 6386
34355 6051
48782 3620
31048 6721
34355 3791
31048 6425
31048 6508
31048 6435
31048 6820
31048 6366
31048 6432
31048 6366
34355 6162
31048 6678
34355 5062
31048 6948
31048 6522
34355 6073
31048 6484
31048 6416
34355 6059
60673 3726
60673 3658
60673 4774
54421 5130
54421 6589
41100 596
41100 3977
41100 6412
41100 6553
41100 7037
60673 5344
41100 6388
41100 6540
41100 6408
60673 3638
41100 6544
41100 6474
41100 6427
41100 6560
41100 6421
60673 4912
41100 6387
41100 6503
60673 6346
41100 6457
41100 6923
41100 6375
60673 4791
41100 6406
60673 5169
41100 6569
41100 6279
60673 3593
41100 6415
41100 6418
60673 3615
41100 6399
41100 6434
60673 4744
41100 6976
48782 1541
41100 6385
41100 6366
60673 6212
41100 6554
41100 6424
60673 5176
41100 6377
60673 6192
41100 6467
31723 6352
31723 6384
54421 3845
54421 3716
48782 6374
48782 967
54421 3684
48782 3673
60673 3611
17176 3738
36632 3611
48782 6424
48782 6759
54421 5040
48782 3797
63077 3609
63077 6139
63077 3799
31723 3625
35515 4091
45752 3631
45752 3650
16085 646
54421 4959
55992 3750
45752 3726
63077 3675
31723 3784
48782 1206
54421 3672
48782 6350
48782 1158
54421 3713
54421 6358
58149 6937
58149 6353
58149 6106
54421 3684
48782 3669
48782 6374
48782 6819
54421 5236
48782 3674
48782 3796
54421 3641
60633 4041
60633 3649
60633 287
60633 6079
60633 3634
58149 3643
60633 4723
60633 5002
58149 4044
60633 4193
60633 3797
58149 3725
48782 251
54421 3591
63903 3610
48564 3799
14105 4074
29465 3601
58129 4643
19129 5484
47801 3773
35493 3562
54421 4223
58149 6185
34355 3681
31048 2087
34355 3685
48782 3606
60633 941
58149 3595
48782 671
54421 3697
58149 5493
58149 6530
58149 6365
58149 6377
58149 6364
58149 7343
60633 5486
58149 6417
60633 3642
58149 6397
60633 686
58149 6379
60633 1276
60633 3669
58149 7153
15147 6597
13224 4129
60633 3617
60633 4183
60633 5828
60633 3675
58149 6498
60633 3608
60633 3633
60633 985
58149 4875
60633 3637
60633 3662
58149 3604
60633 3632
57073 3712
58149 3627
54453 6114
60633 3681
60633 3821
60633 3728
58149 3609
49715 4655
49715 5051
49715 3708
49715 3713
49715 5155
35144 4891
35144 6511
35144 4038
49715 3648
35144 3598
35144 6447
35144 6686
49715 5067
35144 6395
35144 6396
35144 6403
35144 6368
35144 6454
49715 6246
35144 6434
49715 4042
35144 6377
35144 6500
35144 6522
35144 7092
49715 5659
35144 3825
35144 6832
35144 6633
49715 4762
35144 6882
49715 5166
35144 6517
49715 5033
35144 6657
35144 6407
35144 6414
35144 6479
49715 5085
35144 7138
35144 6876
49715 5082
35144 6400
35144 6805
49715 4885
35144 6946
49715 4933
35144 6433
49715 6218
35144 6443
35144 6398
35144 6384
35144 6420
35144 6422
35144 6514
35144 6360
35144 6991
49715 5540
35144 6363
35144 6632
35144 6406
35144 6390
35144 6449
35144 6540
35144 6401
49715 6158
35144 6400
35144 6687
35144 6439
35144 6787
35144 6875
35144 6532
35144 6407
35144 6340
35144 6643
49715 5047
35144 7138
35144 6405
35144 6384
35144 6551
35144 6662
35144 6582
35144 6414
35144 7513
49715 6074
35144 6474
35144 6382
35144 6488
35144 6400
35144 6342
35144 6383
35144 6531
35144 7260
49715 5024
49715 3777
35144 6577
35144 6390
35144 6479
35144 6386
35144 6489
35144 6451
35144 6863
35144 7496
49715 5566
35144 6380
35144 6419
35144 6394
35144 6416
35144 6528
35144 6388
35144 6865
35144 6531
49715 6349
35144 6377
35144 6386
35144 6355
49715 3642
35144 907
49715 3652
49715 4625
49715 5441
49715 3681
49715 3732
9537 3728
9537 1460
38545 3617
38545 3620
35144 6469
35144 6461
35144 6377
35144 6545
35144 6446
49715 6212
35144 6780
49715 5341
35144 6268
49715 3684
35144 6747
35144 6413
35144 6369
35144 6434
35144 6493
35144 6647
35144 6485
35144 6371
35144 6802
35144 7015
49715 5435
35144 6546
35144 6117
35144 3647
49715 3599
35144 6411
35144 6519
35144 6435
35144 6385
35144 6403
35144 7286
35144 6440
49715 6016
35144 6471
35144 6698
49715 6434
35144 6403
35144 6878
35144 6732
49715 4874
35144 6386
35144 6351
35144 6696
49715 5059
35144 6382
35144 6388
35144 6566
35144 6396
35144 6448
35144 6404
35144 6862
35144 6507
49715 6092
35144 6408
35144 6511
35144 6394
35144 6423
35144 6435
35144 6665
35144 6449
35144 6424
49715 6176
35144 6370
35144 6396
35144 6552
35144 6401
35144 6382
35144 6485
35144 7023
35144 6413
49715 5190
35144 6401
35144 6397
35144 6450
35144 6454
35144 6334
35144 6387
35144 6349
35144 6788
49715 4917
35144 6499
35144 6364
35144 6417
35144 6697
35144 6508
35144 6393
35144 6413
35144 6494
49715 6312
35144 7242
35144 6841
35144 6848
35144 6419
35144 6405
35144 6363
35144 6149
35144 6457
35144 6618
35144 6981
49715 5106
35144 7450
35144 6424
35144 6360
35144 6417
35144 6398
35144 6500
35144 6519
35144 6360
49715 6190
35144 6818
35144 6504
35144 4205
35144 6521
35144 6397
35144 6358
35144 6414
35144 6482
35144 6432
49715 6182
35144 6159
35144 6370
35144 2472
49715 3746
9537 3774
49715 6017
49715 6251
49715 4162
49715 4802
35144 6404
49715 5041
35144 6406
35144 6978
35144 6451
35144 2603
49715 3738
35144 6306
35144 8550
49715 5104
35144 6382
35144 6669
35144 6476
35144 6398
35144 6470
35144 6367
35144 6607
35144 6507
49715 5045
35144 7032
35144 6549
35144 6575
35144 4765
35144 6393
35144 6488
35144 6541
35144 6438
35144 6322
49715 6106
35144 6504
35144 6757
49715 4952
35144 6654
35144 6411
35144 6974
35144 6569
35144 6389
35144 6820
35144 6500
35144 6862
49715 4936
35144 6487
35144 3817
35144 3652
35144 6367
35144 6531
35144 6402
35144 6726
35144 6410
35144 6392
35144 6968
49715 4926
35144 6448
35144 6465
35144 6511
35144 6535
35144 6250
35144 6372
35144 6448
35144 6347
35144 6410
49715 5356
35144 6374
35144 6443
35144 6416
35144 6406
35144 7144
35144 6391
35144 6810
35144 6392
49715 6193
35144 6562
35144 6445
35144 6396
35144 6816
35144 6416
35144 6399
35144 6380
35144 6415
49715 5304
35144 6744
35144 6368
35144 6412
35144 6757
35144 6487
35144 6357
35144 6375
35144 6401
35144 6411
49715 6213
35144 6385
35144 6508
35144 6436
35144 6400
35144 6411
35144 6377
35144 6400
35144 6576
49715 6344
35144 6959
35144 6389
35144 6407
35144 6542
35144 6412
35144 6679
35144 6600
35144 6758
49715 5027
35144 6735
35144 6400
35144 6426
35144 6368
35144 6518
35144 6385
35144 6366
35144 6419
49715 6227
35144 6635
35144 6502
35144 6386
35144 6850
35144 6359
35144 6366
35144 6537
35144 6886
49715 5440
35144 6388
35144 6399
35144 6408
35144 6726
35144 7010
35144 6412
35144 6731
49715 5099
35144 6468
35144 6487
35144 6518
35144 6402
35144 6501
35144 6388
35144 6397
35144 6365
35144 6869
49715 4930
35144 6406
35144 6359
35144 6409
35144 6402
35144 6357
35144 6479
35144 6421
35144 7001
49715 5067
35144 6413
35144 7073
35144 6433
35144 6367
35144 6717
35144 6383
35144 6810
35144 6706
49715 5079
35144 6893
35144 6387
35144 6372
35144 6351
35144 6391
35144 6430
35144 6345
35144 10178
49715 8308
35144 6426
35144 6388
35144 6393
35144 6392
35144 6451
35144 6437
35144 6702
35144 6423
49715 6010
35144 6381
35144 6376
35144 6408
35144 6427
35144 6511
35144 6410
35144 6472
35144 6368
35144 6658
49715 5063
35144 6548
35144 6357
35144 6391
35144 6429
35144 6887
35144 6449
35144 6854
35144 7005
49715 4936
35144 6595
35144 6350
35144 6394
35144 6459
35144 6374
35144 6386
35144 6578
35144 6413
49715 4889
35144 6375
35144 6832
35144 6596
35144 7062
35144 6359
35144 6844
35144 6845
35144 6958
49715 4921
35144 6396
35144 6392
35144 6407
35144 6460
35144 6472
49715 5158
35796 2
30634 3611
49715 4392
49715 3700
49715 6027
49715 3692
49715 6131
35144 6473
35144 6366
35144 141
49715 3615
49715 4755
35144 4921
35144 6405
35144 6549
35144 6754
35144 3514
49715 3587
35144 6396
35144 6397
35144 6471
35144 6498
35144 6359
35144 6410
35144 6718
49715 4923
35144 6865
35144 6393
35144 6811
35144 6442
35144 3820
49715 3778
35144 7323
49715 7132
35144 6374
35144 6683
49715 6429
35144 6396
35144 6648
49715 4989
35144 6461
35144 6441
49715 5365
35144 6726
49715 4878
35144 3651
49715 3672
49715 7043
49715 3727
35144 6380
49715 4944
35144 6408
35144 6392
35144 6152
35144 6529
35144 6410
35144 6436
35144 6528
35144 6377
35144 6882
49715 5481
35144 6561
35144 6990
35144 6393
35144 6397
35144 6383
35144 4764
49715 4926
35144 6411
49715 4873
35144 6524
35144 6454
49715 6117
35144 6385
35144 6434
35144 6422
35144 6442
35144 6539
35144 6801
35144 6593
49715 4997
35144 6400
35144 6371
35144 6635
35144 6315
35144 6405
35144 6391
35144 6816
49715 5231
35144 6431
35144 6388
35144 6497
35144 6922
35144 6405
35144 6391
35144 6374
35144 6543
49715 3617
35144 6484
35144 6396
35144 6868
35144 6477
35144 6408
35144 6448
35144 7190
35144 6441
49715 6258
35144 6383
35144 6391
35144 6848
35144 6349
35144 6551
35144 6552
35144 6548
35144 6402
49715 4954
35144 6579
35144 6395
35144 6402
35144 6418
35144 6799
35144 6420
35144 6417
35144 7195
49715 7008
35144 7134
35144 6365
35144 6411
35144 6210
35144 3860
49715 3643
49715 4657
49715 6298
35144 6354
35144 6375
35144 6376
35144 6413
49715 6293
35144 6789
35144 6390
35144 6363
35144 6387
35144 6545
35144 6410
35144 6371
35144 6663
49715 5025
35144 6297
35144 753
49715 3607
35144 6405
35144 6426
35144 6171
49715 3663
35144 7075
49715 3801
49715 3657
49715 6036
35144 543
49715 3652
35144 6417
35144 6471
35144 6396
35144 6359
35144 6480
35144 6379
35144 6371
35144 6388
35144 6390
35144 4870
49715 3649
35144 6569
35144 6425
35144 6564
35144 6481
35144 7231
35144 6424
49715 6252
35144 6621
35144 6362
35144 6429
35144 1768
49715 5176
35144 6404
35144 6371
35144 6379
49715 5274
35144 6422
49715 3697
35144 6537
35144 6401
35144 6402
35144 6403
35144 6439
35144 6377
35144 3798
35144 6395
35144 6420
49715 6218
35144 6392
35144 6390
35144 6391
35144 6412
35144 6537
35144 6385
35144 6463
35144 6891
49715 5091
35144 6414
35144 6382
35144 6367
35144 6746
35144 6433
35144 7244
35144 6411
35144 6412
49715 5049
35144 6520
35144 6435
35144 6510
35144 6804
35144 6404
35144 6376
35144 6694
35144 6355
35144 6402
49715 6095
49715 6348
35144 6620
35144 6391
35144 6382
35144 6449
35144 6349
35144 7072
35144 6407
49715 6207
35144 6388
61581 1214
35144 6516
35144 6374
35144 6433
35144 6423
35144 6362
35144 6411
35144 7813
49715 6230
4460 3775
54421 5173
35144 6864
35144 6370
35144 6384
35144 6396
35144 6343
35144 6361
35144 6860
35144 6433
49715 6243
35144 6417
35144 6512
35144 6415
35144 6873
35144 6419
35144 6508
35144 6507
35144 6432
49715 5434
35144 6420
35144 6410
35144 6402
35144 6465
35144 6381
35144 6506
35144 6387
35144 6480
35144 6534
49715 6323
35144 7051
35144 6753
35144 6523
35144 6349
35144 6373
35144 6433
35144 6458
35144 6982
49715 5103
35144 6426
35144 6348
35144 6405
35144 6366
35144 6411
35144 6396
35144 6563
35144 7159
49715 4969
35144 6380
35144 6378
35144 6448
35144 6548
35144 6830
35144 6818
35144 6459
35144 6363
49715 6212
35144 6383
35144 6404
35144 6857
35144 6782
35144 6414
35144 7005
35144 6390
35144 6524
49715 6262
35144 6437
35144 6406
35144 6385
35144 6422
35144 6370
35144 6379
35144 6554
35144 6376
35144 6994
49715 5087
35144 6383
35144 6394
35144 6356
35144 6521
35144 6487
35144 6386
35144 6376
35144 7061
49715 6177
35144 6851
35144 6398
35144 6401
35144 6435
35144 6485
35144 6449
35144 6421
35144 7167
49715 5509
35144 6945
35144 6541
35144 6348
35144 6449
35144 6374
35144 6393
35144 6580
35144 6535
49715 5372
35144 6462
35144 6394
35144 6474
35144 6835
35144 6404
35144 6374
35144 6463
35144 6532
49715 5221
35144 6343
35144 6383
35144 6433
35144 6419
35144 6515
35144 6338
35144 6423
35144 6553
35144 6917
49715 4907
35144 6503
35144 6514
35144 6391
35144 6645
35144 1372
35144 6376
35144 6152
35144 1058
35144 6441
35144 6305
49715 3581
35144 3821
35144 6430
35144 7080
49715 4924
35144 6412
35144 6370
35144 6392
35144 6855
35144 6403
35144 6364
35144 6350
35144 6389
35144 6405
35144 6080
49715 3720
35144 6531
49715 6047
35144 6355
35144 6865
49715 4927
35144 6458
35144 4683
49715 3627
35144 6925
35144 6826
49715 6645
35144 6398
35144 6928
49715 4926
35144 6379
35144 6417
35144 6494
35144 6385
35144 6448
35144 6383
35144 6580
49715 6113
35144 3818
49715 3752
35144 6420
35144 6382
35144 6488
35144 6866
35144 6440
35144 6423
35144 6569
35144 6405
49715 5556
48782 4925
49715 3723
49715 6352
49715 6338
49715 3692
49715 6110
61596 1720
16736 3726
35144 3604
35144 3596
35144 6161
35144 6452
49715 6268
35144 6360
35144 6851
49715 6490
35144 6403
35144 6384
35144 6391
35144 6662
49715 6416
35144 6398
35144 6421
35144 2699
49715 2527
35144 6427
49715 6014
35144 6429
49715 4055
35144 6848
49715 5104
35144 6406
35144 6409
35144 6407
35144 6429
49715 5425
35144 6841
35144 6753
35144 6479
35144 3808
49715 4606
35144 6404
49715 3599
35144 6379
49715 6213
35144 6361
35144 6608
49715 5038
35144 6398
35144 6384
35144 6383
35144 6468
35144 6514
35144 6375
35144 6358
35144 4209
49715 3770
35144 6399
35144 6404
35144 6511
35144 6410
35144 6388
35144 6409
35144 6385
35144 6386
35144 6498
49715 6214
35144 6953
35144 3735
35144 6535
35144 6506
35144 6479
35144 6419
35144 6461
35144 6393
35144 6422
49715 6248
35144 6367
35144 6374
35144 6394
35144 6537
35144 6822
35144 6398
35144 6394
35144 6407
49715 6127
35144 6507
35144 6448
35144 6567
35144 6384
35144 6502
35144 6560
35144 6430
49715 6185
35144 6400
35144 6365
35144 6440
35144 6397
35144 7398
35144 3476
35144 6442
35144 6463
49715 6135
35144 6489
35144 6387
35144 6606
35144 6407
35144 6493
35144 6404
35144 6378
35144 6581
49715 6406
35144 6150
49715 4445
35144 6379
35144 6542
35144 6843
35144 6367
35144 6473
35144 6371
35144 6389
35144 6944
49715 4945
35144 6435
35144 6537
35144 6368
35144 6419
35144 6480
35144 6581
35144 2735
35144 6399
35144 7149
49715 5402
35144 6406
35144 6394
35144 6646
49715 5047
49715 6147
49715 3672
49715 3677
49715 3784
49715 6055
35144 6371
35144 6434
35144 6359
35144 5583
49715 5206
35144 4726
12446 5385
12446 3630
29025 3756
49715 3843
48782 1168
54421 3602
35144 3732
35144 6471
35144 1448
49715 3728
35144 6930
49715 3674
35144 6360
35144 6421
35144 6230
35144 3820
49715 3629
35144 6655
35144 6394
35144 2012
49715 3588
35144 7119
35144 6433
35144 6508
35144 6389
35144 6888
49715 6709
35144 6356
35144 6383
35144 6308
35144 6414
35144 6568
35144 6351
35144 6454
49715 6257
35144 6367
35144 6422
35144 6433
35144 6617
35144 6428
49715 6266
35144 7054
35144 6519
35144 3769
49715 3622
35144 6480
35144 6443
35144 6395
49715 6231
35144 6547
35144 6441
35144 6491
35144 6680
49715 5001
35144 6435
49715 4772
35144 6526
35144 6394
35144 6417
35144 6546
35144 6382
35144 6855
35144 6401
35144 6967
49715 5073
35144 6359
35144 6382
35144 6455
35144 6417
35144 6379
35144 6382
35144 6399
35144 6435
35144 7315
49715 5725
35144 6388
35144 6396
35144 6675
35144 6386
35144 6357
35144 6390
35144 6463
35144 6434
49715 6032
35144 6371
35144 6527
35144 6405
35144 6374
35144 6378
35144 6382
35144 6408
35144 6492
49715 5058
35144 6506
35144 6536
35144 6446
35144 6854
35144 7538
35144 6473
35144 6361
35144 6408
49715 6218
35144 6840
35144 6401
35144 6378
35144 7125
35144 6496
35144 6414
35144 6372
35144 6392
49715 6086
35144 6415
35144 6876
49715 5059
49715 6427
35144 6402
35144 6398
35144 6421
35144 6750
35144 6208
35144 3967
49715 3641
35144 6566
35144 6403
35144 6512
49715 5061
35144 6405
35144 6675
35144 6864
35144 6552
35144 6421
35144 6375
35144 6866
49715 5219
35144 6411
35144 6149
35144 6398
35144 7256
35144 6915
49715 4977
35144 6366
35144 6387
35144 6744
35144 6811
49715 4945
35144 6518
35144 6617
35144 6344
35144 6503
35144 1486
35144 6368
35144 6414
35144 6385
49715 6101
35144 6416
35144 6362
35144 7136
35144 6413
35144 6431
35144 6862
35144 6387
35144 6508
35144 6995
49715 5119
35144 6376
35144 6537
35144 6475
35144 6859
35144 7376
35144 6477
35144 6422
35144 6401
49715 5121
35144 6460
35144 6354
35144 6387
35144 6915
35144 6412
35144 6404
35144 6751
35144 6407
49715 4867
35144 6697
35144 6402
35144 6723
35144 6551
35144 6385
35144 7528
49715 5631
35144 6403
35144 6509
35144 6432
35144 6415
35144 6407
35144 6570
35144 6507
35144 6413
35144 6681
49715 5454
35144 9736
35144 6794
35144 6846
35144 6748
35144 6696
35144 6740
35144 6530
35144 7237
49715 5525
35144 6427
35144 6687
35144 6623
35144 6693
35144 6589
35144 7502
35144 8951
35144 12386
49715 9297
35144 6797
35144 6536
35144 6638
35144 6381
35144 6825
35144 6598
35144 6379
35144 7135
49715 5285
35144 6468
35144 6620
35144 6362
35144 6575
35144 9490
35144 6669
35144 6625
35144 6449
49715 6216
35144 6518
35144 6384
35144 6943
35144 6506
35144 6352
35144 6403
35144 6599
35144 6582
35144 7183
49715 5311
35144 6470
35144 6585
35144 6623
35144 6673
35144 6449
35144 6710
35144 6582
35144 6549
49715 5315
35144 6566
35144 6343
35144 6494
35144 6436
35144 6571
35144 6384
35144 7094
49715 5467
35144 8954
35144 6507
35144 6381
35144 6485
35144 6514
35144 6532
35144 6516
35144 6498
49715 6318
35144 6704
35144 6596
35144 7795
35144 6948
35144 6687
35144 6451
35144 6625
35144 6540
49715 5319
35144 6561
35144 6449
35144 6664
35144 6539
35144 6494
35144 6831
35144 6468
35144 6754
49715 5482
35144 6392
35144 6953
35144 6433
35144 6689
35144 6483
35144 8999
35144 6499
35144 6420
35144 6527
49715 4271
35144 6491
35144 6546
35144 6746
35144 6626
35144 7140
35144 7066
49715 6642
41119 24
36192 3877
51992 3777
10936 3843
33960 3976
33960 82
9986 4797
9986 5086
33960 4297
48247 3772
32507 4034
4460 3864
4460 3916
29025 3606
29025 4802
36192 3018
57622 3939
30634 1174
2604 3775
63021 3792
33324 4139
31723 6295
31723 6956
58149 4516
58149 7102
58149 6742
44995 3759
44995 3875
58149 4833
7345 1380
36016 3770
36016 3954
2604 3656
63021 3859
2604 3854
63021 5127
48306 4800
33324 5285
48306 3746
33324 3607
49031 876
57622 3805
57622 3661
59160 6385
59160 4844
59160 5253
44995 3771
3315 4057
61682 3798
27414 3733
64279 3750
63077 4771
60633 5133
60633 2300
46400 3660
46400 471
27280 888
63077 6244
60633 6542
58149 4014
60633 4082
46400 3803
12446 4055
29025 3969
61581 4936
4460 3791
61596 5160
16736 3613
41119 3875
36192 3681
35796 3704
30634 3795
58149 6464
31723 5821
42756 3830
42756 4649
9405 3854
42756 4974
9405 3903
46322 4196
2839 3768
5289 3863
5289 654
56067 3851
56067 4837
5289 5220
3315 4099
61682 3619
27414 3742
64279 3931
60532 4231
32510 4082
58170 3735
46322 3940
16274 5105
2839 5207
3315 3798
61682 3803
27414 3803
21537 3828
64279 3623
32806 3712
9710 3794
5606 5685
46322 4736
2839 4085
31783 5132
34279 3770
25976 3811
65258 3758
21537 3943
32806 3776
5606 3791
9710 3752
60366 3812
60366 6097
10482 383
31783 4040
60366 3699
34279 4067
32806 3820
21537 3824
5606 3790
9710 4710
22029 5315
43532 4066
45198 3729
8335 3737
31783 3788
34279 3705
56845 3914
4237 3781
43532 4973
22029 3779
8335 6927
45198 4380
56845 3710
4237 3779
54421 6484
3693 3765
48782 3847
17687 3614
28056 4118
48782 738
54421 3741
37542 3790
22029 4667
43532 4958
45198 4770
8335 3620
56845 3830
4237 3744
6813 3675
43434 3942
13365 3608
33956 4971
33956 5453
35791 61
35791 577
37107 3635
37107 3597
13365 3761
53349 3721
4859 5236
39984 4623
43748 5376
35791 3617
40958 3642
40958 1695
11142 4040
11142 3583
40958 3615
48850 3593
21233 4873
56198 5450
39008 3746
44995 3632
44995 3723
12769 3713
9405 3713
8746 4561
56875 5067
39467 3701
1576 3762
45613 4050
20012 3707
39187 3615
56505 3723
56505 3609
39467 4055
39467 3650
31920 543
45613 3778
45613 4237
48312 3617
8746 3618
11449 1930
48312 3756
8746 3634
56875 984
36031 3751
36031 3595
1576 255
60593 4112
60593 3778
20012 3751
20012 4613
8075 2752
39187 3649
39187 3776
59160 3647
59160 3588
44995 3712
43385 3683
12769 3762
42756 4686
4230 5086
38274 3923
59160 3843
16891 3835
1531 3747
44995 4551
63994 4659
6734 5068
1531 4168
1531 7469
59982 3846
16891 3624
16891 6486
35407 3672
63994 3752
63994 6993
6734 3598
6734 11268
6734 6469
6734 6604
1531 4914
1531 6088
1531 3758
1531 4775
59982 4987
59982 7275
59982 6737
59982 6757
16891 4908
16891 3870
40927 5193
35407 3625
35407 7460
35407 6429
63994 6262
35407 6497
63994 5722
6734 5270
6734 3651
6734 3716
1531 3689
6734 6216
1531 3692
1531 3753
44995 4094
44995 6056
59982 3768
59982 4646
16891 3628
59160 3742
44995 3666
35407 4959
35407 4991
63994 4126
6734 3692
56204 3595
41662 3836
7351 4289
214 3901
44995 3680
59160 3620
28941 4700
28941 4894
55276 3635
12088 3731
12088 3658
11685 5272
44062 3632
49616 3790
15580 3594
56443 5273
35358 5141
64763 3718
3096 3727
3282 3635
49626 3850
7277 3723
4002 3822
35765 3927
40341 3820
10180 4613
49775 3730
28711 5097
44995 3648
44995 3718
11685 1169
55276 3673
55276 4629
59160 4936
59160 3602
59160 4110
44995 3628
28941 3714
55276 3770
12088 3746
11685 3689
41831 3639
65378 5557
4705 4966
8633 3739
10457 3833
44995 3706
57463 3899
7994 536
22948 4570
42541 5097
42541 3637
23399 3648
42541 3598
23399 443
42541 3769
65258 3788
25976 3585
34870 5126
23277 5541
14610 5289
10326 3784
5764 3619
47922 3676
47753 3589
11042 3836
47798 3608
50055 3794
22727 4719
26822 3641
37842 5036
21456 4309
45653 3674
5629 3669
44995 3671
44995 4706
16891 5067
63994 3763
25976 3667
25976 3694
22948 159
54520 3705
59160 3751
59160 3626
59160 5090
59160 5111
44995 3709
17413 3777
47108 3925
2730 3690
17413 3676
17413 7578
39595 3713
47108 3757
47108 6539
8934 3672
54520 3669
2730 4707
39595 4950
2730 7947
2730 6382
2730 4822
17413 5617
39595 7410
39595 6417
39595 3708
47108 4759
47108 5008
17413 1086
47108 3672
47108 6142
7994 3624
22948 3734
39595 6243
47108 3649
39595 3786
2730 6614
17413 3629
2730 4586
17413 5092
3317 3594
39595 3830
39595 4062
27852 3606
39595 6154
47108 6048
39595 3782
39595 3633
47108 3605
39595 6116
47108 3587
44995 3671
44995 3841
59160 4223
39595 3660
59160 4702
35407 3610
63994 3648
54403 3635
59982 3745
16891 3747
32186 3749
48850 3610
21233 6110
21233 6394
48850 6247
21233 6854
21233 6441
21233 6661
48850 4781
21233 6375
21233 6456
48850 6266
21233 6813
21233 6380
48850 4872
21233 7021
21233 6423
21233 6462
48850 6034
21233 6570
48850 5085
21233 6383
21233 6782
21233 6359
21233 6397
48850 6162
21233 6976
21233 6540
48850 5042
21233 6553
21233 6640
48850 5057
21233 6680
21233 6740
48850 5560
21233 6646
21233 6389
48850 6203
21233 6427
21233 6400
21233 6443
21233 6966
48850 4937
21233 6552
21233 6563
48850 5100
21233 6465
21233 7047
48850 5802
41376 4932
21233 6534
21233 6403
21233 6378
21233 6439
48850 5309
21233 6417
21233 6392
21233 6364
21233 6274
48850 6102
21233 4795
48850 4882
21233 6570
21233 6410
48850 3569
21233 6518
21233 6794
48850 5703
21233 3642
21233 3774
48850 3658
48850 3703
21233 3611
2459 4626
48850 5132
48850 3780
48850 4718
48850 5266
21233 619
21233 744
21233 4754
21233 6457
48850 6160
21233 6428
21233 6996
48850 5690
21233 6366
21233 6409
21233 6374
48850 5367
21233 6567
21233 6410
48850 6098
21233 6863
48850 4904
21233 6414
21233 6407
21233 6434
48850 6263
21233 6396
48850 4329
21233 6420
21233 6372
48850 4868
21233 6450
21233 6429
21233 6401
48850 6226
21233 6414
48850 6210
21233 7318
21233 6374
21233 6519
21233 7246
48850 6727
21233 6402
21233 6404
21233 6413
21233 6586
48850 6422
21233 6406
21233 6437
48850 6185
21233 6538
21233 6410
21233 6372
21233 6438
48850 6168
21233 6428
21233 6420
21233 6442
21233 6663
21233 6514
48850 6342
21233 6372
48850 5257
21233 6396
21233 6528
48850 6174
21233 6437
21233 6406
21233 7348
48850 5538
21233 6532
21233 6402
48850 4932
21233 6361
21233 5266
48850 3587
21233 6834
48850 6389
21233 6383
21233 6365
21233 6821
21233 6925
48850 4934
21233 6421
21233 6437
21233 6397
21233 6476
21233 7462
48850 6177
21233 6990
48850 5122
21233 6825
21233 6506
21233 6359
21233 6449
48850 6050
21233 6391
21233 6495
48850 6354
21233 6538
21233 7083
21233 6807
21233 6413
21233 6390
48850 4090
21233 6397
48850 4864
21233 6383
21233 6380
21233 6602
21233 6535
48850 6587
21233 6411
21233 6410
21233 6799
21233 6431
21233 6417
48850 6258
21233 6396
48850 6170
21233 6471
21233 6360
21233 6869
48850 5303
21233 6412
48850 6308
21233 6430
21233 6481
21233 6385
48850 4895
21233 6832
48850 5525
21233 7464
21233 6388
21233 6428
21233 6821
48850 5125
21233 6378
21233 6407
21233 6558
21233 6401
21233 6418
48850 6053
21233 6351
48850 3684
21233 6398
21233 6372
48850 5333
21233 6715
21233 6391
48850 6242
21233 6971
21233 6405
21233 6721
21233 6372
21233 6896
48850 5196
48850 3665
21233 6882
48850 4329
21233 6420
21233 6380
48850 6179
21233 6409
21233 7167
48850 6993
48850 3785
21233 3617
21233 3608
21233 3670
21233 3727
48850 4628
21233 5292
48850 3644
48850 5028
21233 2789
21233 3655
21233 6451
48850 6270
21233 6399
21233 6419
48850 5289
21233 6513
21233 6450
48850 5188
21233 6469
21233 6855
48850 6704
21233 6371
21233 7108
48850 4970
21233 6453
21233 6390
48850 6097
21233 6431
21233 6883
48850 6434
21233 6838
21233 6415
48850 6251
21233 6412
21233 6429
48850 6256
21233 6391
21233 6447
48850 6244
21233 7012
21233 6419
48850 6092
21233 6394
21233 6767
48850 4920
21233 6365
21233 6371
48850 6243
21233 6449
21233 6987
48850 5046
21233 6413
21233 6994
48850 5137
21233 6378
21233 6381
48850 6164
21233 6849
21233 6365
48850 5105
48850 4504
21233 3606
48850 6175
21233 2813
21233 3829
48850 3600
21233 4647
48850 5018
21233 3590
38418 3576
38948 3591
44084 3641
65055 3804
49376 3627
19263 4128
51468 679
48850 3823
31947 3593
44995 3625
44995 3810
48850 4671
21233 4960
59160 3637
59160 3644
21233 3678
21233 3916
21233 6739
48850 6294
21233 5690
21233 3653
48850 3613
48850 3674
19263 3642
39866 3718
39866 4638
39866 5450
31947 959
59160 3780
44995 3793
21233 4850
21233 4985
48850 3629
21233 3717
51468 6250
51468 6387
19263 5082
51468 6533
51468 6662
19263 5068
51468 6567
51468 7797
19263 6168
51468 6490
51468 6537
51468 6161
19263 3725
51468 6420
51468 6468
51468 5140
19263 4212
51468 4518
19263 3642
51468 3574
22836 3632
36302 4764
57855 5149
9218 3656
51873 3661
55669 3663
26920 3640
37116 3791
42293 3634
7631 3791
48028 3627
64180 4742
7915 4917
13542 3892
34921 3652
29800 3621
40042 3655
42282 3798
50478 3838
13611 3788
60274 3606
47079 3617
9048 4771
43184 5146
2574 3777
62583 3735
6953 3783
6953 3774
1858 4247
6953 3682
1858 1303
6953 4977
61010 3603
34294 4275
42901 3617
22425 3606
27755 3805
60234 3675
2293 3619
25564 3683
33031 4612
61573 5021
17 4125
36016 3590
25203 3595
61938 3797
19267 3998
6166 3642
947 3586
27947 3693
2459 42
41376 1284
2459 3705
22298 3645
64404 3786
44995 3683
44995 6135
32555 5377
50986 4369
15147 3598
17176 3621
36632 3617
14105 3721
29465 3733
58129 3673
59160 3610
59160 4824
59160 5191
44995 3956
34943 3761
64638 3843
12017 3604
12017 336
57073 3741
19129 3604
19129 3659
32555 3618
29465 3656
32555 3626
20208 3719
57073 3668
57073 4689
15147 2269
19129 3623
20208 4153
20208 3729
29465 3616
50986 4379
55992 4037
55992 3630
50986 4757
36632 5000
55992 3704
35515 3626
35515 3705
35515 3588
36632 3608
17176 3793
47801 3737
35493 3627
47801 4645
35493 5334
14105 3734
58129 3771
47801 3672
14105 3607
35493 3648
58129 3631
51251 5038
34943 3757
34943 7528
63537 4161
64638 3722
64638 7219
16901 5206
23495 3833
51251 3634
63537 3637
51251 4638
63537 3618
51251 8427
51251 6376
51251 3870
34943 3623
34943 3643
34943 4681
34943 5149
63537 7816
63537 6407
63537 3823
64638 3645
64638 3622
64004 4718
15302 5339
51251 3677
51251 4160
51251 3661
34943 3597
51251 3686
34943 6097
51251 3683
63537 3636
63537 4112
63537 6131
64638 3712
34943 3635
51251 3621
51992 3590
44995 3758
44995 4753
59160 4297
59160 4977
59160 3758
44995 3594
35208 3930
63187 3823
35208 4608
35208 6932
10936 80
10936 170
51992 4495
51992 3625
63187 3616
63187 7410
63187 6363
63187 3920
35208 3603
35208 3847
35208 6229
35208 7671
63187 4754
63187 4937
35208 3640
63187 3799
35208 3752
63187 3693
35208 3628
63187 6473
63187 6519
35208 5374
63187 6434
63187 7234
63187 6401
63187 6364
63187 6423
63187 6420
63187 6790
35208 5057
63187 6546
35208 5082
63187 6419
63187 6434
35208 6109
63187 6622
35208 5154
63187 6985
40768 5066
63187 6373
63187 6363
35208 4809
44995 3641
44995 6033
51894 3793
59160 3614
59160 3673
59160 4930
44995 4959
29517 3835
36684 3979
39744 3641
26433 3688
9025 3705
57152 4372
61071 3810
29517 3703
36511 3780
39744 4741
32398 5014
36684 3959
61086 3965
9025 3618
7838 3661
26433 3586
32415 3764
57152 3619
39744 6889
29517 6898
26433 6366
9025 6395
36684 6380
57152 6981
36511 5114
61071 4121
7838 3629
61086 3616
36511 8439
32398 4636
36511 6554
36511 3768
39744 3650
61071 7273
61071 6477
61071 4898
29517 3739
32415 5460
61086 7258
61086 6401
61086 6086
9025 3779
7838 7131
7838 6421
7838 6257
32398 7043
32398 6407
32398 6134
26433 4821
36684 3740
32415 7782
32415 6728
32415 4519
57152 3887
39744 3640
29517 4629
36684 5010
26433 3676
9025 3656
57152 3668
29517 3607
36684 3721
26433 4614
9025 5070
57152 3689
39744 3789
39744 4776
39744 5039
39744 3702
39744 4312
39744 4801
39744 5033
39744 3736
36511 3792
36511 4773
39744 3671
39744 4993
61071 3935
29517 3775
61071 3650
29517 4656
32398 5084
36684 3571
32398 3668
36684 3748
7838 6162
26433 3748
7838 4119
26433 4249
61086 3812
9025 3609
61086 5995
9025 4048
32415 4157
32415 3695
57152 3622
57152 4604
61071 4960
29517 3752
32398 4047
36684 3737
7838 4107
61086 3667
26433 3613
9025 3643
32415 3671
57152 3716
36511 4657
36511 5021
36511 4114
39744 3682
36511 6626
39744 5032
36511 6701
36511 6398
36511 6587
39744 6289
36511 6691
36511 6551
36511 6811
36511 6460
39744 4974
36511 6668
39744 6047
36511 6384
36511 6383
36511 6417
36511 6505
39744 6141
36511 6446
36511 6404
36511 6785
36511 6423
39744 6245
36511 6979
36511 6928
39744 5055
36511 6863
36511 6388
39744 6247
36511 6380
36511 6431
39744 6202
36511 6430
36511 6702
39744 5111
36511 6871
36511 6528
39744 5860
36511 6402
36511 6397
39744 6100
36511 6391
36511 6492
39744 6127
36511 7062
39744 5257
36511 6386
36511 6456
39744 6291
36511 6463
36511 6405
36511 6374
36511 6419
39744 4890
36511 6946
36511 6707
39744 5049
36511 6530
36511 7179
39744 5501
36511 6392
36511 6893
39744 5068
36511 6533
36511 6643
39744 4946
36511 6406
36511 6407
39744 6158
36511 6408
36511 6467
39744 6192
36511 6493
36511 6503
39744 5153
36511 6420
36511 6383
39744 6135
36511 6554
36511 6727
36511 6381
39744 6197
36511 6395
36511 6775
39744 4929
36511 6485
36511 6900
39744 6743
36511 7229
36511 6358
39744 3618
36511 6436
36511 6772
39744 4970
36511 6414
36511 6466
39744 6218
36511 7060
36511 6754
39744 5060
36511 6403
36511 6468
39744 6062
36511 6350
36511 6497
39744 5021
36511 6419
36511 6839
39744 6548
36511 6436
36511 6387
39744 6264
36511 6571
39744 6147
36511 6371
39744 6273
36511 6457
36511 7106
39744 5708
36511 6823
36511 6900
39744 4950
36511 6621
36511 6632
39744 5052
36511 6422
36511 6392
39744 6142
36511 6503
36511 7070
39744 5160
36511 6360
36511 6812
39744 5185
36511 6546
36511 6371
39744 6221
36511 6390
39744 6184
36511 6382
36511 6545
39744 5060
36511 6417
36511 6954
39744 4929
36511 6414
36511 7231
36511 6463
39744 6035
36511 6930
36511 6382
39744 6046
36511 6449
36511 6487
39744 6239
36511 6661
36511 6407
39744 5056
36511 6400
36511 6839
39744 4940
36511 7120
36511 6902
39744 5192
36511 6392
36511 6383
39744 5019
36511 6780
39744 5308
36511 6551
36511 6731
39744 6270
36511 6432
36511 6395
39744 4860
36511 6372
36511 6414
39744 6226
36511 6383
36511 3392
39744 6327
36511 8198
39744 5936
36511 6417
36511 6401
39744 6239
36511 6394
36511 6439
39744 5431
36511 6433
36511 6561
39744 5057
36511 6585
36511 6877
39744 5208
36511 6378
36511 6567
36511 7217
39744 5874
36511 6480
36511 6827
39744 6638
36511 6515
39744 4326
36511 6362
36511 6972
39744 4961
36511 6647
36511 6460
39744 6075
36511 6375
36511 6440
39744 5490
36511 7958
36511 1651
39744 5344
36511 6572
39744 6209
36511 6417
36511 6395
39744 6250
47258 4606
36511 6401
36511 6490
36511 6431
39744 5378
36511 6459
36511 6405
36511 6400
39744 6286
36511 6496
36511 6531
39744 5305
36511 6986
36511 6873
39744 6533
36511 6410
36511 6417
39744 6066
36511 6322
1501 3797
39744 3748
53137 3619
7641 4947
43841 3854
20125 4696
43841 3689
43841 6940
20125 5066
20125 7648
20125 6493
20125 6696
43841 5756
43841 4221
43841 3688
43841 6165
43841 3647
43841 3818
35208 4865
43841 5054
43841 3777
43841 3714
20125 6053
20125 3651
20125 3698
43841 3813
43841 3655
20125 3696
20125 4700
43841 4992
20125 6439
43841 4897
20125 6327
43841 3766
20125 6491
43841 5215
20125 4350
20125 6376
43841 3639
63187 4657
20125 12190
20125 6988
43841 5339
20125 3976
20125 6932
43841 5124
20125 6426
20125 6860
43841 5726
20125 6504
20125 6431
20125 6522
43841 5229
20125 6584
20125 6419
43841 6119
20125 6406
20125 6404
43841 6046
20125 6380
20125 6430
43841 6284
20125 6397
20125 6470
43841 6296
20125 6413
43841 5398
20125 7830
63187 6489
35208 5032
63187 6642
63187 6401
63187 6584
63187 6199
35208 4010
20125 6462
20125 6948
43841 5105
63187 6423
63187 6884
35208 6376
20125 7059
43841 5187
20125 6409
63187 6806
63187 6692
35208 5221
63187 6369
63187 6414
35208 6214
63187 6357
63187 6791
35208 5065
20125 6782
20125 6877
43841 5457
20125 6510
20125 6457
43841 6268
20125 8063
20125 6421
43841 5158
20125 6416
20125 6399
43841 6209
20125 6345
20125 6825
43841 5169
20125 7185
20125 6571
43841 6321
20125 6442
20125 6377
43841 6169
20125 6345
20125 6454
20125 6434
43841 5239
20125 6567
20125 6361
43841 5171
20125 6391
20125 6538
43841 6258
20125 6506
20125 6380
43841 6236
20125 6645
20125 6707
43841 5341
20125 8150
20125 6528
43841 5072
20125 6884
20125 6486
43841 4864
20125 6381
20125 6446
43841 6279
20125 6705
20125 6559
43841 5075
20125 6386
20125 6358
43841 3715
20125 6426
20125 6396
43841 5106
20125 6484
20125 6603
20125 6358
43841 4820
20125 6400
20125 6427
43841 5229
20125 6474
20125 6793
43841 5100
20125 6416
20125 6387
43841 3612
20125 6348
20125 8737
43841 6694
20125 6873
20125 6413
43841 4832
20125 6414
20125 7031
43841 5421
20125 6588
20125 6706
43841 6428
20125 6413
43841 6267
20125 6861
20125 6518
20125 6559
43841 5257
20125 6827
20125 6822
43841 4665
20125 6573
43841 6348
20125 8088
20125 6788
43841 5094
20125 6642
20125 6708
43841 5409
20125 6634
20125 7148
43841 5470
20125 6414
20125 8150
43841 6942
20125 6388
20125 6630
43841 5241
20125 6544
20125 6646
43841 6437
20125 6539
20125 6659
43841 5073
20125 6855
20125 7003
43841 5179
20125 6604
20125 7079
43841 5192
20125 6398
20125 6663
43841 3816
20125 6593
20125 6401
43841 6224
20125 6376
20125 6402
20125 6820
43841 4947
20125 6702
43841 5250
20125 6554
20125 7023
43841 5184
20125 8306
20125 6559
20125 6453
20125 7384
43841 6937
20125 6470
20125 6567
43841 6245
20125 6370
20125 7036
43841 5176
20125 6533
20125 6392
43841 6238
20125 6573
20125 6595
43841 5265
20125 6637
20125 8091
43841 6805
20125 6673
20125 7567
43841 5793
20125 6538
20125 682
43841 5293
20125 6398
43841 6081
20125 6410
20125 6378
20125 6420
43841 5291
20125 8132
43841 7887
20125 6376
20125 6383
43841 3670
20125 6561
20125 7237
43841 6713
20125 6454
20125 6410
43841 6137
20125 6670
20125 6377
43841 5130
20125 6503
20125 6635
43841 6196
20125 6423
20125 6438
43841 5313
20125 6942
20125 6392
43841 4872
20125 6511
20125 7134
43841 4918
20125 6414
20125 1341
43841 6444
20125 6607
20125 8273
43841 6972
20125 6355
20125 6422
43841 5188
20125 6489
43841 3626
20125 6412
20125 6484
20125 6527
43841 6343
20125 7226
20125 6770
43841 5139
20125 6928
20125 6603
43841 3607
20125 6384
20125 6392
43841 4957
20125 6848
20125 6550
43841 5354
20125 6540
20125 6669
43841 4317
20125 6426
20125 6752
43841 4644
20125 6455
43841 5125
20125 6989
20125 6509
43841 5830
20125 6414
20125 6707
43841 6516
20125 6373
20125 6503
43841 5329
20125 6452
20125 6889
43841 5114
20125 6390
43841 6249
20125 6477
20125 6631
20125 6717
43841 5039
20125 6368
20125 6846
43841 5610
20125 6407
20125 6374
43841 6019
20125 6486
43841 3716
20125 6518
20125 6894
20125 6527
43841 6361
20125 6536
20125 6514
43841 6392
20125 7682
20125 6439
43841 5490
20125 3920
43841 3632
20125 6356
20125 6652
20125 6385
43841 5667
20125 6393
20125 7036
43841 4976
20125 6722
20125 6393
43841 4955
20125 6509
20125 6957
43841 5032
20125 6447
20125 6363
20125 6690
43841 6492
20125 6648
43841 5402
20125 6476
20125 6389
20125 6525
20125 6414
43841 3626
20125 6495
20125 7898
43841 6633
20125 6494
20125 6600
43841 5159
20125 6433
20125 4955
43841 3824
20125 7088
43841 4961
20125 6389
20125 6561
43841 5107
20125 6562
20125 6855
43841 5352
20125 6364
20125 6470
20125 6407
43841 6176
20125 6397
43841 6153
20125 6529
20125 6951
43841 5166
20125 6488
20125 6560
20125 6530
43841 5203
20125 6652
20125 8255
43841 7098
20125 6619
20125 6443
43841 6088
20125 6570
20125 7005
43841 5176
20125 6694
20125 957
43841 5346
20125 6454
43841 3608
20125 6407
20125 6519
20125 6414
43841 5027
20125 6427
20125 6561
43841 5303
20125 6376
20125 7603
43841 5835
20125 6452
43841 6314
20125 6386
20125 6466
20125 6787
43841 5193
20125 6383
20125 6489
43841 6317
20125 7839
20125 6853
43841 4942
20125 6871
43841 5209
20125 6509
20125 6416
20125 6409
43841 5049
20125 6455
20125 6512
43841 5351
20125 3960
43841 3705
20125 6772
20125 7037
43841 5387
20125 6435
20125 6534
43841 6334
20125 6390
43841 3605
20125 6376
20125 6553
20125 6420
43841 6013
20125 6411
20125 6922
43841 5058
20125 6571
20125 7588
43841 6500
20125 6436
20125 6931
43841 5098
20125 6393
20125 7256
43841 5300
20125 6385
20125 6406
43841 6200
20125 6539
43841 3663
20125 6416
20125 6465
20125 6596
43841 6242
20125 6480
20125 4455
43841 3906
20125 6601
20125 6429
20125 6542
20125 6417
43841 3992
20125 6810
20125 6402
43841 6162
20125 6868
43841 5591
20125 6419
20125 7052
20125 6887
43841 6727
20125 6549
20125 6382
43841 6221
20125 6370
20125 6536
43841 6368
20125 6393
20125 6993
43841 4937
20125 6394
20125 6375
43841 6071
20125 6392
20125 6393
43841 4882
20125 6398
20125 6390
43841 6202
20125 6423
43841 3630
20125 6419
20125 6401
20125 6501
20125 6475
43841 6298
20125 6991
43841 4932
20125 6501
20125 7471
43841 5673
20125 6401
20125 6515
43841 5361
20125 6523
20125 6384
20125 6441
43841 6288
20125 6870
20125 6730
43841 5162
20125 6536
20125 6399
43841 5608
20125 6385
20125 6410
43841 4823
20125 6961
43841 4950
20125 6522
20125 6389
20125 6987
43841 5099
20125 6872
20125 4673
43841 5057
20125 6444
20125 6479
43841 6233
20125 6425
20125 6391
43841 6148
20125 6967
20125 6744
43841 5454
20125 6643
43841 5057
20125 6421
20125 6772
20125 6453
43841 5215
20125 6404
20125 6571
43841 6299
20125 6384
20125 6521
43841 6385
20125 6847
43841 6661
20125 6360
20125 6431
20125 6940
43841 5179
20125 6830
20125 6846
43841 4916
20125 6384
20125 6804
43841 5202
20125 6940
43841 5042
20125 6570
20125 6443
20125 7096
43841 6791
20125 6917
43841 5583
20125 6382
20125 6367
20125 6643
43841 5165
20125 6467
20125 7263
43841 5236
20125 6600
20125 6988
43841 5224
20125 6584
43841 3637
20125 6360
20125 6358
20125 6395
43841 6171
20125 6405
20125 6556
43841 5263
20125 6393
20125 6437
43841 6322
20125 6438
43841 4986
20125 6409
20125 6396
43841 6223
20125 6427
20125 7339
20125 6908
43841 5249
20125 6467
20125 6393
43841 6063
20125 6370
20125 6440
43841 6284
20125 6395
20125 6366
43841 5005
20125 6804
43841 5014
20125 6398
20125 6409
20125 6622
43841 5158
20125 6450
20125 6604
43841 4902
20125 6398
20125 7141
43841 5295
20125 6382
20125 6424
43841 6255
20125 6685
43841 5067
20125 6433
20125 6477
43841 5434
20125 7069
20125 6368
20125 6956
43841 5234
20125 6447
43841 3641
20125 6968
20125 6373
20125 6351
43841 5046
20125 6511
20125 6406
43841 6037
20125 6364
20125 6378
43841 5123
20125 6484
20125 6414
43841 5049
20125 6424
20125 6427
43841 6052
20125 7065
20125 6434
43841 6270
20125 6967
43841 4928
20125 6383
20125 7237
43841 6789
20125 6385
20125 6496
20125 7069
43841 6044
20125 6429
43841 6179
20125 6846
20125 6396
20125 6839
43841 6462
20125 6414
20125 6545
43841 5071
20125 6391
20125 6420
43841 6184
20125 6437
43841 4918
20125 6392
20125 6367
20125 6720
43841 6413
20125 6832
43841 5180
20125 6442
20125 6965
43841 5120
20125 6385
20125 6397
43841 6132
20125 6387
20125 6406
43841 6273
20125 7733
20125 6413
43841 5191
20125 6438
43841 6222
20125 6410
20125 6808
20125 6751
43841 5147
20125 6392
43841 4795
20125 6511
20125 6365
20125 6816
43841 5232
20125 6400
43841 6226
20125 6387
20125 7372
20125 6394
43841 6182
20125 6421
20125 6482
43841 6249
20125 6452
43841 6124
20125 6676
20125 6379
20125 7121
43841 4954
20125 6406
20125 6667
43841 6333
20125 6899
43841 6625
20125 6814
20125 7075
43841 4929
20125 6388
20125 6416
20125 6382
20125 6542
20125 6641
43841 5030
20125 6559
20125 6423
43841 4876
20125 6549
20125 6928
43841 5097
20125 6444
20125 6773
43841 5169
20125 6538
20125 6525
43841 6285
20125 6768
43841 5068
20125 6527
20125 6622
43841 5114
20125 6386
20125 6483
43841 4770
20125 7619
20125 6449
43841 5383
20125 6368
43841 3707
20125 6367
20125 6404
20125 6445
43841 6034
20125 6477
20125 6412
43841 6198
20125 6369
20125 7467
43841 6178
20125 6538
20125 6416
43841 6094
20125 6377
20125 6622
43841 4931
20125 6382
20125 6381
43841 4989
20125 6555
20125 6454
43841 6075
20125 6553
20125 6621
43841 5180
20125 6561
20125 7451
43841 7318
20125 6366
20125 6521
43841 4917
20125 6418
43841 4897
20125 6403
20125 6378
20125 6914
43841 4975
20125 6402
20125 6542
43841 5059
20125 6729
43841 5068
20125 6838
20125 6679
43841 5000
20125 6507
20125 6413
20125 6382
43841 5279
20125 6373
20125 6507
43841 6214
20125 6483
20125 6435
43841 6056
20125 6818
20125 6562
43841 4970
20125 7080
20125 6428
43841 6260
20125 6372
43841 4833
20125 6348
20125 6871
20125 6373
43841 3627
20125 6375
20125 7655
43841 5773
20125 6393
43841 6166
20125 6441
20125 6384
20125 6376
43841 4843
20125 6416
43841 6092
20125 6410
20125 6572
20125 6449
43841 5374
20125 6391
43841 6217
20125 6787
20125 6383
20125 6604
43841 6210
20125 6402
20125 6468
43841 6182
20125 7211
20125 6990
43841 5106
20125 6635
20125 6410
43841 4841
20125 6435
20125 6658
43841 4961
20125 6403
20125 6967
43841 4936
20125 6533
20125 6602
43841 4907
20125 6530
20125 6135
43841 5093
155 4878
26076 3847
2703 3665
39744 3678
39744 4698
39744 5480
39744 3754
39744 3685
39744 4691
39744 5054
39744 3789
39744 3874
39744 3662
4915 6762
42675 5648
36511 3647
36511 6888
39744 5078
36511 6397
36511 6474
36511 6385
36511 6380
39744 5350
36511 3788
36511 3647
36511 6408
36511 6763
39744 5087
36511 6336
36511 6528
36511 6603
39744 5301
36511 6493
36511 6355
36511 6397
39744 4883
36511 6646
39744 5042
36511 6698
36511 6366
36511 6414
39744 4935
16649 3616
36511 6622
39744 6752
36511 7182
36511 6395
39744 6124
36511 4866
39744 3614
36511 6398
39744 3610
36511 6413
36511 6484
36511 6433
39744 6181
36511 6391
39744 6128
36511 6850
36511 6372
36511 6429
39744 6129
36511 6437
39744 5167
36511 6398
36511 6801
36511 6554
39744 6244
36511 6675
39744 6597
36511 6476
36511 6498
36511 6493
39744 5032
36511 6992
39744 5120
36511 7167
36511 6796
36511 7050
39744 5338
36511 6366
36511 6440
39744 5327
36511 6786
36511 6824
39744 5242
36511 6364
36511 7027
39744 6679
39032 4026
21165 3779
36511 6558
36511 6810
39744 4929
36511 7939
39744 5175
36511 6545
36511 6841
36511 6458
39744 6028
36511 6546
39744 5119
36511 6392
36511 6450
36511 6624
39744 5047
36511 6412
39744 5288
36511 8155
36511 7065
36511 6836
39744 5198
36511 6495
39744 5228
36511 6377
36511 6408
36511 6599
39744 6347
36511 6403
39744 4871
36511 6392
36511 6362
36511 6875
39744 4870
36511 6379
36511 6540
36511 6438
39744 6289
36511 6366
36511 6641
39744 5048
36511 6402
36511 6415
36511 6394
36511 6428
39744 3614
36511 6870
36511 6405
36511 6450
36511 6439
39744 5405
36511 7197
36511 6396
36511 6384
36511 6578
39744 6359
36511 6465
36511 6535
36511 6874
36511 6427
39744 6274
36511 6737
36511 6490
39744 6195
36511 7009
36511 6403
39744 6240
36511 3877
36511 7080
39744 5076
36511 6393
36511 6377
39744 5285
36511 6371
36511 6390
36511 6470
36511 6828
39744 6560
36511 6422
36511 6584
36511 7198
36511 6906
39744 4916
36511 6396
36511 6426
36511 6563
36511 6394
39744 6040
36511 6417
36511 6537
36511 6436
36511 3810
39744 3606
36511 6420
36511 6464
36511 6390
36511 6357
36511 3801
39744 4184
36511 6523
39744 4080
36511 6548
36511 6738
36511 6449
39744 6194
36511 6400
39744 5008
36511 6415
36511 6481
36511 6514
39744 5003
36511 6558
39744 6386
36511 7069
36511 6403
36511 6956
39744 5745
36511 6810
39744 5080
36511 6808
36511 6391
36511 7281
39744 5265
36511 6605
39744 5364
36511 6464
36511 6521
36511 6438
39744 6165
36511 6949
39744 5197
36511 6439
36511 6699
36511 6942
39744 4964
36511 6551
39744 6334
36511 6477
36511 6494
36511 6376
39744 6075
36511 6357
36511 6537
39744 6288
36511 7294
36511 6423
39744 6100
39744 3803
36511 6508
39744 5052
36511 6388
36511 6448
36511 6692
39744 5600
36511 6371
36511 6412
39744 6268
36511 6478
36511 6924
39744 5077
36511 6442
36511 6502
36511 6399
39744 6299
36511 6370
39744 4993
36511 6523
39744 6214
36511 6377
36511 6410
36511 6398
36511 6357
39744 5096
36511 6415
39744 5214
36511 6534
36511 7287
36511 6510
39744 6221
36511 6418
39744 6223
36511 6413
36511 6642
36511 5162
39744 3614
36511 3833
39744 3783
36511 6846
39744 5199
36511 6392
36511 6375
39744 6197
36511 6397
36511 6468
39744 6162
36511 6437
39744 5243
36511 6418
36511 7092
36511 6408
36511 6503
39744 6355
36511 6368
36511 6440
36511 6399
36511 6491
36511 6458
39744 6093
36511 7263
36511 6902
39744 5208
36511 6724
36511 6388
36511 6603
39744 5152
36511 6451
36511 6404
36511 6406
36511 6520
36511 6560
39744 6398
36511 6491
39744 4024
36511 6382
36511 6856
36511 6489
39744 6237
36511 6502
39744 6289
36511 6990
36511 6362
36511 6348
36511 6550
39744 6375
36511 6407
39744 6394
36511 6398
36511 6375
36511 6591
36511 6430
39744 6246
36511 7512
39744 5564
36511 6416
36511 6397
39744 6136
36511 6353
36511 6394
39744 6106
36511 6443
36511 6740
39744 5970
36511 6352
36511 6391
36511 6951
39744 4923
36511 6944
39744 5191
36511 7102
36511 6474
36511 6513
36511 6419
39744 6063
36511 6853
36511 6492
39744 5350
36511 6396
36511 6426
36511 6535
39744 6417
36511 6714
39744 5103
36511 7100
36511 6342
36511 6713
36511 6915
39744 5186
36511 6382
36511 6364
36511 6456
36511 3723
39744 3640
36511 6372
39744 6073
36511 7046
39744 5581
36511 6879
36511 6387
36511 6799
39744 5160
36511 6439
39744 5238
36511 6818
39744 5171
36511 6646
36511 6416
36511 6402
39744 6033
36511 6618
39744 4824
36511 6469
36511 6420
36511 6390
36511 6414
39744 6251
36511 6910
36511 6432
36511 6407
36511 6512
36511 6515
39744 5056
36511 6939
39744 4920
36511 6602
39744 4929
36511 6885
36511 6392
36511 7364
39744 5743
36511 6463
39744 6333
36511 6537
39744 6359
36511 6491
36511 6497
36511 6826
39744 5191
36511 6602
39744 6438
36511 6469
36511 6378
36511 6397
36511 6533
39744 6367
36511 6406
36511 6400
39744 6153
36511 6902
39744 6711
36511 6447
36511 6806
39744 5193
36511 6383
36511 6392
36511 6418
39744 6157
36511 6544
39744 3636
36511 6399
36511 6373
36511 6361
36511 6470
39744 6114
36511 6433
36511 6530
36511 6396
39744 6013
36511 6417
36511 6488
39744 3634
36511 6381
36511 6421
36511 6416
36511 6961
39744 5070
36511 6527
36511 6482
36511 6896
39744 5527
36511 6393
36511 7025
39744 5113
36511 6982
39744 5191
36511 6377
36511 6383
36511 6374
36511 7477
39744 5832
36511 6372
36511 6412
36511 6866
36511 6390
36511 6369
39744 6109
36511 6912
39744 5060
36511 6561
36511 6514
36511 6411
36511 6926
39744 5073
36511 6449
36511 6377
36511 6461
39744 6204
36511 6404
39744 5168
36511 6426
36511 7005
39744 6841
36511 6423
36511 6678
36511 6388
36511 6971
39744 5073
36511 6588
36511 6395
39744 6209
36511 6480
36511 6389
36511 6600
39744 5524
36511 6462
39744 6186
36511 6475
36511 6403
36511 6495
36511 6427
39744 6247
36511 6381
36511 6373
36511 6413
36511 6381
36511 7122
39744 5480
36511 6374
39744 4990
36511 6474
36511 6401
36511 6395
36511 6977
39744 5504
36511 6508
36511 6489
39744 4940
36511 6530
36511 6584
36511 6379
39744 6186
36511 6852
39744 6694
36511 6357
36511 6450
36511 8740
36511 6815
39744 5193
36511 6386
36511 6839
36511 6474
36511 6439
36511 6531
39744 5262
36511 7268
36511 6482
36511 6365
36511 6548
36511 6968
39744 5208
36511 6471
36511 6427
36511 6373
36511 6502
36511 6964
39744 6582
36511 6550
39744 4737
36511 6406
36511 6423
36511 6511
36511 6524
39744 6335
36511 6587
36511 6558
36511 6434
36511 6932
39744 4901
36511 6419
36511 6503
39744 6392
36511 6698
36511 6429
36511 6408
36511 6367
36511 6398
39744 6029
36511 6396
39744 6202
36511 6423
36511 6799
36511 6568
36511 6500
36511 6378
36511 6545
39744 6330
36511 6956
36511 6376
36511 6395
36511 6470
36511 6460
36511 6376
36511 6369
39744 6195
36511 6368
36511 6401
39744 4905
36511 6569
36511 6398
36511 6472
36511 6421
36511 6086
39744 3644
43841 3672
20125 4239
20125 6742
43841 5037
43841 3812
3900 3623
20125 3633
20125 6413
43841 5200
20125 6234
22084 3826
13306 3613
54407 4791
43841 5046
4095 3658
46634 4179
35208 3686
35208 6769
63187 2057
63187 5184
35208 3604
60987 3667
23391 3810
37764 4621
23189 4966
35208 3671
35208 6408
63187 374
63187 6057
35208 3796
21770 3625
41640 3816
59454 3579
36080 3627
43955 3731
64541 3709
5042 3745
61363 5038
1922 4987
39964 3782
3101 3678
27741 3775
64387 3598
52098 3619
64604 3843
15454 4377
27198 3676
19379 4643
22450 3626
27676 5038
19609 3695
19609 3760
60102 3632
55484 3775
14085 3646
56472 3633
56472 3621
5831 4686
38468 4964
44995 4171
44995 3775
5831 1278
60102 3594
60102 3627
19609 4603
56472 5036
245 4367
19782 3619
59160 3673
59160 3842
44995 3622
21347 4941
5987 5102
57156 3864
39894 3858
21347 3630
27606 4370
5987 3617
5987 7253
21347 6367
27606 8791
27606 7309
5987 5103
39894 7023
39894 6616
21347 6276
5987 4140
21347 5140
5987 6197
27606 5096
39894 4855
27606 5102
27606 4147
5987 3604
44995 3824
44995 6084
59160 3609
59160 3625
59160 3756
44995 3756
57597 4808
21347 3593
11656 5469
57597 3629
57597 7015
11656 7663
11656 6403
11656 6164
57597 4043
47646 4123
20258 3907
49210 3719
937 3649
57597 8928
57597 5191
11656 2959
57597 3592
11656 6956
11656 4713
11656 6461
11656 3784
57597 3612
44995 6464
44995 3821
44995 3750
44995 4729
59160 3804
59160 4917
59160 3616
44995 3788
35208 3762
35208 6402
63187 800
59160 3643
63187 3714
35208 3774
59160 6152
59160 3862
44995 4617
31664 3836
16304 4698
50097 5062
47024 3972
19377 3817
4017 3742
46170 3705
24669 3768
40028 4125
55388 3610
9309 3715
20572 4677
44125 5007
59485 4155
57316 3650
24669 3604
24669 7044
61420 4108
46170 3636
20453 3803
40028 3585
8166 3873
20572 3699
32743 4800
49125 5130
59485 3621
55388 3762
12260 3789
9309 3689
55388 7177
59485 6450
36839 4169
44125 3600
20572 6536
40028 6411
46170 6339
9309 6533
44125 6458
57316 3837
57316 7280
57316 6433
24669 6206
32743 3758
49125 4639
8166 5014
32743 7195
32743 6826
59485 6591
8166 7308
8166 6414
20572 6276
49125 7353
61420 5086
49125 7590
20453 5100
55388 4970
20453 7906
20453 6478
40028 6153
61420 7695
61420 6536
46170 6234
57316 6258
12260 4348
36839 3589
12260 7753
12260 6405
9309 5202
36839 7422
36839 6410
44125 5430
49125 6410
8166 6462
32743 6651
8810 4713
50097 3770
33385 3675
29289 3764
19377 3752
4017 3644
17003 4685
45675 5096
20453 6288
31664 3577
16304 3637
61420 6253
50097 7642
4712 6111
47024 3621
4017 6364
12260 6354
36839 6241
19377 5378
16304 6368
31664 6493
47024 7018
24669 3846
55388 6045
59485 3865
20572 3698
40028 4754
46170 5023
9309 3856
44125 3688
59485 4767
20572 3600
40028 4935
46170 3658
9309 3618
44125 3649
24669 3688
55388 3680
24669 6092
24669 4234
24669 4687
55388 5111
55388 3697
55388 6026
55388 3699
55388 3804
57316 3631
57316 6052
57316 3658
24669 3704
24669 3642
49125 3631
49125 4817
49125 5541
55388 4731
55388 3651
32743 3590
32743 4830
32743 4990
59485 3630
59485 3612
8166 3715
8166 3766
20572 3607
8166 4650
20572 4994
20453 3739
20453 3799
40028 4054
20453 3770
40028 3624
61420 4636
61420 5169
46170 4205
61420 3635
46170 3763
12260 4080
12260 6171
9309 3632
12260 3642
9309 3686
32743 3621
59485 3578
8166 3760
20572 3637
61420 5086
46170 5106
57316 3636
20453 3639
40028 3605
36839 3628
36839 3793
36839 6109
44125 3596
44125 3760
12260 3587
57316 3630
9309 3633
49125 3669
36839 4491
44125 3705
49125 4931
49125 5489
57316 6496
57316 6864
57316 6500
57316 6363
57316 6512
24669 4968
57316 6409
57316 6601
57316 6420
24669 6142
49125 6840
55388 5220
49125 6560
49125 6462
49125 6870
55388 5537
49125 6881
55388 5057
57316 6496
57316 6449
24669 5372
49125 6534
49125 6382
49125 6421
55388 6246
57316 6421
57316 6411
24669 6078
49125 6450
49125 6431
55388 5246
57316 6640
24669 5023
57316 6408
24669 3732
49125 6385
55388 6214
49125 6709
55388 3783
57316 6534
57316 6413
24669 6254
49125 6416
49125 6800
55388 5735
57316 6447
24669 6070
57316 7092
24669 3628
49125 6383
49125 6774
55388 5189
57316 6503
57316 6682
49125 6784
24669 5182
55388 4868
49125 6903
55388 5152
57316 6908
24669 4940
49125 6570
55388 5247
57316 6385
24669 6189
49125 6766
55388 4716
49125 6405
55388 5275
49125 6445
55388 6182
8810 4628
8810 7499
8810 6574
50097 6275
29289 3615
57316 6537
57316 6890
24669 6554
29289 8052
29289 6798
33385 5069
4017 3651
33385 7289
33385 6524
19377 5076
57316 6386
57316 6408
24669 6181
45675 3616
8810 6268
17003 3645
45675 7391
45675 6509
16304 6378
17003 7393
17003 6449
4712 5063
31664 4908
29289 6264
49125 6395
55388 6223
49125 6904
55388 4929
4712 7498
4712 6424
33385 6282
47024 4855
49125 6504
55388 3727
49125 6958
55388 5864
17003 6237
4712 6284
45675 6260
50097 3718
4017 3792
19377 3717
57316 6411
24669 4865
31664 3688
57316 6396
57316 6548
57316 6410
24669 4845
47024 4125
49125 6570
55388 6404
49125 6468
57316 6534
24669 6303
57316 6416
49125 7519
55388 5857
49125 6356
16304 3845
19377 3600
57316 6462
57316 6553
24669 6010
31664 4162
47024 3629
16304 4237
50097 5096
49125 6358
49125 6415
55388 6246
4017 3720
50097 6128
50097 3841
50097 4703
4017 5269
57316 6413
57316 7072
24669 5095
4017 3788
4017 3686
49125 6733
49125 6582
55388 6391
57316 6421
57316 6437
24669 6293
49125 6866
55388 5088
49125 6373
57316 6780
57316 6716
24669 5078
49125 6408
49125 37304
55388 35403
57316 6436
24669 6213
57316 8150
49125 6383
49125 6419
55388 6087
57316 6492
57316 7041
24669 5185
49125 6361
49125 6336
55388 3891
57316 6946
24669 6809
57316 6372
49125 6417
49125 6468
55388 6276
57316 6813
24669 5056
57316 6469
49125 8074
55388 6485
49125 6575
57316 6411
57316 6388
24669 6004
49125 6547
49125 6393
57316 6551
57316 6941
55388 5043
24669 3738
49125 6412
49125 7059
57316 6507
57316 6805
55388 5183
24669 3596
57316 6372
57316 6609
24669 4930
49125 6382
55388 4862
49125 6515
49125 6379
57316 6403
57316 6718
55388 5073
24669 3626
49125 6392
57316 6893
24669 6602
57316 6464
49125 6859
49125 6685
55388 5063
57316 6324
49125 7076
24669 4949
55388 4056
49125 6403
49125 6462
49125 6476
55388 4986
49125 6871
49125 7149
55388 6885
49125 6662
49125 6788
55388 5177
49125 6409
49125 6389
55388 5110
49125 6501
55388 6253
49125 6525
49125 6399
55388 4887
49125 6413
49125 6408
49125 6817
55388 5431
49125 4792
55388 5081
49125 6490
49125 6358
49125 7030
55388 5164
49125 6573
49125 7032
55388 5162
49125 6905
55388 6632
49125 6492
49125 6398
49125 6525
55388 6145
49125 6886
49125 6375
49125 6533
55388 5243
49125 6411
49125 6428
55388 4886
49125 6403
49125 6553
55388 6347
49125 6535
49125 6432
55388 6286
49125 6373
49125 6359
55388 6160
49125 6429
49125 6314
55388 3722
8810 3655
8810 3708
8810 3641
50097 3675
50097 3632
29289 3600
29289 6020
29289 3675
4017 3646
4017 3756
33385 3608
33385 3636
33385 4701
19377 2514
17003 3623
17003 3639
31664 3727
17003 3664
31664 3612
4712 3564
4712 6426
47024 3582
4712 3819
47024 4031
33385 3587
19377 3624
45675 3611
8810 3678
45675 6058
45675 3647
16304 3753
16304 3708
17003 3601
4712 3742
31664 3782
47024 3637
45675 3597
16304 4770
8810 5134
29289 3636
8810 6387
50097 3731
8810 6405
8810 6417
8810 7258
8810 6791
50097 5214
8810 7191
50097 5403
8810 6520
50097 5932
8810 6441
29289 3617
50097 3689
29289 6378
4017 3645
29289 6530
29289 6383
29289 6422
4017 6245
29289 6532
29289 6353
29289 6411
29289 6457
4017 6250
8810 6397
8810 6979
50097 5383
29289 6531
4017 6359
29289 6552
4017 3632
8810 6832
50097 5184
8810 6448
50097 5150
29289 7038
4017 6690
29289 6514
4017 3620
8810 6644
8810 6720
50097 6547
29289 6920
29289 6769
4017 6332
8810 6492
8810 7036
50097 5103
29289 6411
29289 6568
4017 5342
8810 6535
50097 6309
8810 7365
50097 5673
29289 6515
4017 5227
29289 8028
4017 6747
8810 6557
8810 6888
50097 4911
29289 6580
4017 6422
29289 6382
4017 4707
8810 7055
50097 5279
8810 7461
50097 6376
29289 6385
29289 7111
4017 5345
8810 6482
8810 6908
50097 5191
29289 6400
29289 7028
4017 5234
8810 6620
8810 7303
50097 5769
29289 6434
4017 6100
29289 6658
4017 4977
8810 6754
8810 6903
50097 4928
29289 6392
29289 6893
4017 5173
8810 6422
8810 6471
50097 6144
29289 6480
29289 6491
4017 4959
8810 6475
8810 6819
50097 5113
29289 7100
29289 6882
4017 6632
8810 6431
8810 7079
50097 5309
29289 6392
29289 6518
4017 6320
8810 6647
8810 7077
50097 5591
29289 6404
29289 6389
4017 4883
8810 6398
8810 7591
50097 6306
29289 6385
29289 6614
4017 5162
8810 6440
8810 6397
50097 6083
29289 6584
29289 6730
4017 5162
8810 6417
8810 6402
50097 5443
29289 6423
29289 6485
4017 5081
8810 7414
8810 6677
50097 6485
29289 6360
29289 6561
4017 6262
8810 6509
8810 6559
50097 6113
29289 6457
29289 6381
4017 6290
8810 6580
8810 6805
50097 5113
29289 6453
29289 6392
4017 6258
8810 6899
8810 6395
50097 5167
29289 6521
29289 6708
4017 5072
8810 6501
8810 6427
50097 5450
29289 6372
29289 6808
4017 5187
8810 6708
8810 8494
50097 7536
29289 6398
29289 6662
4017 5073
8810 7034
8810 6404
50097 6086
29289 6459
29289 6542
4017 5167
8810 6527
8810 8494
50097 5105
29289 6463
29289 6405
4017 4956
29289 6489
29289 6485
4017 6274
29289 6539
29289 6826
4017 5084
29289 6669
29289 6793
4017 5706
29289 6529
29289 6469
4017 3793
11656 6456
11656 6399
57597 6258
11656 8046
11656 6559
57597 5080
11656 6672
11656 6609
57597 5412
11656 6419
11656 7471
57597 5761
11656 6533
11656 6946
57597 5200
29289 6422
29289 6887
4017 5296
29289 6457
29289 6510
4017 6219
29289 6509
29289 6945
4017 5095
29289 6808
29289 7474
4017 5710
11656 6502
11656 6418
11656 6494
57597 6319
11656 6577
57597 4998
11656 6349
11656 6992
57597 5104
29289 8598
29289 6790
11656 6557
11656 6783
4017 6541
57597 4452
11656 6488
11656 7205
57597 6852
11656 6478
11656 6417
11656 6519
11656 6396
11656 6576
11656 7091
57597 5348
11656 6450
11656 6828
11656 6350
11656 6574
57597 4347
29289 6531
29289 6764
4017 5096
29289 6552
29289 6912
4017 5182
29289 6787
29289 6427
4017 6234
29289 6379
29289 6797
4017 5102
29289 8730
29289 6432
4017 3775
29289 6428
29289 6394
4017 5312
29289 6526
29289 7010
4017 5086
29289 6529
29289 6521
4017 6330
29289 7146
4017 5137
29289 6578
29289 6700
4017 5209
29289 6515
29289 6816
4017 5399
29289 6411
4017 6258
29289 6510
29289 6834
4017 4953
11656 6534
11656 6923
57597 5303
11656 6894
11656 6763
11656 7941
11656 7351
57597 5482
11656 6529
11656 6553
11656 6545
11656 6573
11656 6401
11656 6420
57597 6166
11656 6488
11656 6527
57597 6333
11656 6496
11656 6446
11656 6636
11656 6540
57597 3813
11656 7480
11656 6577
11656 6486
57597 5215
11656 6524
11656 6518
11656 6491
11656 6365
11656 6588
57597 4895
11656 6399
11656 6525
11656 6558
11656 6435
11656 8580
11656 6682
11656 6483
11656 6424
57597 5220
29289 6564
29289 6415
11656 6551
11656 6443
11656 6578
11656 6648
11656 6516
11656 6446
4017 5450
57597 3687
29289 6728
29289 6741
4017 5116
29289 6669
29289 6500
4017 5256
29289 6481
29289 6522
4017 5053
11656 6542
11656 6545
57597 5055
11656 6373
11656 6806
11656 6404
11656 6494
11656 6490
11656 8146
57597 6505
29289 7225
29289 6687
4017 6529
29289 6362
29289 6682
4017 4989
29289 6564
29289 6502
4017 5156
29289 6617
29289 6839
4017 6617
29289 7540
29289 6462
4017 5128
29289 6430
29289 6593
4017 6319
29289 6512
29289 6675
4017 5045
29289 6504
29289 6791
4017 5106
29289 6412
29289 6532
4017 4995
29289 6382
29289 6596
4017 5301
29289 8064
29289 7136
4017 5381
29289 6505
29289 6386
4017 6118
29289 6402
29289 6455
4017 5197
29289 6680
29289 7218
4017 5308
29289 6521
29289 6741
4017 6498
29289 6472
29289 6668
4017 5268
29289 6532
29289 6877
4017 6772
29289 7050
4017 5130
55388 3866
57597 3770
49125 6724
49125 6931
55388 4966
49125 3685
55388 3742
24669 3746
57316 6622
57316 2808
24669 3744
4017 5018
50097 3833
50097 6041
24669 3889
50097 3954
50097 3806
24669 6397
50097 4946
50097 3796
50097 6107
13306 3702
13306 3885
50097 3652
54407 633
54407 5559
57316 6515
57316 6507
57316 6700
24669 5482
57316 6411
57316 6886
57316 6485
24669 4942
57316 6503
24669 4032
57316 6524
57316 6557
24669 6104
57316 8521
24669 6706
57316 7229
24669 5091
57316 6395
24669 6113
57316 6589
57316 6577
57316 6937
24669 5274
57316 7054
24669 5045
57316 6704
57316 6367
24669 6203
57316 6531
54407 5549
13306 4912
54407 6838
54407 6720
54407 6498
13306 6141
54407 7086
13306 5262
54407 6544
54407 6716
13306 5445
54407 6676
54407 6427
13306 6247
54407 6696
54407 8361
54407 6627
13306 5045
54407 6661
13306 6357
54407 6404
54407 8010
13306 6307
54407 6850
54407 6516
54407 6546
13306 6383
54407 6372
54407 6488
13306 5125
54407 6530
54407 6718
13306 5047
13306 3764
50097 3793
50097 3640
50097 3935
48594 4662
8810 3680
29289 6421
29289 7085
4017 5283
8810 6422
50097 4975
8810 6538
50097 5272
29289 6423
29289 8054
4017 7907
8810 6517
8810 3818
50097 3915
8810 6313
8810 6858
50097 5326
29289 6520
29289 6436
4017 5406
8810 3812
8810 6551
8810 6815
50097 4995
29289 6721
29289 7021
4017 5712
29289 6540
29289 6620
4017 5047
8810 3676
8810 812
50097 3743
8810 6740
8810 6838
50097 5234
29289 3939
4017 5492
8810 3637
8810 4131
50097 4198
8810 6486
8810 6435
50097 6255
8810 6567
8810 6407
50097 6276
8810 6617
54407 5048
24669 3590
50097 3741
8810 3760
4358 3622
8810 3648
24669 6124
24669 4829
50097 3737
50097 6018
50097 3725
24669 3761
50097 6364
24669 3863
24669 3848
55388 6377
57316 3969
57316 6557
57316 3059
24669 5742
57316 13091
57316 6423
57316 6535
24669 5229
57316 6555
57316 6914
57316 6523
24669 4030
57316 6529
57316 6436
57316 6636
24669 5110
57316 6445
57316 6544
24669 5191
57316 6545
57316 6526
57316 6988
24669 5373
57316 6495
57316 6519
57316 6905
24669 4996
57316 6443
24669 6141
57316 6526
57316 6798
24669 5206
57316 6390
57316 6408
24669 5114
57316 8425
57316 6573
24669 4291
57316 6371
57316 6820
24669 6446
57316 6340
57316 6631
57316 6623
24669 5139
57316 6831
24669 4940
57316 6487
57316 6363
24669 5753
57316 6573
57316 6503
24669 6085
57316 6474
57316 6597
24669 5240
49125 6415
57316 6678
57316 6600
57316 6502
49125 6717
24669 5226
55388 3791
49125 6413
49125 6527
49125 6576
49125 6552
55388 6310
57316 7622
57316 6482
57316 6330
24669 5359
49125 6544
49125 6508
49125 6553
55388 5263
49125 6522
49125 6444
55388 5077
49125 6423
55388 6041
49125 6742
49125 6528
49125 6519
55388 5457
49125 6800
55388 5150
49125 6398
49125 6802
55388 4561
49125 6397
49125 6393
49125 6731
55388 6436
49125 6390
49125 6476
49125 6847
55388 5075
49125 6894
49125 7940
49125 6981
55388 4972
49125 6417
49125 6501
49125 6642
55388 5017
49125 6380
49125 6413
49125 7369
55388 5753
49125 6385
55388 6027
49125 6377
49125 6565
49125 7042
55388 5578
49125 6864
55388 5207
49125 6384
49125 6564
55388 6354
49125 6737
49125 6389
49125 6425
55388 6228
49125 6882
55388 6573
49125 6486
57316 6866
57316 6573
57316 6740
24669 5846
57316 7377
57316 6382
57316 6584
24669 6383
57316 6370
57316 6843
57316 6736
24669 5046
57316 6859
57316 6390
57316 6407
57316 6400
24669 4861
8810 3585
8810 4642
8810 4953
57316 6464
57316 6355
57316 6386
24669 4859
8810 6488
8810 297
50097 3683
8810 6436
50097 4241
8810 3755
8810 6374
8810 6728
50097 5080
8810 6430
8810 7898
50097 6320
8810 6399
8810 6658
50097 5059
8810 6386
50097 5704
8810 6398
8810 6347
8810 6636
50097 5058
8810 6675
50097 5007
8810 6424
49125 6354
49125 6381
55388 3821
49125 6933
55388 5223
49125 6434
49125 6531
49125 6780
55388 6585
8810 6361
50097 8005
8810 6388
8810 6434
50097 6222
8810 6414
49125 6818
55388 5227
49125 6416
49125 7839
55388 5989
49125 6586
49125 6420
49125 4870
55388 3608
8810 6475
8810 7102
50097 4903
49125 6871
55388 6578
49125 6516
49125 6404
49125 6397
55388 6161
8810 6421
8810 6417
50097 5147
49125 6813
55388 5499
49125 6430
49125 6760
55388 5032
49125 6459
49125 4778
55388 4936
8810 6374
8810 6933
50097 5177
8810 7153
50097 5010
8810 6458
8810 7004
8810 6439
50097 6298
8810 6460
8810 6455
50097 6281
8810 6970
50097 5234
8810 6441
8810 6372
8810 6400
50097 6040
8810 6380
8810 6983
50097 5199
8810 6469
8810 6715
50097 5713
8810 6971
50097 3748
8810 6375
8810 6636
50097 5033
8810 6422
8810 6758
50097 5559
64638 3607
44995 3618
44995 4728
57597 6319
59160 954
59160 4426
11656 3633
44995 3732
59160 6280
45687 3817
11656 3960
44995 3664
63537 4725
60673 4986
57597 3693
63537 3722
64638 3793
38986 4237
45687 3615
45687 7576
41100 4245
50097 4679
38986 11822
38986 6394
45687 4848
8810 6811
8810 6814
50097 4923
8810 6471
8810 6970
50097 4932
8810 6541
8810 6691
50097 5050
8810 6553
8810 6370
50097 4985
8810 7278
8810 6997
50097 5093
8810 6713
8810 6915
50097 5077
8810 6434
8810 6601
50097 5024
8810 6870
8810 6665
50097 5060
8810 6520
8810 7124
50097 5500
8810 6380
8810 6414
50097 3638
45687 3656
45687 6222
8810 6486
8810 6496
50097 3984
8810 6390
8810 6970
50097 5370
8810 6548
8810 6987
50097 5222
8810 6510
8810 6651
50097 5064
8810 7248
8810 6677
50097 5016
8810 6385
8810 6410
50097 5298
8810 6378
8810 6423
50097 5204
8810 6377
8810 6788
50097 5180
8810 6409
8810 6404
50097 5369
8810 6492
8810 6426
50097 4885
8810 6374
8810 6814
50097 5208
8810 6413
8810 5677
50097 4901
2574 3719
2574 5954
8633 3696
8633 3659
50097 3745
50097 6033
50097 3847
24669 3757
50097 5313
50097 5481
24669 3729
50097 3723
57597 6360
62583 508
62583 3653
62583 6982
2574 5086
62583 7168
62583 6438
62583 6610
2574 5599
62583 6412
2574 5453
62583 6395
62583 6554
2574 4849
62583 6474
62583 6403
62583 6889
2574 5076
62583 6494
62583 3757
2574 3616
55388 4677
10457 3652
10457 5054
10457 3643
11656 3603
28922 3855
1275 4272
57316 6579
57316 6520
57316 6381
57316 6427
24669 5442
57316 5003
57316 6868
24669 4946
57316 6386
57316 6613
24669 4909
57316 6353
57316 6757
24669 5071
57316 6456
57316 6420
57316 6906
24669 4946
57316 6544
57316 6014
24669 5065
49125 6459
49125 3690
55388 3600
10457 3696
8633 4742
10457 4253
10457 332
8633 4882
8633 3669
60800 4351
28922 4597
28922 7051
56706 3791
1275 3694
1275 7108
38986 4577
38986 6896
45687 4990
32375 3752
8810 6869
8810 642
50097 3578
8810 3691
8810 6357
8810 6916
50097 5065
8810 6882
50097 4969
8810 6996
50097 5098
8810 6423
8810 6626
50097 5033
8810 6388
8810 6626
50097 5046
8810 6372
50097 3599
8810 3628
50097 3671
8810 6949
8810 6969
10457 5107
50097 3604
8810 6382
8810 6990
50097 4947
8810 6356
8810 6793
50097 5214
8810 6459
8810 6542
50097 5077
60800 7300
8810 6856
8810 6584
50097 4909
8810 6783
8810 7245
50097 6704
28922 3672
28922 6348
8810 6432
8810 6409
50097 4861
8810 6424
50097 4988
8810 6401
8810 6486
8810 6389
50097 6107
56706 7864
56706 6866
56706 3865
1275 3624
8810 6648
8810 6386
50097 6215
8810 6965
50097 5116
8810 6573
1275 5025
1275 1747
8810 6781
50097 5072
8810 6843
8810 6379
8810 7747
50097 5871
8810 6762
8810 6449
50097 6208
8810 6378
8810 6892
50097 4957
8810 6894
50097 5192
8810 6484
8810 6430
8810 6744
50097 5232
60800 4967
56706 736
8810 6428
8810 6259
50097 4994
8810 6397
8810 6557
50097 6299
8810 6522
8810 7015
50097 5135
8810 6525
8810 6610
50097 5220
8810 6709
8810 4463
50097 3879
8810 6667
8810 6469
51273 5549
50097 3864
32375 3736
56706 3726
32375 7682
8810 6865
8810 7043
50097 5168
8810 6499
8810 6584
50097 5129
11656 6304
8810 7205
8810 8846
50097 7265
8810 6579
8810 6797
50097 6382
8810 6529
8810 6575
50097 4138
8810 6454
8810 6755
50097 5273
1275 4187
8810 6669
8810 6528
50097 7399
8810 6541
8810 6572
50097 4317
8810 6487
8810 6407
50097 5038
8810 6569
8810 6513
50097 4498
8810 6490
8810 7129
50097 5246
8810 6707
8810 6562
50097 5295
8810 6499
8810 7695
50097 6052
8810 8763
8810 6544
50097 5109
8810 6670
8810 6969
50097 5670
8810 6914
8810 6402
50097 6213
8810 6673
8810 6808
50097 6398
57597 5228
8810 6525
8810 7038
50097 5370
8810 6516
8810 6515
50097 5233
8810 6501
8810 6664
50097 4149
8810 6570
8810 6541
50097 5282
8810 6496
8810 6641
50097 5428
8810 6693
8810 6490
50097 4243
8810 8680
50097 7326
8810 6561
50097 4095
8810 6486
8810 6531
50097 5367
8810 6588
8810 7212
50097 5930
8810 6601
8810 7381
50097 7216
8810 6681
8810 6514
50097 5283
8810 6494
8810 6481
50097 5120
8810 6854
8810 6517
50097 5365
8810 6468
8810 6994
50097 5357
8810 6515
8810 6539
50097 5295
60800 6497
8810 6587
8810 6580
50097 4288
8810 8257
8810 6827
50097 5214
8810 6527
8810 7262
50097 5139
8810 6637
8810 7060
50097 5436
8810 6588
8810 6515
50097 5238
8810 6601
8810 6638
50097 4489
8810 6521
8810 6541
50097 5297
51273 9189
51273 6522
32375 5305
8810 6494
8810 7057
50097 5351
8810 6895
50097 5304
8810 6574
8810 7145
50097 5146
8810 6926
8810 8244
50097 6811
8810 6689
8810 6407
50097 3773
8810 7664
8810 6520
50097 5172
32375 3696
32375 3190
8810 6594
8810 6654
8810 6508
50097 4431
8810 6486
8810 7197
50097 5496
8810 6574
50097 3591
24669 3836
2574 6101
2574 4081
2574 3906
2574 3690
28922 3880
2574 6188
2574 3671
2574 3686
2574 3981
2574 6283
2574 3747
8810 9220
8810 6397
8810 6595
50097 5167
8810 6537
50097 4417
8810 6522
8810 6517
50097 5231
62583 4193
8810 6652
8810 6800
8810 6630
50097 5368
62583 3777
8810 6776
50097 5082
8810 6818
8810 6986
50097 5359
8810 6563
62583 5377
8810 7004
50097 5098
8810 6501
8810 6658
50097 5183
8810 6671
8810 6528
8810 7184
50097 5441
62583 3727
8810 8102
8810 6978
50097 5398
8810 7027
50097 5066
8810 6639
8810 6804
8810 6965
50097 5389
62583 6581
8810 6492
8810 6490
62583 6553
50097 5275
2574 4246
8810 6475
62583 6887
62583 7646
62583 6854
50097 5262
2574 3721
62583 6611
62583 6442
2574 3962
8810 6505
8810 6585
8810 6529
50097 5294
8810 6485
50097 5212
62583 6607
62583 4017
2574 4725
8810 7688
8810 6527
8810 6520
50097 6228
62583 6539
62583 6512
62583 6678
2574 5235
62583 6472
62583 4877
2574 3675
8810 6619
50097 3751
8810 6583
8810 6646
50097 5345
8810 6358
8810 6673
8810 6856
50097 5374
8810 6621
8810 6637
62583 6570
62583 6839
50097 5028
2574 3825
8810 6374
50097 3883
62583 6495
62583 6762
2574 5284
62583 8342
62583 5215
2574 4325
62583 6485
62583 6785
2574 5247
8810 6705
8810 6823
50097 5216
8810 6902
8810 7203
50097 5072
8810 6474
8810 7655
50097 6366
8810 6388
8810 6377
8810 6455
50097 6064
8810 6946
8810 4883
50097 4974
8810 6524
50097 6198
8810 6384
8810 7337
50097 5677
8810 6463
8810 6408
50097 4900
8810 6380
8810 6401
8810 7458
8810 6560
50097 6423
8810 6374
8810 6402
8810 6994
50097 5236
8810 6410
8810 6902
50097 4971
44995 5393
44995 3743
57316 6392
57316 6179
57316 3821
24669 4565
57316 4972
24669 3596
63903 3617
51273 3795
51273 4624
56706 6519
56706 3846
1275 4642
51273 5112
32375 4100
59160 3639
59160 6083
44995 3774
51550 3780
7495 3762
48564 3887
2929 4319
15185 3662
51550 5989
7495 3619
7495 7138
51550 5167
15185 4945
2929 3739
15185 7977
15185 6833
15185 6439
15185 6618
15185 6456
15185 3783
7495 3654
2929 7722
2929 6579
2929 6365
2929 6366
2929 751
51550 3602
51550 3764
51550 3695
7495 4620
51550 6357
51550 5073
2929 3785
15185 3601
2929 3725
15185 3614
2929 3654
2929 4170
2929 5980
51550 3578
51550 3661
2929 3757
2929 6044
51550 3628
2929 3618
34355 3660
31048 3760
44995 3731
44995 6397
44995 3635
44995 3625
44995 3751
44995 6057
60987 3659
60987 3646
60987 3736
51550 6015
2574 3699
50097 3788
50097 4696
50097 5166
24669 3707
24669 4767
24669 5093
50097 3628
50097 4783
50097 5120
24669 3717
62583 4762
50097 5471
50097 3762
23391 157
23391 4093
59160 4956
59160 5015
44995 3617
59160 187
59160 4775
59160 5180
44995 3594
2929 3617
43160 4273
1275 6371
1275 3863
57316 3680
57316 6445
24669 6070
57316 6376
57316 6821
57316 6957
24669 5198
57316 6716
24669 5063
57316 6863
24669 4934
57316 6790
24669 4932
57316 6534
24669 5216
57316 6926
24669 5625
57316 6436
57316 6386
57316 6420
24669 5257
57316 6416
24669 5321
57316 6539
57316 6379
57316 6502
24669 6363
57316 6354
57316 6413
24669 5119
57316 6441
57316 6642
24669 5033
57316 6458
57316 6371
57316 6388
24669 4870
57316 6589
24669 6310
57316 6526
57316 6409
24669 5114
57316 6518
57316 6701
24669 6566
57316 6398
57316 7009
57316 6644
24669 6432
2929 3710
57316 6380
57316 6520
24669 6231
57316 6396
57316 6638
24669 5043
57316 6415
57316 6790
57316 6430
57316 7449
24669 5351
57316 6369
57316 6392
57316 7151
57316 6963
24669 4929
57316 6428
57316 6380
57316 6521
57316 6766
24669 5081
57316 6380
57316 6397
24669 6024
57316 6367
57316 6613
24669 4839
57316 6436
57316 7574
24669 5978
57316 6394
57316 6404
24669 5300
26296 4024
43160 3789
43160 7808
59160 6149
44995 3660
56706 3710
56706 3609
2574 3743
23391 3746
60987 3664
23391 6030
57316 6427
57316 6405
24669 4032
57316 6569
57316 6413
57316 3794
24669 3683
8810 3682
8810 6392
50097 6247
8810 6449
8810 6566
50097 6228
8810 6485
8810 6423
8810 6652
50097 4336
8810 7075
50097 5589
8810 6384
8810 6411
50097 4847
26296 3620
8810 6617
50097 5212
8810 6386
8810 6387
50097 6074
8810 6381
50097 4339
8810 6836
8810 6849
50097 4940
26296 7701
26296 6401
26296 3751
43160 3623
8810 6423
50097 6069
8810 6385
8810 6873
50097 5295
8810 6578
50097 6318
8810 6502
8810 7037
50097 5371
8810 6505
8810 6929
8810 6393
50097 6176
8810 6509
8810 6840
8810 6385
50097 6225
8810 6397
8810 6496
8810 7287
50097 5922
8810 6445
50097 6067
8810 6645
8810 7004
50097 5130
8810 6665
50097 5060
8810 6409
8810 6378
50097 6217
51550 3767
8810 6416
50097 4875
8810 6362
8810 6399
50097 6019
8810 6407
50097 4914
8810 6382
8810 6467
50097 6235
43160 4367
43160 3679
8810 6610
50097 4905
43160 6265
8810 6383
8810 7178
50097 5236
8810 7404
50097 5816
8810 6384
8810 6784
50097 5043
8810 6381
8810 6427
8810 6461
50097 5149
8810 6623
50097 5045
8810 6504
8810 6384
50097 6189
8810 6498
8810 6441
8810 6891
50097 5177
8810 6372
50097 3604
8810 6843
50097 5190
8810 7008
50097 5255
8810 6873
8810 6792
50097 5046
8810 6395
50097 3617
8810 6463
50097 6327
8810 6953
50097 4923
8810 6519
8810 6423
50097 6097
8810 6572
50097 6357
8810 6452
50097 5306
8810 6327
8810 6377
50097 6168
8810 6358
8810 6459
8810 6788
50097 5098
8810 6418
50097 6154
8810 7004
50097 5228
8810 6925
50097 5209
8810 6413
8810 6377
8810 6448
50097 6043
8810 6994
50097 6798
8810 6827
8810 6529
50097 5824
8810 6592
50097 5242
8810 6387
8810 6389
50097 6205
8810 6356
8810 6379
8810 6392
50097 4946
8810 6847
50097 6643
8810 6416
8810 6405
50097 5033
8810 6521
8810 6373
8810 7104
50097 6202
8810 6384
50097 3748
8810 6409
8810 6466
50097 6243
8810 6399
8810 6845
8810 6826
50097 5213
8810 7118
8810 6434
50097 6173
8810 6371
8810 6775
50097 5195
8810 6456
50097 6296
8810 6445
8810 6482
8810 6502
50097 6061
60987 4179
8810 6415
8810 6549
8810 6965
50097 4934
8810 6684
8810 6851
8810 6418
50097 6028
8810 6798
8810 6547
8810 6415
50097 5298
8810 6443
8810 6612
8810 6394
50097 4868
26296 4228
26296 3688
43160 4866
26296 5866
43160 3639
26296 3720
26296 3854
43160 4609
8633 5312
10457 3624
56706 6189
44995 4079
44995 6132
26296 3619
59160 3733
59160 3686
59160 6490
44995 4872
1275 3721
10457 4154
10457 7420
8633 6150
10457 6390
10457 6517
8633 6375
10457 6130
10457 6610
8633 5023
10457 6369
10457 6380
8633 6201
10457 5224
8633 3659
10457 3664
13224 4635
54453 5416
8633 3805
34870 6052
34870 3690
10457 3650
23277 3623
23277 3656
23277 3760
23277 6413
34870 6125
23277 6696
23277 3706
34870 8063
34870 4998
10457 3674
10457 4826
8633 5127
10457 3638
10457 3712
8633 3616
8633 3658
23277 3581
10457 3633
8633 6064
8633 6548
8633 6837
10457 3294
10457 3569
10457 3629
10457 3748
10457 4167
10457 6949
8633 6682
10457 6491
10457 6573
8633 6245
10457 6400
10457 5325
8633 3727
8633 4677
10457 4962
49715 3700
35144 3779
48247 4242
32507 3892
31723 3567
58149 3637
1275 6775
44995 3636
44995 6056
63077 3616
60633 3844
56706 3629
59160 3557
59160 3642
44995 3630
56706 6193
59160 6130
26431 3835
39742 3967
1275 3606
44995 3751
61247 4863
40430 4147
26431 5130
26431 5672
3567 5504
39742 4872
39742 7745
15853 3667
61247 3610
61247 6541
40430 7627
40430 6417
40430 6122
26431 3657
3567 7218
3567 6372
3567 5111
39742 4088
26431 3791
39742 6209
15853 7362
15853 6570
15853 6211
61247 3942
61247 3845
60532 3785
32510 3825
40430 6200
26431 6148
3567 4205
39742 3700
15853 6112
40430 6204
61247 4410
58170 3706
26431 3587
16274 3868
44995 3639
44995 6100
59160 2072
44995 4219
59160 4887
26431 3806
44995 4912
61997 3656
26431 3636
26431 6643
61997 7469
61997 6390
61997 6162
26431 4871
26431 3845
61997 6100
26431 6465
61997 3800
61997 6442
61997 7259
26431 5555
61997 6394
61997 6364
61997 6393
61997 6654
26431 6499
61997 6392
61997 7035
26431 5783
61997 6448
61997 6398
26431 4898
61997 6440
61997 6410
26431 6078
61997 6400
61997 6425
26431 6158
21347 3634
44995 3690
44995 6253
59160 3613
61997 6384
61997 6544
26431 6364
61997 6471
61997 6378
26431 4873
61997 6536
61997 6354
26431 5277
61997 6837
61997 6409
26431 6015
61997 6501
61997 6405
26431 6078
61997 6397
61997 6499
26431 4568
61997 6851
44995 6375
39894 3850
39894 80
21347 4594
21347 459
26431 3621
59160 3753
60995 3916
4674 3720
22082 4698
43587 4994
44995 3647
62636 3879
60995 3735
38061 3777
22082 3622
25773 3673
4674 3783
1196 4669
43587 3733
22082 6556
60995 5997
4674 6799
43587 6813
62636 5238
38061 3661
25773 4262
1196 4667
38061 8517
38061 6523
62636 7586
62636 6422
22082 6105
60995 3717
1196 7201
1196 6380
43587 6064
25773 7067
25773 6603
4674 6428
38061 6540
38061 6649
22082 4879
62636 6546
62636 5149
60995 4117
1196 6612
1196 4517
43587 3583
25773 6371
25773 3953
4674 4650
22082 5084
60995 3732
43587 3853
4674 6210
22082 3938
60995 6810
43587 6202
4674 6227
38061 5757
62636 5291
1196 4914
25773 4930
25773 3852
1196 6854
1196 6428
43587 6087
62636 6545
62636 6388
60995 6156
38061 6432
22082 4884
38061 6402
1196 7074
43587 4904
62636 7583
60995 4972
62636 6355
38061 6974
22082 5070
38061 6658
62636 6417
62636 6961
60995 5085
38061 6798
22082 5190
38061 6349
62636 6348
62636 6658
60995 5074
38061 6491
22082 5300
38061 7061
62636 6524
62636 6470
60995 4301
38061 6831
38061 6425
22082 6108
62636 6519
62636 6590
60995 6206
38061 6839
22082 6698
38061 6548
62636 6349
62636 6430
60995 6028
38061 6396
22082 5164
38061 6531
62636 6424
60995 6204
62636 7043
38061 6501
38061 6850
22082 4899
62636 6411
62636 6851
60995 5200
38061 6961
22082 5086
38061 6576
62636 7115
62636 6381
60995 6162
38061 6415
38061 6842
22082 6664
62636 6851
62636 6890
60995 5197
38061 6383
38061 6762
22082 6573
62636 7456
60995 5559
38061 7055
22082 5110
38061 6454
38061 6526
38061 6397
22082 3655
38061 6434
38061 6406
22082 6032
38061 6412
38061 6865
22082 5207
38061 6452
38061 6413
22082 6232
38061 6649
38061 6392
22082 4151
38061 7610
22082 5816
4674 3763
1196 3825
62636 6127
38061 6390
38061 7481
22082 6211
38061 6424
38061 6509
22082 4989
38061 6366
38061 6450
22082 6225
38061 6638
38061 6683
22082 5059
38061 6387
38061 6385
22082 6081
38061 6855
38061 6495
38061 6785
22082 6488
43587 5652
38061 6846
22082 4906
38061 6380
38061 6855
38061 6472
22082 6289
38061 6518
38061 7187
22082 7059
38061 6497
38061 7419
22082 6129
38061 6388
38061 6502
22082 5190
38061 7248
38061 7031
22082 5413
38061 6413
38061 7252
22082 5394
38061 6363
38061 6370
22082 4920
38061 6734
38061 6272
22082 4945
60995 3775
25773 6976
4674 5691
1196 6413
1196 6524
43587 6373
1196 6504
1196 6632
43587 5036
1196 6392
1196 6434
43587 6284
1196 6948
1196 6399
43587 6222
1196 6577
1196 7041
43587 5243
1196 6827
1196 6514
43587 6315
1196 6513
1196 6386
43587 4849
1196 6429
1196 6417
43587 4855
1196 6357
1196 6719
43587 5037
1196 6411
1196 6462
43587 3618
1196 6570
1196 6420
43587 4817
1196 6398
1196 6297
43587 6032
56898 4380
44995 3660
44995 4858
22082 5737
60995 6273
8771 4848
44995 3753
44995 4837
44995 5190
44995 4454
4674 6528
59160 3889
59160 3776
59160 6224
59160 492
44995 3748
44995 3583
3693 3625
59160 4740
39490 3729
44875 5115
26431 6361
59128 3689
44875 3643
44875 7106
54421 5042
59128 3644
59128 7372
59128 6438
59128 6826
44875 5056
59128 6384
59128 6687
44875 5163
13486 3835
56898 967
44875 3769
44875 3687
44875 4985
44875 3847
44875 3856
44875 4760
44875 5171
62636 6833
62636 6725
60995 5182
42159 4214
8771 4068
8771 7193
38061 6538
38061 6394
22082 6169
25773 6373
25773 6430
4674 6134
38061 6377
38061 6418
22082 5016
25773 6382
25773 6411
4674 6217
38061 6354
25773 6520
25773 7019
4674 5450
25773 6583
25773 7501
4674 7344
25773 6362
25773 6595
4674 5230
48782 5206
59128 5159
59128 6242
59128 4167
44875 3569
59128 3625
59128 3692
44875 3644
44875 3692
28056 4369
50350 4856
39490 5314
39490 7102
61997 4628
59128 3752
59128 6249
44875 4090
40678 3807
56038 3823
9959 3641
21222 3686
43706 4191
61997 6370
61997 6681
26431 5064
22082 3730
61997 6419
61997 5571
26431 3639
59128 5108
54265 4221
12280 3686
15348 4234
51189 3687
33781 4774
10569 3836
56038 5056
55625 3703
40678 3608
56038 6528
47432 3682
9959 3584
40678 6526
35146 3945
21222 3711
21222 6581
9959 6746
52381 3795
23708 3691
54265 3627
12280 3614
44173 3832
15348 5013
52364 5040
33781 3700
15348 6476
15500 3876
51189 3593
12280 6359
54265 5530
33781 6327
51189 6438
10569 3820
17687 3674
55625 4912
35146 3608
47432 3604
10569 7454
10569 6418
10569 6356
56038 6188
47432 7928
47432 6398
47432 6700
9959 5045
35146 3711
21222 3753
35146 7457
35146 6414
35146 7040
21222 5226
55625 7084
55625 6417
55625 6515
40678 6260
47432 6567
9959 5402
10569 6488
56038 6041
35146 6355
21222 4929
55625 6813
40678 5632
13486 3746
44173 3718
44173 7379
44173 6496
44173 6549
15348 5455
23708 3704
52381 4595
23708 7417
23708 6466
23708 6397
12280 6255
52381 7604
52381 6515
52381 6346
54265 6075
52364 3812
52364 7298
52364 6375
52364 6712
33781 6424
15500 3766
13486 7212
13486 6397
56898 6008
15500 8009
15500 6372
15500 6891
51189 4928
9959 3764
56038 4405
13486 6499
13486 4014
56898 3590
21222 6130
40678 3703
42159 3637
56898 3695
56898 6570
42159 7281
8771 3650
52364 6263
33781 6130
15500 6638
51189 4051
23708 6223
44173 6230
12280 3603
15348 3634
52381 6346
54265 4056
44875 3787
33781 6135
51189 3717
15348 3713
12280 6102
54265 3745
51189 3617
15348 3614
12280 3741
54265 3643
33781 6071
33781 4216
33781 4682
33781 5093
33781 3687
33781 3768
47432 4614
10569 3755
47432 5093
35146 3627
9959 6209
55625 3594
35146 6540
21222 6151
10569 3803
56038 6180
55625 3757
40678 6379
50350 3787
50350 7374
50350 6845
39490 5195
52364 3623
50350 6820
50350 5159
39490 3758
39490 4846
39490 5140
47432 4673
47432 5318
47432 6802
9959 5258
47432 6466
47432 6905
47432 6506
9959 5172
47432 6400
9959 5154
47432 6419
47432 6431
47432 6418
47432 6530
47432 6877
47432 6115
47432 6338
9959 6170
35146 3617
10569 3722
35146 6144
35146 6493
35146 6840
21222 6677
35146 6380
21222 6163
35146 6486
35146 6467
35146 6509
21222 6271
35146 6471
35146 6477
35146 6367
35146 6610
21222 4919
35146 6768
10569 4047
21222 3620
10569 6512
10569 6779
56038 4936
10569 6561
10569 6527
10569 6420
56038 6117
10569 6374
10569 6477
10569 6546
56038 6320
10569 6537
10569 6516
10569 6304
55625 4893
55625 5251
56038 4993
55625 6982
40678 4933
55625 6416
55625 6399
55625 6415
40678 6172
55625 6842
55625 6434
55625 6367
55625 6843
52364 4056
52364 6734
52364 6799
52364 6367
52364 6388
52364 6410
40678 6094
33781 3706
33781 3772
52364 6363
52364 6380
52364 6480
52364 6749
52364 6401
52364 6390
52364 6464
52364 7345
33781 5510
9959 6157
44173 3815
15348 3595
44173 3638
15348 3622
52381 1273
54265 259
15500 4851
51189 835
23708 2571
12280 1381
17079 3917
33781 3786
14006 3683
33781 6188
40678 6630
33781 3729
51895 3817
33781 3726
52364 6363
52364 6461
33781 6330
52364 6380
52364 6394
52364 6404
52364 6374
33781 6165
52364 6533
33781 5066
52364 6512
33781 6292
52364 6516
52364 6419
33781 5173
52364 6550
52364 6472
33781 6246
52364 6383
52364 6817
33781 6605
56038 6618
52364 6360
52364 6443
33781 5173
47432 4936
52364 6456
52364 6516
33781 6357
52364 6378
52364 6527
33781 5319
47432 3591
9959 3571
47432 6157
47432 6404
47432 6472
9959 6294
52364 6450
33781 6145
52364 6538
47432 6504
47432 6869
33781 6470
9959 3991
47432 6861
47432 6397
47432 6407
47432 6489
47432 6381
47432 6810
47432 6410
47432 6712
9959 5461
47432 6405
47432 6413
9959 5002
47432 6533
47432 6852
47432 6485
47432 6416
47432 6197
9959 3719
52364 6431
52364 6484
33781 5026
52364 6428
52364 4924
33781 3610
55625 3618
55625 4726
40678 5119
55625 3837
55625 6673
40678 5063
55625 6846
55625 6356
55625 6648
40678 5942
55625 6411
55625 6390
55625 6423
55625 6624
55625 7253
55625 6408
55625 6525
55625 5169
55625 6217
40678 4986
52364 4108
52364 6744
52364 6508
33781 6314
36535 3796
52364 6606
52364 7025
33781 5082
52364 6364
52364 6391
33781 4980
52364 6419
52364 6540
33781 6097
52364 6519
33781 6141
52364 6422
52364 6852
33781 5184
52364 6385
52364 6492
33781 4785
52364 6501
52364 6409
33781 5071
10569 4376
52364 6528
52364 6411
33781 6104
52364 6478
52364 6454
33781 6079
52364 6364
52364 6417
33781 6053
52364 6383
52364 6394
10569 6126
56038 3614
33781 3573
10569 6293
10569 6410
56038 6197
10569 6831
10569 6417
56038 6074
10569 6353
10569 6451
10569 6443
10569 6388
10569 6487
10569 3767
56038 3917
52364 6371
52364 6966
33781 5136
52364 6928
52364 6446
33781 6186
52364 7082
52364 6557
33781 6206
52364 6415
52364 7470
33781 6201
52364 6385
52364 6414
33781 4833
52364 6393
52364 6706
33781 5361
52364 6403
33781 4956
52364 6395
52364 6843
33781 4939
4674 6266
13486 3627
13486 6152
52364 6449
52364 6394
52364 6397
33781 4877
13486 6409
13486 6380
56898 5410
13486 6396
13486 7093
56898 5551
52364 6454
52364 6367
52364 6505
33781 6189
52364 6361
13486 6395
13486 6397
56898 4823
52364 6376
52364 6228
33781 3707
13486 6425
13486 6402
56898 6033
13486 6389
56898 6111
13486 6410
50350 5171
50350 6319
50350 6373
50350 6773
39490 5103
44995 6198
50350 6389
50350 6505
39490 5077
50350 6589
50350 6786
39490 5468
50350 6549
50350 6959
39490 6655
50350 6779
39490 5461
50350 6407
42159 3696
56898 5155
59160 3626
39490 3809
37542 3754
29721 3764
43706 3643
43706 7015
25773 6638
25773 6441
13486 7261
4674 5519
25773 6375
25773 6432
4674 5080
25773 6435
25773 6476
4674 6313
25773 6369
25773 6382
4674 6196
25773 6385
25773 6733
4674 6527
25773 6359
25773 6805
4674 4984
25773 6846
25773 6848
4674 6624
25773 6428
25773 6449
4674 5450
25773 6783
25773 6846
4674 6665
25773 6497
25773 6717
4674 6404
25773 6417
25773 6403
4674 6050
25773 6492
25773 6390
4674 6113
25773 6425
25773 6637
4674 4953
25773 6828
4674 6642
25773 6384
25773 6580
4674 5431
25773 6372
25773 6560
4674 6356
25773 6679
25773 6772
4674 4964
50350 4257
25773 7063
25773 6416
4674 6201
25773 6525
25773 6536
4674 5181
25773 6393
25773 6548
4674 6108
56898 4415
25773 6378
25773 6727
4674 6507
25773 6797
25773 6419
4674 6213
39490 3608
25773 6722
25773 6430
4674 4204
5129 4193
17079 3628
17079 7037
25773 6857
25773 6697
4674 6510
25773 6404
25773 6362
4674 6182
9227 3777
14006 3639
14006 7646
25773 6380
25773 6388
4674 5328
46090 3741
51895 3599
51895 6860
25773 6452
25773 6975
4674 5095
25773 6480
25773 6373
4674 6181
25773 6356
25773 6571
4674 6327
25773 6404
25773 6655
4674 6389
25773 6582
25773 6404
4674 6140
25773 6481
25773 6494
4674 5053
25773 6523
25773 6552
4674 6369
25773 6765
25773 6403
4674 5120
25773 6586
25773 6958
4674 6479
25773 6546
25773 6785
4674 5202
25773 6394
25773 6862
4674 5547
25773 6380
25773 6965
4674 5216
17418 3795
36535 4040
36535 7015
25773 6844
25773 6411
4674 5314
25773 6449
25773 6948
25773 6779
25773 6849
4674 5210
25773 6800
25773 6913
4674 5175
25773 6475
25773 6689
4674 6486
25773 6901
25773 6394
4674 3636
25773 7344
25773 6410
4674 6256
25773 6413
25773 6548
4674 6351
25773 6736
25773 6559
4674 3750
25773 6347
25773 6966
4674 5424
25773 6519
25773 6828
4674 6403
25773 6825
25773 6624
4674 5150
25773 6429
25773 6401
4674 6239
25773 6363
25773 6702
4674 5074
25773 6357
25773 6433
4674 4876
25773 6391
25773 6637
4674 5038
25773 6823
25773 6425
4674 4993
25773 6889
25773 6713
4674 5413
25773 6480
25773 6903
4674 5100
25773 6564
25773 6738
4674 6460
25773 6370
25773 6504
4674 6168
25773 6381
25773 6726
4674 5258
29721 4006
29721 7745
29721 7240
43706 5341
29721 6838
29721 4804
43706 3660
25773 6521
25773 6383
4674 3683
25773 6531
25773 6428
4674 6221
25773 6380
25773 6378
4674 4916
25773 7023
25773 6392
4674 6109
25773 6577
25773 7047
4674 5269
25773 6490
25773 6398
4674 6036
43706 4756
43706 6300
25773 6520
25773 6386
4674 6127
25773 6373
25773 6727
4674 6548
25773 6558
25773 6474
4674 6218
25773 6391
25773 7077
4674 4941
25773 6397
25773 6963
4674 5045
25773 6515
25773 6418
4674 5313
25773 6469
25773 6909
4674 5336
25773 6841
25773 6472
4674 6261
25773 6429
25773 6440
4674 6244
25773 6389
25773 6413
4674 5040
25773 6653
4674 6456
25773 6521
25773 6410
4674 5880
25773 6506
25773 6386
4674 6176
25773 6359
25773 6419
4674 6213
25773 6839
25773 6628
4674 4917
5129 3586
5129 7970
5129 6361
5129 6809
5129 5601
17079 3629
17079 6206
17079 6357
46090 4372
9227 3820
9227 7667
9227 6407
9227 6386
9227 3859
14006 3609
46090 7212
46090 6461
46090 6360
46090 6653
51895 4296
14006 3674
14006 6262
51895 6208
51895 6160
17418 4056
17418 7390
17418 6510
36535 6064
17418 6716
17418 5186
36535 4868
36535 6022
29721 3631
29721 3967
29721 6416
43706 6267
29721 6390
29721 6408
29721 6372
43706 6081
29721 6902
29721 6612
43706 5016
29721 6708
29721 6506
43706 6353
29721 6367
29721 6720
43706 5044
29721 7784
43706 5876
5129 3645
5129 3908
5129 6569
5129 6377
5129 6889
17079 5255
5129 6596
5129 6702
17079 5218
5129 6843
5129 6508
5129 6384
5129 6420
17079 4928
5129 6371
5129 6773
17079 5186
46090 5242
46090 3870
9227 3558
9227 6306
9227 7126
14006 5910
46090 6407
46090 6676
51895 5048
9227 6465
46090 6440
46090 6392
9227 6552
9227 7032
51895 5413
14006 3673
46090 6365
46090 6403
46090 6383
46090 6454
51895 6118
9227 6581
9227 6515
9227 6507
9227 6731
14006 6526
46090 6397
46090 6676
51895 5119
9227 6951
14006 5170
9227 6442
46090 6394
46090 6787
51895 5481
9227 6880
14006 6632
46090 7064
46090 6549
51895 4992
46090 6437
51895 5127
17418 6176
36535 3717
29721 6164
4674 4048
22082 4800
43706 3700
5129 6261
46090 6200
9227 6247
38061 4977
25773 6439
50998 4198
26431 6196
17079 3770
14006 3592
51895 3632
22082 3715
4674 3608
62003 3845
50998 3741
50998 7169
61997 3752
61997 7002
26431 5230
62003 7572
62003 6809
62003 6876
50998 5776
50998 3735
62003 4832
50998 5358
62003 6254
50998 6092
26431 6278
61997 4994
61997 3801
61997 6817
61997 7159
26431 5698
61997 6189
26431 3763
6813 3603
43434 3959
53349 3749
4859 3873
39984 4825
43748 5219
56198 3698
39008 3706
4230 3822
38274 3601
44875 3720
44875 4885
59128 5103
59128 3664
44875 3704
35706 3690
40927 3918
1531 4289
59128 6051
59272 4113
7049 3700
44875 3591
6734 3812
12370 3666
7049 3755
7049 7001
41043 3717
59272 3612
59272 6870
56204 5424
41662 3862
7351 3788
12370 6047
41043 3740
214 3942
12370 7588
12370 6377
12370 6829
7049 5107
7049 3788
7049 3767
7049 6663
41043 7459
41043 6698
41043 6284
59272 3996
59272 4752
12370 5091
12370 3840
7049 4553
7049 4767
41043 5374
41043 3776
41043 3643
59272 3637
12370 6701
12370 3895
7049 3631
44875 3608
44875 3705
59128 4705
59128 5147
44875 3614
40430 3882
40430 3664
26431 4051
12370 3786
59128 6140
44875 3759
39742 3607
61247 3802
26431 3700
26431 3610
44875 3645
44875 12
44875 3880
44875 3738
44875 4887
59128 5680
59128 4182
44875 4584
44875 3659
44875 6496
59128 3593
59128 3727
59128 3692
59128 3758
44875 3734
59128 4659
59128 5259
44875 4055
40430 3645
26431 4046
3567 6209
15853 4265
15853 3676
39742 3580
61247 3628
61247 4608
3567 5002
39742 3624
59128 3743
44875 3612
44875 4692
44875 5040
44875 3775
44875 3838
44875 4686
44875 5037
44875 3735
59128 4132
59128 5399
59128 4970
59128 4107
44875 3638
59128 3830
59128 3661
44875 3620
24402 3847
59128 6079
59128 3753
44875 4248
19371 5061
24402 3713
24402 6768
19371 5135
44875 3629
44875 3814
59128 3605
59128 3816
44875 3600
19371 8010
19371 6458
19371 6276
24402 5335
24402 5529
24402 3811
24402 6281
44875 3701
44875 3694
44875 6184
19371 3760
19371 3824
19371 5617
19371 5035
24402 3595
24402 3654
59128 4019
59128 3620
44062 3618
19371 3579
49616 3945
44875 4604
59128 5769
19876 3855
15580 3713
59128 6114
44875 3668
44875 3650
44875 4185
59128 6109
35358 3698
44875 3735
44875 4866
56443 5174
59128 3940
64763 3659
59128 3790
59128 3739
44875 3752
45477 4335
3096 3616
3282 4689
49626 3914
7277 5341
12530 4624
19876 3630
19876 7226
59128 3867
44875 4108
44875 6193
59128 4119
41203 3876
45477 3681
45477 6567
44875 3628
44875 3794
44875 6031
59128 3677
59128 3728
59128 3783
44875 3733
12530 4872
12530 5922
19876 3671
19876 4144
19876 6312
59128 6376
59128 3775
44875 3591
44875 5070
44875 5072
44875 3661
44875 4722
59128 1176
59128 3703
44875 4173
41203 3612
41203 4742
45477 4743
59128 5091
44875 3859
44875 5152
59128 5147
59128 3654
35146 3694
35146 3629
21222 3721
59128 6124
44875 3782
59128 3876
44875 5131
44875 5081
47432 3646
47432 3598
9959 3623
59128 3610
59128 3790
21222 1371
9959 5044
9959 3771
8771 3597
55625 3629
55625 3647
40678 3777
10569 3637
10569 3638
56038 4233
47432 4595
35146 4955
9959 3796
21222 4056
59128 3750
44875 3770
12530 4646
19876 5009
12530 3659
12530 3630
12530 6577
19876 5037
12530 3696
42159 4013
8771 3605
44875 4073
44875 6071
44875 3678
44875 3738
59128 3571
59128 3690
59128 4675
44875 5507
19876 5034
41203 3680
19371 775
24402 3694
40678 3613
40678 3610
56038 3207
45477 3736
4002 4007
10569 3642
56038 4013
55625 3689
40678 3624
35765 3606
59128 6075
40341 3822
44875 3727
12530 3744
59128 3759
10180 4590
59128 5292
44875 3609
36535 3596
49775 3762
28711 3825
17418 4517
36535 3974
62003 5010
62003 3629
50998 3690
65378 3656
65378 3666
41831 3609
41831 3636
61997 616
26431 4950
65378 3664
57463 4167
57463 3649
4705 3576
4705 3655
57463 3592
14610 3584
10326 4963
26431 4083
26431 5134
50998 3572
50998 3619
44875 3665
44875 3862
5764 3602
59128 4608
59128 4996
47922 3782
44875 3605
62003 3628
61997 3742
59128 6120
44875 4045
47753 3724
11042 3897
44875 3685
44875 4713
59128 3611
59128 5029
47798 3600
50055 3802
44875 3781
44875 3671
44875 4310
59128 6104
19876 6115
19876 3956
59128 3645
59128 3621
44875 3632
44875 5975
44875 4157
24402 3785
59128 4637
59128 5022
19371 6258
19371 3694
24402 4214
44875 4627
59128 5072
44875 3628
12530 3733
44875 3721
44875 6178
12530 3635
12530 3661
59128 3700
19876 3765
12530 4664
44875 5220
59128 3848
59394 3817
64513 3818
19876 3755
26822 3663
44875 5113
22727 4973
21456 3817
37842 3957
8978 3690
64513 3606
64513 7429
54039 3779
59394 4067
59394 6897
59128 5170
8978 3680
8978 3751
54039 4912
8978 7151
8978 6515
64513 6301
8978 6517
8978 6561
64513 6318
54039 4061
54039 7353
54039 6425
59394 6112
54039 6391
54039 6987
59394 4947
64513 3783
59394 3708
8978 6456
64513 6068
54039 7056
59394 5217
44875 4254
8978 6171
54039 3724
64513 6722
59394 5021
44875 3828
44875 3663
44875 4657
44875 5083
44875 4222
44875 3755
59128 2935
59128 9564
44875 5997
59128 3593
59128 3681
8978 6159
44875 3672
44875 3696
59128 3717
59128 4744
64513 4930
44875 3689
59128 3767
63570 3885
44875 3616
28673 4839
63570 5148
63570 5951
28673 5301
28673 7205
28673 7105
63570 6672
28673 6388
28673 6282
63570 5385
59128 3757
63570 3869
63570 6049
63570 3790
44875 4660
44875 5186
59128 3596
59128 3661
28673 3647
28673 3673
28673 4718
63570 4972
28673 3804
63570 3793
44875 3614
28673 3613
28673 4031
59128 4950
44875 4939
44875 3692
28673 6278
28673 3839
63570 3593
28673 3689
28673 3636
63570 3705
28673 6080
59128 4194
59128 3659
63570 3733
44875 3616
28673 6619
28673 7549
28673 475
63570 3768
28673 6526
28673 6412
63570 6233
28673 6409
28673 6850
63570 6557
28673 6390
28673 4780
63570 3601
44775 5184
34355 3764
34355 3803
28673 6397
28673 6389
28673 6376
28673 6252
63570 3706
28673 6540
28673 5650
63570 4897
28673 6420
28673 6380
63570 6137
31048 1683
31048 3759
28673 6372
31048 6492
34355 5264
31048 6419
31048 6329
34355 5054
31048 6518
31048 6547
34355 6362
31048 6390
31048 6363
31048 6349
31048 6637
34355 4950
31048 6397
31048 6472
31048 6473
31048 6542
34355 4978
31048 6417
31048 6508
31048 6440
31048 6755
34355 4954
31048 6418
31048 6821
34355 5195
31048 6368
31048 6432
34355 3671
31048 8480
31048 6421
34355 6196
31048 6415
31048 6467
34355 3649
31048 6512
31048 1515
34355 5197
63570 3584
44875 5934
44875 3721
34355 3691
34355 5993
59128 3627
59128 3637
44875 3759
44875 3685
44875 6040
31048 6398
31048 6412
31048 6993
34355 5018
31048 6395
31048 6521
31048 6388
31048 6731
31048 4239
34355 4936
31048 6674
59128 6403
40684 3806
31048 6549
31048 6455
31048 6358
31048 6536
31048 6367
34355 4939
31048 6501
31048 6403
31048 4103
34355 3654
31048 6377
31048 6468
34355 6063
31048 6445
31048 6508
34355 6284
31048 6449
31048 3643
34355 3603
31048 6503
34355 3602
31048 6404
31048 6421
34355 6239
31048 6333
31048 6720
34355 6288
31048 6862
31048 7171
31048 6631
34355 4947
31048 6406
31048 6700
34355 4902
31048 6660
31048 6917
34355 5298
31048 6515
34355 6209
31048 6402
31048 6386
31048 7300
34355 5467
31048 6360
31048 6410
31048 6847
31048 6634
34355 4955
31048 6532
31048 6387
34355 5399
31048 6789
31048 6783
31048 6538
31048 6983
59128 5045
59128 3741
34355 4593
44875 4981
31048 6433
31048 6943
31048 6844
34355 5433
59128 3744
31048 6460
31048 6352
31048 6487
31048 6396
31048 6658
31048 6469
31048 6470
31048 6443
34355 6016
31048 6374
31048 6376
31048 6427
31048 6363
31048 6370
31048 6404
31048 6377
31048 7001
34355 5151
6340 5087
31048 6529
31048 6471
31048 6415
31048 6379
31048 3746
34355 3591
44875 3644
44875 6058
28673 7085
28673 6954
63570 4968
28673 6807
28673 6504
63570 3628
28673 6375
28673 6348
28673 6545
28673 7048
63570 6644
59128 3604
59128 3636
59128 6083
44875 3756
38692 3755
6340 3649
6340 7124
28673 6414
28673 7100
63570 5330
44875 3763
44875 3830
28673 7138
59128 4919
38692 3656
59128 3637
38692 3603
59128 6152
44875 5246
38692 5260
44875 3677
44875 6606
63570 4125
6340 3661
4238 3774
44775 3712
44775 7180
33292 5602
40684 3666
40684 6963
59128 5080
59128 3649
38692 4568
44875 4961
28673 6394
28673 6298
63570 3605
28673 6871
28673 6412
63570 5078
28673 6497
28673 6732
63570 5055
28673 6225
33292 3610
33292 7288
33292 6383
33292 6414
33292 6488
40684 6104
40684 4169
40684 3734
40684 6248
63570 4013
59128 5487
44875 5052
44875 3738
59128 3755
28673 7085
28673 6396
63570 6166
33292 3807
33292 6062
40684 3752
40684 3612
28673 6554
28673 6949
63570 5435
59128 4598
33292 5600
33292 3652
40684 3727
28673 6370
28673 6369
28673 6529
28673 6735
63570 5130
44875 3605
28673 6364
28673 7040
63570 5577
28673 6555
28673 6401
63570 6001
28673 6455
28673 7236
63570 5402
4238 3745
4238 7243
44775 3652
34355 3661
34355 3713
34355 6056
28673 6436
28673 6541
63570 6260
34355 4671
34355 5131
28673 3708
28673 6621
28673 6816
63570 5214
28673 6467
28673 6664
63570 5350
34355 3678
28673 6887
63570 5107
28673 6398
28673 6564
63570 5123
28673 6537
28673 6956
63570 5224
33292 3704
28673 6119
34355 4136
34355 6255
34355 5679
34355 3695
34355 3682
34355 3741
34355 6142
34355 4154
34355 3668
34355 3767
34355 4669
34355 5025
34355 3843
34355 3673
31048 3900
31048 6414
31048 6407
31048 6422
31048 6461
31048 6379
31048 6782
34355 5101
31048 6456
31048 6379
31048 6392
31048 6365
31048 6421
34355 4865
31048 6109
34355 3578
63570 3599
31048 6563
34355 5117
31048 6946
31048 6285
34355 3728
34355 3597
31048 6525
34355 6156
31048 6580
34355 6411
31048 6354
34355 6193
31048 6389
34355 4090
31048 6413
34355 6091
31048 6519
31048 6386
31048 6517
31048 6477
31048 6485
31048 6277
34355 3731
31048 3666
31048 4037
34355 3615
31048 6400
31048 6577
31048 6860
34355 4934
31048 6271
31048 3991
34355 3644
31048 6417
34355 5192
31048 6882
31048 6386
31048 6830
34355 4941
31048 3623
34355 3633
31048 6426
31048 6736
34355 5071
31048 6550
31048 6235
34355 4880
31048 5771
31048 6404
31048 6365
31048 6263
34355 5304
31048 6489
31048 6578
34355 6273
59128 4916
34355 3718
34355 6389
34355 3748
34355 3688
34355 3711
34355 4676
34355 5068
34355 3669
34355 3732
44875 3681
44875 6596
31048 3637
31048 6845
31048 6828
31048 4854
31048 6824
31048 7090
34355 5378
31048 6443
31048 6399
31048 6866
34355 5199
31048 6393
31048 2041
34355 3617
31048 6399
34355 4859
31048 6689
31048 6350
31048 2724
34355 3622
31048 6379
31048 6426
31048 6915
34355 5104
31048 6897
34355 5057
31048 3656
31048 3600
44875 4221
31048 6541
31048 6550
31048 6958
34355 5195
31048 6408
31048 6479
31048 6833
34355 6607
31048 4072
34355 3617
59128 3580
31048 3638
31048 6204
59128 5261
31048 6682
34355 3776
31048 6377
31048 6398
31048 6385
31048 884
34355 3614
31048 6426
31048 6543
31048 6520
31048 6779
34355 4932
31048 6382
31048 933
34355 4825
31048 3703
34355 3603
31048 6428
34355 5073
31048 6432
31048 6373
31048 6534
31048 6376
31048 5268
34355 3765
31048 3789
31048 6452
34355 4804
31048 3145
34355 3628
31048 6403
31048 6415
34355 3594
31048 6502
34355 4053
31048 6405
31048 6726
34355 5169
31048 6416
34355 3819
31048 6529
31048 6415
31048 6718
34355 4926
31048 3667
34355 4388
31048 6724
34355 4133
31048 6760
34355 5075
31048 3399
34355 3761
31048 6646
34355 5053
31048 6609
31048 6240
31048 6197
34355 4857
31048 6360
31048 6406
34355 4764
31048 6424
31048 6467
34355 6293
31048 6388
31048 6104
34355 3624
31048 3676
31048 6374
31048 6737
31048 6948
34355 5121
31048 6394
31048 6377
31048 6420
31048 2780
34355 3629
31048 6489
34355 6153
31048 6529
31048 6458
34355 6082
31048 6391
34355 5274
44875 3841
44875 3831
31048 6825
31048 6385
31048 6373
31048 6396
31048 6754
31048 6394
31048 6443
31048 6134
31048 780
34355 4798
31048 6481
31048 6403
31048 6326
34355 4177
31048 6396
31048 6376
31048 6564
31048 6362
31048 6390
31048 8532
34355 6904
31048 6401
31048 6842
31048 6968
34355 5198
31048 6434
31048 6470
31048 6617
34355 5186
31048 6392
34355 6251
31048 6526
34355 3657
31048 6564
31048 3900
34355 3698
31048 6836
34355 6656
31048 6471
31048 6943
34355 4934
31048 6432
34355 6151
31048 6504
31048 6850
31048 6411
31048 6413
34355 6047
31048 6529
31048 6447
31048 2099
34355 5349
34355 4805
31048 6419
31048 6361
31048 6384
34355 5044
31048 6426
31048 6356
34355 3658
31048 6477
31048 6364
31048 6397
31048 6457
31048 6391
31048 6412
31048 3938
34355 3732
31048 6363
31048 6401
34355 4865
31048 6514
31048 6704
31048 6815
31048 6388
31048 6814
31048 6424
34355 6250
31048 6501
31048 6472
34355 6211
31048 1879
31048 6456
31048 6531
31048 6447
31048 6387
31048 6500
31048 6401
31048 6407
34355 6192
31048 6410
31048 6435
31048 6376
31048 6428
31048 7263
31048 6504
31048 6387
31048 6405
31048 6424
34355 6112
31048 6396
31048 6408
31048 6512
31048 6390
31048 6737
31048 6511
31048 6399
31048 6430
34355 5135
31048 6712
31048 6374
31048 6860
31048 6416
31048 6888
31048 6409
31048 6428
31048 6564
34355 6084
4238 5972
31048 6501
31048 6833
31048 6371
31048 3856
44775 3838
34355 3613
59128 3631
59128 3698
63570 6546
28673 6388
28673 6778
28673 5765
63570 5255
4238 4983
28673 3685
63570 3668
28673 6404
28673 7165
63570 6787
28673 6552
28673 3765
63570 3575
28673 6357
28673 6849
63570 5185
28673 6410
28673 7127
63570 6733
28673 6849
44875 5203
59128 3745
63570 3753
44775 3653
28673 3588
34355 6067
34355 4159
34355 3681
34355 3768
34355 4804
34355 5027
34355 3664
34355 3798
34355 4214
34355 6138
34355 3722
34355 4736
34355 5191
34355 3727
34355 3883
34355 6082
34355 3733
59128 3774
34355 6039
34355 3747
34355 4653
34355 5162
34355 3765
34355 4197
34355 3716
34355 6023
34355 3700
34355 3687
34355 3775
34355 6069
34355 3907
34355 3688
34355 6211
34355 3912
34355 3640
34355 6148
34355 3696
34355 3694
34355 4199
34355 4832
44875 4960
44875 3863
49715 3814
49715 5979
31048 3787
59128 3736
59128 3749
31048 3585
31048 6451
34355 5392
31048 6404
31048 6400
31048 6478
34355 6079
31048 7193
31048 6356
31048 6537
31048 6756
34355 4923
31048 6760
31048 6391
31048 6449
34355 6032
31048 6134
34355 3754
31048 6424
34355 5166
31048 6806
34355 5186
31048 6487
31048 6475
31048 6764
34355 5095
31048 6355
31048 6432
34355 6024
31048 6446
31048 6415
31048 6377
31048 6459
34355 6309
31048 6703
34355 6525
31048 6579
31048 6811
31048 6710
34355 6222
31048 7340
31048 6392
31048 6398
31048 6404
31048 6444
31048 6509
31048 6388
34355 5354
31048 6643
34355 5039
31048 6839
31048 6791
31048 6632
31048 6452
31048 6362
31048 6392
31048 6686
31048 6553
34355 6077
31048 6559
31048 6457
31048 6434
31048 6815
31048 6414
31048 6408
31048 6390
31048 6396
34355 6049
31048 6393
31048 6369
31048 6380
31048 7024
31048 6756
31048 6427
31048 6358
31048 6976
34355 5183
31048 6522
31048 6367
31048 6535
31048 6370
31048 6393
31048 6383
31048 6352
31048 6410
31048 6766
34355 5082
31048 6409
31048 6353
31048 6395
31048 6529
31048 6507
31048 6412
31048 6398
31048 6655
34355 4964
31048 6573
31048 6722
31048 6397
31048 6388
31048 6403
31048 6694
31048 6506
31048 7379
34355 5428
31048 6848
31048 6499
31048 6377
31048 6424
31048 6380
31048 4776
28673 6498
28673 6387
31048 6895
34355 5076
63570 3611
31048 6831
31048 6444
31048 6694
31048 6399
31048 6408
31048 6862
31048 6471
31048 7102
34355 4922
31048 6434
31048 6439
31048 6736
28673 6419
31048 6424
28673 6451
31048 6578
31048 6832
34355 4924
63570 4014
31048 6923
31048 6406
31048 6493
31048 6421
31048 6384
31048 6365
31048 6400
31048 6383
31048 6862
34355 5212
31048 6426
31048 6364
31048 6382
31048 7158
31048 6422
31048 6355
31048 6817
31048 6734
34355 5142
31048 6568
31048 6395
31048 6399
31048 6375
31048 6470
31048 6538
31048 6539
34355 6372
31048 6421
31048 6383
31048 6458
35144 1809
35144 3681
31048 6412
31048 6407
31048 6412
31048 6540
31048 6460
34355 6298
31048 6452
31048 4042
28673 6364
35144 6388
28673 5217
35144 6358
35144 6420
35144 6411
35144 6193
35144 7046
34355 5280
49715 3613
63570 3624
31048 6387
31048 6485
31048 6417
31048 6512
31048 6596
31048 6458
31048 6390
31048 6633
34355 4954
31048 6395
31048 6972
35144 6562
31048 3385
35144 6407
35144 6356
31048 6375
31048 6566
34355 6163
49715 4176
31048 6582
31048 6371
31048 6443
31048 6758
31048 6513
31048 6439
31048 6588
31048 6832
31048 6429
34355 4886
31048 3631
31048 6545
31048 6379
31048 6840
31048 6528
31048 6446
31048 6407
31048 6384
31048 6425
34355 4919
31048 6639
31048 6430
31048 7144
31048 6372
31048 6490
31048 6337
31048 6438
31048 6882
34355 4153
31048 6420
31048 6824
31048 6520
31048 5258
31048 6714
31048 6414
31048 6407
31048 6466
31048 6399
34355 6091
31048 6500
31048 6406
31048 6412
31048 6519
31048 6398
31048 6349
31048 6551
31048 6387
31048 6933
34355 4974
31048 6408
31048 6557
31048 6396
31048 6621
31048 6858
31048 7043
31048 6834
31048 6392
34355 5178
31048 6401
31048 6709
31048 6851
31048 6516
31048 6459
31048 6453
31048 6458
31048 6575
34355 6371
31048 6394
31048 6598
31048 6412
31048 6383
31048 6400
31048 6528
31048 6394
31048 6440
34355 4882
31048 6608
31048 6516
31048 6811
31048 6415
31048 6420
31048 6496
31048 6406
31048 6396
34355 6081
31048 6411
31048 7043
31048 6424
31048 6505
31048 6376
31048 6453
31048 6513
31048 6394
31048 6482
34355 6314
31048 6386
31048 6415
31048 6361
31048 6354
31048 6380
31048 6757
31048 6389
31048 6419
34355 6242
31048 6405
31048 6403
31048 6348
31048 6525
31048 6553
31048 6410
31048 6402
31048 6865
34355 5192
31048 6432
31048 6370
31048 6657
31048 6363
31048 6470
31048 7055
31048 6742
31048 6430
34355 6100
31048 6390
31048 6408
31048 6446
31048 6453
31048 7003
31048 6399
31048 6558
31048 6965
34355 5534
31048 6868
31048 6430
31048 6371
31048 6431
31048 6439
31048 6408
31048 6517
31048 6373
31048 6786
34355 5314
31048 6382
31048 6540
31048 6457
31048 6544
31048 6439
31048 6778
31048 6394
31048 6520
34355 6238
31048 7475
31048 6370
31048 6867
31048 6448
31048 6362
31048 6691
31048 6393
31048 6392
34355 5271
59128 4727
31048 6487
31048 6533
31048 6380
31048 6386
31048 6407
31048 6488
31048 6399
31048 6625
44875 4023
34355 3749
44875 3757
44875 3818
34355 6015
59272 3622
49210 6182
59128 3632
59128 3744
44875 3614
44875 3705
44875 6186
31048 6512
31048 6417
34355 6159
31048 7335
31048 6407
31048 6401
31048 6489
31048 6831
34355 4878
31048 3651
34355 4044
59128 3610
59128 3680
28673 1330
63570 4254
44875 4733
937 5133
49210 3617
59128 6246
44875 3674
44875 3718
41043 4755
59272 3616
59128 4939
59128 4072
45653 3712
5629 3812
44875 3640
34355 3669
34355 4754
34355 5035
34355 3723
34355 3898
34355 5357
34355 5059
34355 3849
34355 3721
34355 3768
34355 6224
34355 3708
34355 3717
34355 3661
34355 4698
34355 5067
34355 3655
34355 3845
34355 3674
34355 6037
34355 3666
34355 4142
34355 3684
34355 4687
34355 5117
34355 3731
34355 3679
34355 4668
34355 5049
34355 3692
34355 3732
34355 3707
34355 4767
34355 4937
34355 3761
34355 3682
34355 3690
34355 6705
34355 3713
34355 3791
34355 3874
34355 5997
34355 3785
34355 3664
34355 3734
34355 4790
34355 5739
34355 3859
13224 6675
34355 4703
31048 601
31048 6357
31048 6425
34355 6200
31048 7214
31048 6547
31048 6518
31048 6421
34355 5382
31048 6412
31048 6345
34355 9818
31048 3645
31048 6443
34355 5318
31048 6477
31048 6377
31048 6413
34355 4847
31048 7408
34355 6729
31048 6393
31048 6245
34355 3766
31048 3659
31048 6614
34355 5047
31048 6505
31048 6391
31048 6758
31048 6530
31048 6568
31048 6353
34355 6147
31048 3671
31048 6409
31048 6421
31048 6431
34355 5436
31048 2533
34355 3761
31048 4597
31048 1954
31048 6407
31048 6497
34355 6102
31048 6514
34355 6339
31048 1473
34355 3621
31048 6415
31048 7166
31048 6401
34355 6243
31048 6633
31048 6406
31048 6864
34355 5049
31048 4651
31048 6476
31048 6440
34355 5459
31048 6791
34355 5206
31048 6419
31048 3731
34355 4652
31048 6564
31048 6592
31048 6411
34355 6143
31048 6540
31048 6472
31048 6561
31048 6915
34355 4935
31048 6402
31048 4808
34355 5478
31048 3659
34355 3644
31048 6967
34355 5079
31048 6551
31048 6438
31048 6372
31048 6863
34355 5139
31048 6432
34355 6127
31048 6776
31048 6371
31048 6395
31048 6343
31048 6767
34355 5596
31048 6440
31048 6627
34355 5277
31048 6411
34355 6119
31048 6418
34355 3616
31048 6387
31048 6390
31048 6690
34355 4987
31048 6385
31048 6398
31048 6790
31048 6717
34355 6557
31048 6987
34355 5108
31048 6576
31048 6458
31048 6736
34355 5544
31048 6470
31048 6441
31048 6422
31048 6354
31048 6425
31048 6478
34355 6157
31048 1603
34355 3609
31048 6420
34355 5221
31048 6416
31048 6415
31048 6403
31048 4795
31048 3678
31048 6375
31048 6409
31048 6483
31048 6437
31048 6470
34355 6250
31048 6003
34355 4294
31048 6372
31048 6441
31048 6402
31048 6458
31048 6384
31048 6091
31048 6545
31048 6659
31048 6957
34355 5108
31048 6845
31048 6435
31048 6560
31048 6409
31048 6467
31048 6359
31048 6428
31048 6901
34355 5182
31048 6376
31048 6475
31048 6437
31048 6563
31048 6413
31048 6381
31048 6511
31048 6717
34355 6383
31048 6483
31048 6996
31048 7113
31048 6587
31048 6390
31048 6380
31048 6370
31048 6300
34355 5182
31048 6421
34355 5385
31048 6418
31048 6362
31048 7496
34355 5689
31048 6443
31048 6665
34355 5052
31048 3654
34355 3608
31048 6814
34355 5192
31048 6388
31048 6781
31048 5191
34355 3700
31048 4998
34355 3633
31048 6386
31048 6832
31048 6435
34355 6157
31048 7432
34355 5595
31048 3727
31048 6879
34355 5077
31048 6396
31048 6960
34355 5089
31048 6448
31048 6659
34355 5172
31048 4936
31048 6420
31048 6460
31048 6371
31048 6567
34355 5217
31048 6369
34355 5454
31048 6402
31048 6383
31048 6420
31048 6374
31048 6452
31048 6448
31048 6273
34355 3676
31048 3634
34355 3605
31048 6375
31048 6338
31048 6412
34355 5050
31048 7011
31048 6613
31048 3977
31048 6379
31048 6666
31048 6355
31048 6521
31048 6532
31048 7349
34355 5746
31048 6392
31048 6541
31048 6405
34355 4897
31048 6502
31048 6431
31048 6406
31048 6475
34355 6310
31048 6513
31048 6501
31048 6368
31048 6405
31048 6420
31048 5246
31048 6532
31048 6369
31048 6871
34355 5191
31048 6422
31048 6493
31048 7111
31048 6617
31048 6396
31048 6384
31048 6390
31048 6965
34355 5075
31048 6401
31048 6455
31048 6390
31048 6408
31048 6820
31048 6374
31048 6383
31048 6536
34355 6245
31048 6484
31048 6561
31048 6528
31048 6400
31048 6343
31048 6404
31048 6495
34355 5012
44875 3650
31048 6562
31048 6499
31048 6407
31048 6387
31048 6414
31048 6860
31048 6857
31048 6367
34355 6058
31048 6400
31048 6522
31048 7211
31048 6467
31048 6408
31048 6369
31048 6417
31048 6820
34355 5218
44875 5121
44875 3804
31048 6459
31048 6376
31048 6389
31048 6426
31048 6518
31048 6399
31048 6488
31048 6383
34355 6203
31048 6449
31048 6356
31048 6539
31048 6422
31048 6458
31048 6427
31048 6544
31048 6630
34355 4941
31048 7020
31048 6409
31048 6547
31048 6422
31048 6347
31048 6501
31048 6390
31048 6671
34355 5739
31048 6417
31048 6514
31048 6520
31048 6371
31048 6355
31048 6360
31048 6456
31048 6427
34355 6198
31048 6386
31048 6342
31048 6403
31048 6490
31048 6533
31048 6405
31048 6612
34355 6311
31048 6538
31048 6417
31048 6497
31048 6368
31048 6398
31048 7645
31048 6486
31048 6368
31048 6425
34355 6116
31048 6419
31048 6391
31048 6358
31048 6380
31048 6407
31048 6360
31048 6362
31048 6751
34355 5165
31048 6484
31048 6418
31048 6383
31048 6392
31048 6402
31048 6360
31048 6399
31048 6599
34355 5124
59128 3599
59128 3752
54453 6666
59128 4888
44875 5015
44875 3632
44875 3741
63570 4743
63570 5114
59128 4371
59128 3657
13224 3601
44875 3621
44875 4612
44875 5159
3317 3616
59128 3771
44875 4776
44875 5022
59128 3579
59128 3759
27852 3652
47108 3691
32186 4659
32186 5057
54403 3740
32186 3557
54403 3620
54403 3602
59128 3586
59128 3799
44875 3739
39595 3803
32186 4707
28673 867
59128 3878
44875 3894
44875 6136
59128 3612
59128 3693
59128 4472
44875 4753
44875 5011
44875 3730
59128 3777
59128 4727
44875 5014
44875 3711
44875 3820
59128 3676
44875 3614
59128 6907
44875 3788
44875 4733
59128 5044
44875 4070
44875 3674
44875 4821
28673 4559
63570 3601
59128 3663
59128 3622
59128 3779
59128 4127
44875 4616
59128 5076
44875 3659
44875 3725
59128 4616
59128 3733
59128 5740
44875 3627
44875 3813
44875 6214
27606 483
5987 3675
59128 3598
59128 3683
59128 4737
44875 4948
44875 3691
44875 3818
59128 4686
44875 4999
44875 3797
59128 3731
59128 3632
59128 6215
44875 3586
44875 3727
44875 4708
59128 5121
44875 3592
44875 3796
44875 6103
59128 3707
5987 3593
5987 3719
31723 6276
31723 6391
59128 4047
59128 4256
44875 3749
59128 3745
59128 3638
59128 6115
44875 3604
44875 3628
44875 3723
59128 4461
59128 4621
27606 4941
5987 3629
63077 3586
63077 6197
59128 3737
44875 3651
44875 4709
44875 5076
59128 3764
44875 4707
44875 5184
59128 3757
59128 4670
44875 5072
44875 3751
44875 3726
31723 3611
59128 3732
59128 3634
34355 6026
34355 3646
34355 3720
34355 4347
34355 6141
34355 3687
34355 4118
59128 3633
59128 3663
44875 3639
34355 4645
34355 5534
34355 3679
34355 3621
34355 4689
34355 5214
34355 3713
34355 3749
34355 6095
34355 3694
34355 3758
34355 3662
34355 4713
34355 5107
34355 4149
34355 3645
34355 4795
34355 5053
34355 3707
34355 3703
34355 6027
59128 6218
44875 3664
44875 4210
31048 4117
31048 6379
34355 5329
31048 7047
31048 6536
31048 6375
31048 6508
31048 6420
31048 6301
34355 4794
31048 4655
34355 3665
31048 6369
31048 6423
31048 6806
31048 6361
31048 6426
31048 2435
34355 3620
31048 5976
34355 3622
31048 6411
31048 6417
34355 6259
31048 6409
31048 6392
31048 6397
34355 6155
31048 6602
34355 3748
31048 5589
31048 6443
31048 6372
31048 6522
31048 6477
34355 6304
31048 6861
34355 4946
31048 6491
31048 6434
31048 3744
34355 3611
31048 3653
34355 3602
31048 6387
34355 4830
31048 6431
31048 6383
31048 4969
34355 3640
31048 3791
34355 3670
31048 6436
34355 6091
31048 6547
31048 6406
31048 6410
31048 6881
31048 4556
34355 3679
31048 7833
31048 6404
31048 6832
34355 4917
31048 6412
31048 6471
31048 6261
34355 5423
31048 6433
34355 5411
31048 6656
31048 6382
34355 6089
31048 6443
31048 6429
31048 6669
34355 5035
31048 5156
31048 3780
34355 3607
31048 6506
31048 7135
31048 6379
31048 6366
31048 6442
31048 6455
31048 6384
34355 4937
31048 3647
34355 3751
31048 6427
34355 4254
31048 7099
31048 6539
31048 6383
31048 6360
31048 2572
31048 6381
31048 6550
31048 6378
34355 4888
31048 6512
31048 5041
31048 6393
31048 6369
31048 6409
31048 6391
31048 6369
31048 6416
31048 7168
34355 5177
31048 3655
31048 6509
31048 6373
31048 6453
31048 6400
31048 6480
31048 6410
31048 4474
31048 3725
31048 6353
31048 6431
34355 5135
31048 7496
31048 6655
31048 6847
31048 6504
31048 6121
31048 6354
31048 6373
31048 6586
31048 6858
34355 4922
31048 6867
31048 7382
31048 6557
31048 6383
31048 6399
31048 6839
31048 6390
31048 6646
34355 5030
31048 6570
31048 6718
31048 6523
31048 6363
31048 6424
31048 6354
31048 7067
34355 5587
31048 6409
31048 6504
31048 7154
31048 6412
31048 6589
31048 6370
31048 6821
31048 6558
34355 6452
31048 6542
31048 6213
31048 6540
31048 6357
31048 6549
31048 6385
31048 6400
31048 6370
31048 6458
34355 6114
31048 6502
31048 6472
31048 6402
31048 6817
31048 6360
31048 6557
31048 6401
31048 6463
34355 5263
31048 6300
31048 6722
31048 6359
31048 6386
31048 6360
31048 6410
31048 7001
31048 6429
31048 6541
34355 6327
31048 6500
31048 6343
31048 6377
31048 6688
31048 7104
31048 6391
31048 6411
31048 6842
31048 6959
34355 5197
31048 6406
31048 6409
31048 6747
31048 6605
31048 6503
31048 6520
31048 6418
31048 6523
34355 5047
59128 3628
59128 3748
31048 6390
31048 6474
31048 8686
31048 6496
31048 6357
31048 6387
31048 6420
31048 7004
34355 6566
31048 6465
31048 6832
31048 6559
31048 6573
31048 6392
31048 6422
31048 6452
31048 6513
34355 4843
31048 6416
31048 6472
31048 6425
31048 6844
31048 6523
31048 6389
31048 6498
31048 6801
34355 5082
31048 6844
31048 6377
31048 6362
31048 6369
31048 6361
31048 6430
31048 6506
31048 6829
34355 4905
31048 6533
31048 6388
31048 6815
31048 7044
31048 6481
31048 6512
31048 6635
31048 6798
31048 6990
34355 4986
31048 6634
31048 6840
31048 6495
31048 6555
31048 6405
31048 6487
31048 6543
31048 6430
34355 4851
31048 6501
31048 6400
31048 6530
31048 6817
31048 6379
31048 6380
31048 6398
31048 6721
34355 6538
31048 6385
31048 6423
31048 6745
31048 6356
31048 6358
31048 6391
31048 6523
31048 7083
34355 5617
31048 6621
31048 6408
31048 6772
31048 6605
31048 6554
31048 6388
31048 6492
31048 6428
34355 5023
31048 6648
31048 6382
31048 6377
31048 6527
31048 6383
31048 6391
31048 7015
31048 6362
31048 6670
34355 5080
31048 6399
31048 6526
31048 6405
31048 6361
31048 6369
31048 6447
31048 6422
31048 6539
34355 6199
31048 6551
31048 6394
31048 10053
31048 6523
31048 6556
31048 6516
31048 6580
31048 6846
34355 5561
31048 6484
31048 6437
31048 6608
31048 6419
31048 6354
31048 6515
31048 6417
31048 6495
34355 5042
31048 6510
31048 6414
31048 6602
31048 6372
31048 6526
31048 6569
31048 6429
31048 6918
34355 4980
31048 6416
31048 6366
31048 6523
31048 6370
31048 6407
31048 6632
31048 6459
31048 7583
31048 7616
34355 6160
31048 6398
31048 6396
31048 6447
31048 6518
31048 6499
31048 6512
31048 6424
31048 6488
34355 6278
31048 7212
31048 6413
31048 6417
31048 6412
31048 6376
31048 6561
31048 6588
31048 6391
34355 4992
31048 6352
31048 6381
31048 6711
31048 6560
31048 6881
31048 6364
31048 6498
31048 7228
34355 4942
31048 6649
31048 6447
31048 8275
31048 6689
31048 6501
31048 6764
31048 6367
31048 6408
34355 3703
31048 6543
31048 6619
31048 6864
31048 6369
31048 6421
31048 6918
31048 6578
31048 6495
34355 5022
31048 6515
31048 6512
31048 6844
31048 6546
31048 6401
31048 6659
31048 6538
31048 6462
31048 6563
34355 5051
31048 6441
31048 6388
31048 6708
31048 6410
31048 6458
31048 6537
31048 37799
31048 6987
34355 4961
31048 6653
31048 6463
31048 6383
31048 6425
31048 6384
31048 6397
31048 6675
31048 6533
34355 5016
31048 6380
31048 6556
31048 6352
31048 6445
31048 6874
31048 6377
31048 6397
31048 6431
34355 5142
31048 6481
31048 6566
31048 6382
31048 6412
31048 6577
31048 6373
31048 6379
31048 6372
34355 4859
31048 6375
31048 6394
31048 7935
31048 6560
31048 6506
31048 6505
31048 6383
31048 6411
31048 6516
34355 6212
59128 4729
31048 6892
31048 6809
34355 4918
44875 3656
44875 6274
44875 3685
59128 3796
59128 6266
44875 5183
44875 3653
44875 3708
59128 3754
59128 4688
44875 3905
38418 5411
44084 3632
49376 3832
59128 3742
44875 6246
44875 3705
65055 3991
59128 3603
59128 3711
59128 7584
44875 5500
44875 3806
44875 3728
44875 3642
59128 3755
44875 4702
44875 5173
59128 3598
59128 4215
44875 3626
48850 3629
21233 3946
59128 6235
44875 3822
44875 3756
19263 3614
59128 4585
59128 5036
51468 3879
59128 3876
44875 3678
44875 6136
44875 4195
60673 4863
60673 5102
63570 6342
59128 4837
59128 3683
59128 6120
44875 4759
44875 3764
44875 4198
41100 1839
41100 5277
41100 6412
41100 6374
41100 6215
60673 4884
41100 6525
41100 6361
41100 6404
41100 6370
41100 6639
41100 6416
41100 6810
60673 6566
41100 6544
41100 6394
41100 6380
60673 4868
41100 6481
41100 6674
41100 6538
60673 6340
41100 6390
41100 6886
60673 5246
41100 6402
41100 6427
41100 6148
60673 5357
41100 5159
59128 3744
59128 3697
28673 3725
60673 3616
44875 3597
60673 6134
41100 6825
41100 6785
60673 5050
41100 6386
41100 6521
41100 6492
60673 6280
41100 6382
60673 5196
41100 6958
41100 6417
60673 3592
41100 6549
41100 6447
60673 6076
41100 6310
59128 5051
44875 4099
44875 4840
60673 4988
59128 3651
59128 4097
28673 6374
28673 119
63570 4303
44875 4595
59128 5111
44875 3629
44875 4738
59128 5065
59128 4065
44875 3639
63570 4796
45477 3756
31723 6277
31723 6567
22836 6226
63570 3709
63570 3704
36302 3817
59128 6179
44875 3646
44875 3713
59128 6133
44875 3668
44875 4869
28673 4967
59128 261
59128 3756
44875 3681
34355 3687
63570 6379
40684 6447
40684 6517
40684 4552
28673 3621
28673 4592
63077 61
63077 279
31723 3722
59128 3893
44875 3618
44875 6005
31048 2588
34355 3635
60673 3718
40684 3699
59128 4639
59128 4992
59128 3790
44875 3771
44875 3665
44875 6485
59128 3751
44875 3748
44875 6112
44875 3747
9218 3682
28673 3639
41100 6699
41100 6397
41100 6805
60673 5199
41100 7069
41100 6664
60673 5181
41100 6410
60673 4049
41100 6380
41100 6419
60673 6075
41100 6452
41100 6613
60673 4916
41100 6414
41100 6753
41100 6371
41100 6881
60673 4924
41100 6478
41100 6665
41100 6389
41100 6226
60673 5165
59128 3638
59128 3612
59128 3784
44875 3786
33292 3638
40684 6500
33292 3631
51873 3818
33292 3639
33292 3606
33292 3648
33292 1299
40684 3642
33292 3763
33292 3665
40684 3559
33292 6160
33292 3687
40684 3655
57855 3770
28673 6399
28673 6205
28673 3644
63570 3589
59128 6266
44875 3678
44875 4723
41203 5402
45477 3704
59128 3600
33292 3594
33292 3634
28673 6358
28673 3851
33292 6149
63570 3591
33292 3732
40684 3782
55669 4797
44875 3617
28673 6298
28673 4167
63570 3607
26920 3604
37116 4792
59128 5121
44875 3629
44875 6039
59128 3879
44875 4482
44875 6099
59128 3695
59128 3731
59128 3657
44875 3581
59128 6184
44875 3752
44875 3718
59128 4035
59128 3795
44875 4678
59128 5236
44875 3664
44875 6085
59128 3738
44875 3678
44875 4845
59128 2270
59128 3771
44875 3726
59128 3642
63570 6166
63570 4290
40684 6148
44875 3680
44875 4722
59128 1962
59128 3636
44875 3670
44875 4672
44875 5040
42293 4034
28673 4070
28673 3610
7631 3867
59128 3745
59128 6116
44875 3628
44875 3743
44875 4758
33292 5025
33292 3759
40684 3584
59128 3623
59128 3667
44875 3559
59128 6151
44875 3785
44875 6069
59128 3786
13783 3814
59128 4765
44875 3717
44875 5388
44875 3817
59128 3630
59128 4113
28673 599
63570 3812
28673 6398
28673 6296
63570 4972
28673 4614
59128 4923
44875 3600
51670 3819
48028 3609
63570 3604
8310 3822
13783 3602
13783 7305
59128 6115
44875 3624
44875 3709
64180 3761
59128 3628
7915 4646
45175 5153
51670 4013
51670 6905
40684 3676
40684 6380
40684 6840
40684 6809
40684 6567
40684 6990
13542 5353
44875 3602
8310 3650
8310 4580
8310 9759
8310 6387
8310 6396
8310 6492
13783 3665
13783 3726
13783 6151
8310 6440
13783 4065
45175 3680
45175 4642
45175 7219
45175 6508
45175 6432
45175 6595
51670 6394
51670 3742
33292 3728
40684 6481
33292 984
33292 3713
33292 3582
40684 6524
33292 828
40684 6410
33292 1925
33292 3660
40684 6472
41662 245
56204 748
45175 7053
51670 5324
59128 6139
41662 3620
8310 3666
8310 6252
13783 3787
44875 3583
8310 6272
13783 3950
45175 3678
33292 3626
33292 3751
33292 3664
33292 2382
33292 5074
40684 3614
33292 3581
33292 3616
33292 175
33292 7215
40684 3639
34921 3718
40042 3596
29800 3606
38986 3654
38986 3734
45687 3656
51670 3609
50478 4878
13611 5152
42282 3677
59128 3776
11656 1050
57597 4987
44875 3626
60800 4052
60800 3628
28922 3716
49715 3663
49715 6115
49715 3697
49715 5141
49715 6303
49715 3829
35144 3637
35144 6420
35144 1604
49715 3577
35144 6564
49715 5792
35144 6561
49715 5205
35144 6382
35144 6445
49715 5995
35144 6415
35144 6878
49715 6615
35144 6400
35144 6841
35144 6899
35144 3760
49715 3646
35144 6697
35144 6408
49715 4846
35144 6576
35144 6827
35144 6391
49715 6006
35144 6399
35144 6596
49715 5019
35144 7079
49715 5093
35144 6410
35144 6373
35144 6416
35144 6742
49715 5158
35144 6839
49715 5523
35144 6414
35144 6425
49715 6119
35144 6372
49715 6081
35144 6676
35144 6546
35144 6483
35144 763
49715 3721
35144 6345
35144 871
49715 3704
35144 6563
35144 2422
49715 3610
35144 6576
35144 6386
35144 6351
35144 6509
35144 6784
49715 5191
35144 7087
49715 5074
35144 6380
35144 6387
35144 7006
35144 6911
35144 6367
35144 3757
35144 6400
35144 6383
35144 6843
49715 4915
35144 7075
35144 6437
35144 6402
35144 6498
35144 6613
35144 6415
35144 6645
35144 6559
35144 6401
49715 6181
35144 6408
35144 6824
35144 6487
35144 6375
35144 6597
35144 6415
35144 6735
49715 5075
35144 6424
35144 6422
35144 6457
35144 6354
35144 6433
35144 6960
35144 6790
35144 6841
49715 6649
60274 4008
35144 6796
35144 6379
35144 6485
35144 6415
35144 6843
35144 6551
35144 6395
35144 6430
49715 6068
35144 6488
35144 6498
35144 6563
35144 6416
35144 6709
35144 6513
35144 6383
35144 6436
49715 6196
35144 6526
35144 6461
35144 6876
35144 6455
35144 6426
35144 6515
35144 6405
35144 6821
35144 6888
49715 5235
63570 4279
35144 6380
35144 6399
35144 6957
35144 6401
35144 6554
35144 6371
35144 6481
35144 6588
49715 4996
35144 6391
35144 6480
35144 6468
35144 6567
35144 6795
35144 6354
35144 6420
35144 6840
49715 5199
35144 6389
35144 6385
35144 6364
35144 6831
35144 6393
35144 6377
35144 6397
49715 4859
35144 6480
35144 6464
35144 6390
35144 6548
35144 6995
35144 6374
35144 6376
35144 6382
49715 6186
35144 6378
35144 6364
35144 6426
35144 6424
35144 6872
35144 6836
35144 6390
35144 6379
49715 6036
35144 6369
35144 6476
35144 6405
35144 6829
35144 6394
35144 6412
35144 6518
35144 6335
35144 6897
49715 5176
35144 6744
35144 6385
35144 6411
35144 6425
35144 6348
35144 6871
35144 6369
35144 7736
49715 5942
35144 6905
35144 6432
35144 6380
35144 6699
35144 6345
35144 6499
35144 6389
35144 6447
49715 6242
35144 6358
35144 6494
35144 6825
35144 6394
35144 6548
35144 6390
35144 6551
35144 6907
49715 5080
35144 6487
35144 6435
35144 6411
35144 6391
35144 6398
35144 6545
35144 6505
35144 6818
49715 5741
35144 6503
35144 6376
35144 6366
35144 6353
35144 6443
35144 7327
35144 6372
35144 6415
35144 6792
49715 5124
35144 6374
35144 6380
35144 6416
35144 6333
35144 6357
35144 6395
35144 6403
35144 6389
49715 5132
35144 6605
35144 6443
35144 6400
35144 6406
35144 6502
35144 6463
35144 6362
35144 6863
49715 5399
35144 6423
35144 6759
35144 6715
35144 6552
35144 6446
35144 6378
35144 6415
49715 6206
35144 7485
35144 6425
35144 6409
35144 6515
35144 7021
49715 5045
49715 4728
49715 6246
47079 3761
49715 3691
51273 4925
51273 3718
32375 3605
49715 6023
49715 3670
35144 3703
35144 6457
35144 6687
35144 1592
49715 3757
35144 6472
35144 6367
35144 6437
49715 4859
35144 6739
49715 6332
35144 6861
35144 6382
35144 6755
35144 6410
49715 4316
35144 7450
35144 6385
35144 6398
35144 5183
49715 3596
35144 6373
35144 6437
49715 5248
35144 6359
35144 6643
49715 5060
35144 6378
35144 6590
35144 6438
35144 6993
49715 5351
35144 6410
35144 6392
49715 5244
35144 6504
35144 5206
49715 3611
35144 6744
49715 6363
35144 6541
35144 6442
49715 5091
35144 6549
35144 6378
35144 6408
35144 6391
35144 6430
35144 7285
35144 6386
35144 6484
49715 6339
35144 6382
35144 3636
49715 4389
35144 6593
35144 911
49715 4965
49715 3685
49715 3661
49715 6186
35144 6833
35144 6966
49715 4925
35144 3739
9048 4289
28673 3603
49715 4152
35144 6407
35144 6385
35144 6435
35144 6384
35144 6547
49715 4313
35144 6533
49715 6120
35144 3774
49715 6430
43184 3936
35144 7414
35144 6368
35144 6167
49715 3765
35144 6539
35144 3720
49715 3662
35144 3737
35144 6514
49715 5406
35144 6380
35144 6463
35144 6388
35144 5249
49715 5990
35144 6513
35144 6530
35144 6404
49715 6211
35144 6388
35144 6366
35144 6411
49715 4866
35144 6412
35144 6496
49715 5345
35144 6996
49715 4950
35144 6429
35144 3860
49715 3645
35144 7035
35144 6399
35144 7572
49715 5259
35144 6523
35144 6535
35144 6384
35144 6429
35144 6688
35144 6428
35144 6376
35144 6963
49715 4946
35144 6386
35144 6824
35144 6404
35144 6514
35144 6426
35144 6551
49715 6372
35144 6345
35144 6408
35144 6474
35144 6833
35144 6413
35144 6494
35144 6622
35144 6464
35144 6427
49715 6274
35144 7770
35144 6462
35144 6383
35144 6402
35144 6803
35144 6369
35144 6498
35144 6960
49715 6696
35144 6361
35144 6411
35144 6390
35144 6396
35144 6392
35144 6435
35144 6396
35144 6349
49715 5063
35144 6395
35144 6449
35144 6583
35144 6404
35144 6391
35144 6374
35144 6380
35144 6964
35144 6385
49715 3755
35144 6382
35144 6581
35144 7340
35144 6511
35144 7413
35144 6885
35144 6514
35144 6429
49715 6164
35144 6565
35144 6421
35144 6428
35144 6474
35144 6670
35144 6632
35144 6383
35144 6806
49715 5198
35144 6423
35144 6462
35144 6392
35144 6448
35144 6467
35144 6400
35144 6782
49715 5061
35144 6436
35144 6472
35144 6390
35144 6369
35144 6427
35144 6510
35144 6491
35144 6380
49715 5094
35144 7153
35144 6382
35144 6486
35144 6503
35144 6370
35144 6383
35144 6460
35144 6580
35144 6423
49715 4977
28673 6409
28673 6416
63570 6246
28673 3647
28673 3633
63570 3742
35144 1444
49715 4087
35144 6530
35144 6523
49715 6136
35144 6550
35144 6439
35144 6517
35144 6425
35144 7833
49715 6567
35144 6367
35144 6398
35144 6537
35144 6578
35144 5340
49715 4576
35144 6437
35144 7001
49715 5128
35144 6546
35144 6439
35144 6833
35144 6670
35144 7492
49715 6027
35144 6506
35144 6413
35144 6421
35144 6376
35144 5296
49715 3672
35144 6388
35144 6528
35144 6396
49715 4865
35144 6489
35144 6436
35144 6561
35144 6933
35144 26769
35144 6671
35144 6467
35144 6537
35144 7291
49715 5589
35144 6436
35144 8558
35144 6834
35144 6768
35144 6531
35144 6607
35144 6521
35144 7119
49715 5258
35144 6783
35144 6528
35144 6669
35144 6988
35144 6607
35144 6369
35144 6447
49715 5189
35144 6841
35144 6527
35144 6507
35144 6415
35144 6581
35144 6414
35144 6583
35144 6530
49715 5576
35144 6372
35144 6490
35144 6449
35144 6648
35144 6361
35144 6444
35144 8040
35144 6960
49715 5363
35144 6364
35144 6385
35144 6585
35144 7287
35144 6502
35144 6641
35144 6551
35144 6403
35144 6435
49715 6238
35144 6672
35144 6423
35144 6621
35144 6363
35144 6403
35144 6541
35144 6691
35144 6519
49715 6354
35144 6447
35144 6725
35144 6600
35144 6452
35144 6363
35144 6384
35144 6486
35144 6449
49715 5202
35144 6517
35144 8253
35144 6515
35144 6399
35144 6967
35144 6563
35144 6530
35144 6983
49715 5269
35144 6386
35144 6519
35144 6377
35144 6861
35144 6505
35144 6485
35144 6542
35144 6609
49715 5384
35144 6826
35144 6371
35144 6388
35144 6527
35144 6745
35144 6543
35144 6534
35144 6484
35144 6990
49715 4954
35144 6407
35144 6408
35144 6395
35144 6578
35144 6659
35144 7956
35144 6394
35144 7283
49715 5266
35144 6551
35144 6780
35144 6672
35144 6502
35144 6391
35144 6355
35144 6943
35144 6851
49715 6521
35144 6862
35144 6376
35144 6403
35144 6566
35144 6548
35144 6384
35144 6407
35144 6426
49715 4433
35144 6358
35144 6643
35144 6725
35144 6399
35144 6600
35144 6381
35144 6406
35144 7009
49715 5093
35144 6495
35144 8165
35144 6507
35144 6776
35144 6490
35144 6393
35144 6414
35144 6474
35144 6539
49715 5029
35144 6379
35144 6545
35144 6388
35144 6366
35144 6368
35144 6507
35144 6397
35144 6763
49715 5121
61010 3639
34294 3874
42901 3591
22425 3818
60234 3689
27755 4064
2293 3691
25564 4649
44875 5162
59128 3617
33031 3703
61573 3935
63570 7593
17 5750
36016 5364
28673 3788
25203 3580
61938 3876
28673 2636
63570 3743
49715 6140
49715 3778
49715 6492
35144 6755
49715 5584
35144 6388
35144 6497
35144 6507
35144 6743
35144 6523
35144 6553
49715 5042
35144 6406
35144 6550
35144 6922
35144 5791
35144 6583
49715 5345
35144 6386
35144 6662
35144 6398
35144 6442
35144 6396
35144 6421
35144 6449
49715 5211
35144 7711
35144 6519
35144 6408
35144 6111
35144 6400
49715 5070
35144 6396
49715 6204
35144 6635
35144 6575
49715 4920
35144 6507
35144 6990
35144 6453
35144 6427
35144 6400
35144 6551
35144 6560
35144 6508
35144 6409
49715 6284
35144 6454
35144 6499
35144 6582
35144 6336
35144 6551
35144 6531
35144 6471
35144 6999
49715 5273
35144 6431
35144 7857
35144 6499
35144 6610
35144 6477
35144 6600
35144 6547
35144 7083
49715 5186
35144 6361
35144 6388
35144 7151
35144 6374
35144 6809
35144 6402
35144 6754
35144 6565
35144 7116
49715 5519
35144 6485
35144 6584
35144 6827
49715 5024
49715 3905
49715 6029
35144 608
49715 3732
35144 6906
35144 6551
35144 1364
49715 3681
49715 4556
49715 3680
49715 4692
35144 6486
35144 6438
35144 6364
35144 6379
35144 6756
49715 5198
35144 6434
35144 6532
49715 6118
35144 6501
35144 6427
35144 7138
49715 5078
35144 6489
35144 6383
35144 6669
49715 5054
35144 3734
49715 3759
35144 6282
35144 4797
49715 4567
49715 4516
49715 3685
35144 6488
35144 5141
35144 417
49715 3642
35144 7389
35144 6350
35144 3712
49715 3596
35144 6494
49715 6278
35144 6794
35144 6456
35144 6426
49715 6166
35144 6669
35144 6365
35144 6913
49715 5102
35144 6534
35144 6436
35144 6368
35144 3797
35144 6261
49715 6135
49715 6382
49715 3693
49715 6027
35144 2315
49715 3577
49715 6129
35144 6542
35144 6559
49715 6376
35144 6387
35144 6510
35144 7004
35144 6431
35144 5052
35144 3722
49715 3638
49715 3694
35144 6744
35144 6376
35144 6351
35144 6399
35144 6383
35144 6473
35144 6376
35144 6655
35144 6391
35144 6392
35144 6410
35144 6117
35144 6482
35144 6515
35144 6648
35144 6385
35144 6396
35144 6387
35144 6406
35144 6405
35144 6572
35144 6499
35144 3799
35144 6450
35144 6560
35144 6914
35144 6415
49715 5477
35144 6836
35144 6443
35144 6364
35144 6532
35144 6554
35144 6407
35144 6492
35144 6847
49715 4896
35144 6425
35144 6561
35144 6571
35144 6400
35144 6368
35144 6455
35144 6484
35144 21965
49715 20394
35144 6835
35144 6769
35144 6730
35144 6567
35144 4879
35144 6500
35144 6363
35144 6390
35144 6917
49715 5189
35144 6447
35144 7356
35144 6504
35144 6353
35144 6401
35144 6830
35144 6388
35144 6349
49715 3599
35144 6389
35144 6372
35144 6368
35144 6516
35144 6376
35144 6431
35144 6418
35144 7084
49715 5137
35144 6390
35144 6781
35144 6510
35144 6345
35144 6814
35144 6403
35144 6434
35144 6388
49715 6108
35144 6423
35144 6372
35144 7392
35144 6460
35144 8189
35144 6386
35144 6745
49715 6333
35144 6364
35144 6819
35144 6708
35144 6424
35144 6391
35144 6411
35144 6385
35144 6974
49715 5209
35144 6386
35144 6454
35144 6423
35144 6420
35144 6373
35144 6381
35144 6466
35144 6502
49715 6216
35144 6418
35144 6871
35144 6396
35144 6439
35144 6421
35144 6392
35144 6400
35144 6406
49715 6233
35144 6914
35144 7030
35144 6434
35144 6382
35144 7214
35144 6354
35144 6379
35144 6479
35144 6994
49715 4970
35144 6450
35144 6542
35144 6397
35144 6544
35144 6394
35144 6380
35144 6530
35144 6870
49715 5711
35144 6394
35144 6377
35144 6475
35144 6538
35144 6518
35144 6420
35144 6697
35144 6481
49715 4265
35144 6382
35144 6649
35144 6410
35144 6500
35144 6456
35144 7328
35144 6365
35144 6489
49715 6241
35144 6824
35144 6362
35144 6507
35144 6402
35144 6457
35144 6542
35144 7101
35144 6464
49715 5109
35144 6431
35144 6361
35144 6363
35144 6462
35144 6393
35144 6829
35144 6377
35144 6374
35144 6787
49715 5008
35144 6519
35144 6420
35144 6460
35144 6435
35144 6414
35144 6796
35144 6453
35144 6434
49715 5000
35144 7162
35144 6499
35144 6414
35144 6795
35144 6376
35144 6401
35144 6716
49715 4923
35144 361
49715 3646
35144 1602
49715 3605
19267 4633
6166 5227
947 3725
27947 3827
49715 3729
49715 3732
49715 6231
49715 4121
49715 3752
35144 3746
35144 6757
35144 6386
49715 4983
35144 6834
35144 6513
35144 6418
35144 7504
49715 5810
35144 6398
35144 6340
35144 6408
35144 6566
35144 6996
49715 4904
35144 6960
49715 5192
49715 6183
35144 6371
35144 6410
49715 6245
35144 6672
35144 6392
35144 4950
49715 3794
35144 6533
49715 6364
35144 6534
35144 6405
35144 6511
35144 2278
49715 3610
49715 3692
35144 3610
35144 6485
35144 6386
35144 6400
35144 7441
35144 6367
35144 6569
49715 6374
35144 6474
35144 6395
35144 6389
35144 6439
49715 6194
35144 6895
35144 4860
49715 4149
35144 6361
35144 6456
49715 6233
35144 6497
35144 6750
49715 4941
35144 6990
49715 5332
35144 6361
35144 6455
49715 6227
35144 6442
35144 6846
35144 6433
35144 6388
35144 5169
35144 6670
35144 6482
35144 6385
49715 4972
35144 6961
35144 6552
35144 5987
35144 6366
35144 6357
35144 6880
35144 6671
35144 6256
49715 6116
35144 6400
35144 6434
49715 6230
35144 6428
35144 6376
35144 6954
49715 5224
35144 6402
35144 6490
35144 6264
35144 3022
49715 3625
49715 3664
35144 2459
49715 3643
35144 6372
35144 3749
35144 3683
49715 3607
22298 4062
64404 4957
16901 4005
23495 5029
64004 3569
15302 3733
34943 3636
54039 3636
54039 3608
59394 3638
32375 3627
32375 3605
45687 4765
45687 5381
59394 3808
57597 3735
57597 3635
28922 1685
31723 6302
31723 6493
40684 3735
40684 6669
40684 6530
44875 3652
44875 3746
11656 3748
57597 3624
60800 4114
28922 4587
59128 426
59128 4555
59128 3813
44875 4159
54039 3640
59394 4602
38986 3679
45687 5005
51273 3580
32375 3596
51251 3602
54039 3670
63077 3596
33292 3740
33292 3619
33292 6201
63077 6240
40684 3738
31723 3583
51894 3652
51894 3654
40768 3633
51894 3589
40768 3734
40768 4687
51894 4972
40684 3774
49775 3721
49775 6156
33292 3801
28711 812
40684 4029
49775 3655
28711 6887
28711 6402
49775 6209
28711 6511
28711 6556
49775 6371
28711 6494
28711 6941
49775 4036
28711 6447
28711 6518
49775 6330
28711 6362
28711 6424
49775 6250
28711 6386
28711 6429
49775 6188
49775 3733
49775 6099
49775 3684
49775 3664
49775 3686
49775 4812
28711 6528
49775 4117
28711 6823
49775 5036
49775 4692
49775 5024
28711 6540
49775 6374
28711 6905
28711 6908
49775 5181
47258 3647
1501 3827
28711 3627
28711 3619
28711 2103
49775 5179
28711 7423
49775 4994
28711 6357
28711 6402
49775 6252
28711 6396
28711 6927
49775 5070
53137 3624
28711 6522
28711 6417
49775 5146
7641 3912
38692 3676
38692 3599
6340 3767
28711 6801
28711 6428
49775 6295
28711 6552
28711 6444
49775 6204
28711 6864
28711 6829
49775 5538
28711 6514
28711 6603
49775 6355
28711 6562
28711 6894
49775 5173
28711 6419
28711 6442
49775 6282
28711 6802
28711 6729
49775 6645
28711 6365
28711 6619
49775 4931
28711 6526
28711 6460
49775 6263
28711 6829
28711 6803
49775 5211
28711 6896
49775 6446
28711 6343
28711 6817
49775 4890
28711 6814
28711 6409
49775 5407
28711 6876
28711 6433
49775 3642
28711 6429
28711 6392
49775 6213
28711 7012
28711 6412
49775 6106
28711 6555
28711 6891
49775 5093
28711 6380
28711 6438
49775 6228
28711 6395
28711 6701
49775 5109
28711 6408
28711 6431
49775 6215
28711 6846
28711 6605
49775 6405
28711 6365
28711 7218
49775 4933
28711 6726
28711 6472
49775 5232
56706 3695
56706 3637
1275 4163
28711 6442
28711 6971
49775 5143
28711 6410
28711 6372
49775 6476
28711 6494
28711 6485
49775 6085
28711 6408
28711 6536
49775 6090
28711 6402
28711 6406
49775 6214
28711 6409
28711 6399
49775 6215
28711 6491
28711 6734
49775 6486
28711 6403
28711 6400
49775 5049
28711 6438
28711 6528
49775 5041
28711 6435
28711 6871
49775 5157
28711 6692
28711 7333
49775 5616
28711 7090
28711 6372
49775 5071
28711 6455
28711 6573
49775 5287
28711 6403
28711 6398
49775 5396
28711 6353
28711 6664
49775 5045
28711 6442
28711 6411
49775 6068
28711 6401
28711 6788
49775 5111
28711 6534
28711 6486
49775 5007
28711 6478
28711 6578
49775 6287
28711 6401
28711 6501
49775 6348
28711 6391
28711 7022
49775 5240
28711 7003
28711 6654
28711 5334
49775 3625
28711 6470
28711 6386
49775 6173
28711 6382
49775 6229
28711 6545
49775 6355
28711 6393
28711 6610
49775 6384
28711 6332
28711 7061
49775 5076
28711 6402
49775 5262
28711 6852
28711 6390
28711 6946
49775 5100
28711 6984
49775 5224
28711 6425
28711 6849
49775 4890
28711 7253
28711 6494
28711 7003
49775 6811
28711 6333
49775 3760
28711 6814
28711 5104
49775 3617
28711 6543
28711 6515
49775 6360
28711 6563
28711 6757
49775 5100
28711 6403
28711 6536
49775 6190
28711 6402
28711 6695
49775 6330
28711 6837
28711 5229
49775 4954
28711 6409
28711 6461
49775 6238
28711 6518
28711 6680
49775 5077
28711 6436
28711 6407
49775 6251
28711 6538
28711 7303
49775 5487
28711 6551
28711 6403
49775 6177
28711 6528
28711 6259
49775 6112
28711 6617
28711 6871
49775 5202
28711 6538
28711 6817
49775 5219
28711 6363
28711 6564
49775 5434
155 4869
28711 6481
28711 6397
49775 6021
28711 6413
49775 4886
26076 4867
28711 6423
28711 6887
49775 5036
28711 6553
28711 6728
49775 4913
28711 6447
28711 6846
49775 6668
28711 6608
28711 6911
49775 5182
28711 6558
28711 7077
49775 5355
28711 6405
28711 7175
49775 5692
28711 6347
28711 6526
49775 5397
28711 6370
28711 6434
49775 6238
28711 6389
28711 6380
49775 6163
28711 6511
28711 6384
28711 6379
49775 6117
28711 6387
28711 7427
49775 5724
28711 6425
28711 6308
49775 5019
28711 5199
49775 3714
21165 4476
21165 2572
16649 3610
16649 3641
21165 3683
2703 4059
4915 3882
42675 3577
39032 3812
39744 3662
6340 4596
44775 4953
1275 591
44875 3620
44875 3813
44875 4706
44875 5155
36511 3606
56706 3618
1275 3593
59128 3598
59128 3812
59128 4767
44875 5070
38692 3735
44875 3625
44875 3735
49775 3715
49775 5986
49775 3705
49775 4164
49775 3671
49775 6030
49775 3790
49775 3739
49775 3679
49775 5439
49775 5201
49775 3680
49775 3688
49775 3666
49775 6003
49775 3637
49775 3821
49775 3843
49775 4742
49775 5024
49775 3711
49775 3697
49775 4696
49775 5044
49775 3837
49775 3797
49775 3702
49775 6012
49775 3677
49775 3623
49775 3692
49775 4686
49775 5038
49775 3819
49775 3712
49775 5249
49775 5160
49775 3772
49775 3708
49775 3710
49775 6034
49775 3763
49775 3863
49775 3643
49775 4682
59128 4964
44875 3627
28711 57
49775 5077
28711 6695
28711 847
49775 5177
59128 3763
28711 3649
6776 4770
59001 5317
41593 3786
24184 3677
28711 3794
19060 3680
46709 3704
28711 3695
28711 6915
49775 5108
28711 1984
49775 4968
28711 3903
28711 3780
59128 6757
44875 4904
28711 4083
34136 3889
31065 3681
28711 6356
28711 2158
49775 4842
28711 3611
28711 3706
28711 3613
28711 6391
28711 7070
49775 5377
28711 6378
28711 6899
49775 5169
28711 6894
28711 691
49775 5510
28711 6370
28711 6918
49775 5202
28711 6498
28711 6521
49775 6332
28711 6525
49775 6285
28711 6906
28711 6523
28711 6518
49775 6244
28711 6362
28711 6951
49775 5197
28711 6392
49775 4876
28711 6375
28711 6466
28711 6400
49775 5082
28711 6434
28711 6480
49775 5012
28711 6417
28711 6405
49775 5142
49775 6121
28711 6462
28711 7028
49775 5095
28711 6491
28711 6492
28711 6374
59128 6068
49775 4306
31349 4001
34420 3820
49780 4211
28711 6361
28711 6936
49775 5192
28711 6412
28711 6688
49775 5051
28711 6381
28711 6805
49775 5086
28711 6440
28711 6594
49775 5131
4238 4591
44775 4224
44875 5042
18776 3891
10870 3789
59364 3709
59001 3594
28711 6649
28711 6173
49775 5299
59001 7402
30708 3793
30693 3655
19060 3738
6776 3752
34789 3729
24184 4704
19060 7136
28711 6391
28711 6995
49775 6797
6776 6535
24184 6709
6116 5945
41593 3772
41593 6676
59381 3798
46709 3599
46709 6358
28711 6460
28711 6387
49775 6228
28711 6375
28711 6515
49775 6318
24908 3876
34136 4599
34136 7442
28711 6498
28711 6564
49775 5229
61773 3726
31065 3603
31065 6936
28711 6527
28711 6824
49775 4918
28711 6371
28711 6646
49775 4953
28711 6420
28711 7331
49775 5664
28711 6370
28711 6860
49775 6657
28711 6400
28711 6994
49775 5077
28711 6416
28711 6853
49775 6577
28711 6319
28711 6489
28711 6410
49775 5235
28711 6586
28711 6767
49775 5489
28711 6384
28711 6477
49775 6152
28711 6387
28711 6995
49775 5116
28711 6411
28711 6606
49775 6348
28711 7027
49775 5299
28711 6558
28711 6542
28711 6676
49775 5067
55287 4745
49780 3601
10231 3837
34420 3619
49780 7040
34420 6824
47094 4269
31349 3683
31349 7057
28711 6505
28711 6786
49775 5073
28711 6376
28711 6432
49775 6267
28711 6357
28711 6422
49775 5168
28711 6424
28711 6663
49775 5054
28711 6449
28711 4869
49775 4074
12623 5305
18776 3608
18776 7164
47091 3778
10870 3572
10870 7071
59364 5731
59364 9172
59364 6899
59001 6561
30708 4957
28711 6479
28711 7246
49775 5767
30693 3606
34789 3632
30708 7311
30708 6405
19060 6094
30693 7358
30693 6638
6776 4934
28711 6397
28711 6488
49775 6040
34789 7472
34789 7009
24184 5110
6116 3638
59381 3645
28711 6372
28711 6940
49775 5190
59381 7373
59381 6815
46709 5215
6116 7433
6116 6407
41593 4883
28711 6443
28711 6988
49775 6850
24908 3671
59364 6293
28711 6438
28711 6477
24908 7469
24908 6370
49775 5041
34136 3628
30708 6274
28711 6408
28711 6434
49775 4864
30693 6337
34789 6272
61773 5384
28711 6362
28711 7132
49775 4924
61773 7831
61773 6427
31065 6218
59381 6375
59001 3718
6116 6281
19060 3712
24908 6303
28711 6522
6776 3803
28711 6907
49775 5090
24184 4227
46709 6354
41593 3702
59001 6257
19060 6182
6776 4997
24184 5317
46709 6600
41593 6189
28711 6372
28711 6521
49775 5043
28711 6387
28711 6414
49775 6176
61773 6377
28711 6706
34136 3942
28711 6404
49775 5150
28711 6398
31065 2748
34136 3805
34136 4932
34136 5014
28711 6382
28711 6537
49775 6358
28711 6412
28711 6374
49775 4848
28711 6802
28711 6450
49775 6311
28711 6512
49775 6321
28711 7179
49775 6909
28711 6430
28711 6440
28711 6978
49775 4934
28711 6536
28711 6484
49775 5020
55287 3617
10231 3617
28711 6763
28711 6962
49775 5172
10231 7946
10231 6806
47094 5229
34420 3782
28711 6883
49775 5021
28711 6367
55287 7347
55287 6375
47094 8160
47094 6363
49780 5596
31349 5002
28711 7607
28711 6495
49775 5030
28711 6417
28711 6713
49775 5270
28711 6364
49775 6123
28711 6542
10231 6648
28711 6399
28711 6411
49775 6233
55287 6289
47094 6455
28711 6721
49775 5048
28711 6381
28711 6465
28711 6426
49775 4876
28711 6885
49775 5082
28711 6386
34420 3711
49780 3760
31349 6223
34420 6209
49780 6197
31349 6350
28711 6428
28711 6817
49775 5130
28711 7149
28711 6375
49775 6119
28711 6560
49775 5301
28711 6449
28711 6455
49775 6237
28711 6385
28711 6633
28711 6380
49775 3605
28711 6506
28711 6655
49775 4979
28711 6419
28711 6384
49775 6204
28711 6579
28711 6414
49775 4883
28711 6411
28711 6832
49775 5826
28711 6649
49775 5051
28711 6377
28711 6536
28711 6410
49775 6046
28711 6475
28711 6421
49775 6231
28711 7426
49775 5417
28711 6561
28711 6479
28711 7903
49775 5622
28711 6472
28711 6385
49775 6197
12623 3725
28711 6429
49775 5407
28711 6435
28711 6471
49775 6279
28711 6532
12623 7491
12623 6502
12623 6298
18776 4955
28711 6401
28711 6397
49775 4910
18776 4141
28711 6411
28711 6889
49775 5391
28711 6419
49775 3693
28711 6854
28711 6462
49775 6193
28711 7083
28711 6460
28711 6418
49775 6499
28711 6832
49775 5057
28711 6376
28711 6424
28711 6437
49775 6299
28711 6379
28711 6682
49775 5027
28711 6520
28711 6846
49775 6631
28711 6391
49775 6077
28711 6460
28711 6364
28711 6428
49775 4851
28711 6507
28711 6760
49775 5044
28711 6835
49775 4975
28711 6562
47091 5020
47091 7354
47091 6418
10870 5467
28711 6875
28711 7092
49775 6825
22084 4565
22084 3762
22084 3670
3900 998
49775 5105
47091 6265
10870 3702
22084 3631
59364 6132
30708 3796
30693 6206
59364 6234
59001 4874
34789 3793
30693 6504
34789 6390
59381 4795
6776 3686
24184 5030
30708 6395
6116 6240
19060 5351
59381 6645
46709 5056
6116 6841
41593 5211
30693 5198
34789 6225
59381 3800
24908 6256
6116 6357
6116 6436
41593 5377
24908 4656
34136 4960
24908 3760
34136 3612
24908 3611
24908 6540
34136 6385
61773 6138
31065 3782
61773 3587
31065 3656
24908 7008
34136 5098
24908 6653
34136 5056
6116 6476
6116 6444
41593 6230
24908 6427
24908 6828
34136 4905
24908 6534
24908 6368
34136 5833
6116 6410
6116 6959
41593 5656
24908 6426
34136 4186
24908 6848
34136 5193
6116 6400
6116 6393
41593 6133
43841 4899
24908 6954
34136 5212
24908 6941
34136 4933
10231 6149
55287 3802
47094 6240
24908 6380
24908 6569
34136 6149
6116 6401
6116 6547
10231 6396
41593 6035
34420 4642
55287 6413
49780 4887
47094 6868
31349 4946
10231 6393
10231 6631
34420 6346
55287 6906
55287 6563
49780 6103
47094 6415
47094 6436
31349 6229
24908 6361
24908 6663
34136 5508
6116 6842
6116 6597
41593 6458
24908 6809
34136 5371
55287 6379
55287 6389
49780 6077
10231 6427
10231 6300
34420 3997
46634 5451
46634 3625
4095 3637
4095 3764
47094 6447
47094 6704
31349 5791
6776 5058
24184 3568
46709 3628
55287 6420
55287 6646
49780 6274
47094 6988
47094 3791
31349 3765
20125 4601
55287 6374
55287 6527
49780 6270
12623 6128
12623 3650
18776 3615
55287 28
49780 4765
46634 4977
47091 3781
6116 6822
6116 6422
41593 6228
24908 6403
24908 6568
34136 6424
6116 6413
6116 7081
41593 5051
24908 6516
24908 6808
34136 6648
24908 8486
24908 4897
34136 3625
10870 5161
6116 7157
6116 6520
41593 6326
6116 6379
6116 6558
41593 6206
6116 6349
6116 6870
41593 5075
10326 3687
10326 3633
14610 4061
10326 3743
14610 3664
14610 3619
10326 4577
37764 5164
23189 3681
41593 6170
46709 3922
31349 6640
24184 5665
6776 6423
19060 6185
49780 6203
34420 6234
49775 3781
49775 6059
49775 3744
49775 3667
10870 6203
54903 3779
49775 4274
49775 6085
49775 3789
49775 3838
49775 3671
6116 6448
59381 6818
34789 6391
30708 6377
30693 6376
47094 6394
6116 4753
41593 3634
59381 5113
46709 3589
55287 6409
10226 5040
54903 3603
54903 7406
34789 6751
24184 5182
30708 4662
19060 4025
30693 6300
6776 4795
47091 6534
10231 6522
28711 6449
49775 3627
47094 6877
31349 4932
47094 6387
28711 6903
28711 6398
49775 6240
37495 3850
55287 6977
49780 5466
55287 6414
28711 5207
47091 6383
47091 6701
10870 6393
10231 6546
10231 6863
34420 6618
28711 6397
28711 6420
49775 5006
28711 6382
28711 6929
49775 5216
47094 6380
47094 3845
31349 4580
55287 6393
55287 6380
49780 4870
47091 6689
47091 6388
10870 6197
10231 6430
34420 6051
10231 6507
28711 7132
49775 5433
28711 6785
28711 6393
28711 6379
49775 4819
28711 6381
28711 6496
49775 6186
55287 6525
55287 6411
49780 4886
47091 6402
47091 4858
10870 4941
10231 6508
10231 7038
34420 5061
28711 6767
28711 6534
49775 6338
28711 6454
28711 7018
49775 4947
55287 6461
55287 7111
49780 5482
10231 6442
10231 7010
34420 5066
28711 6433
49775 5283
28711 6855
28711 6407
49775 5353
28711 6372
28711 6459
28711 6565
49775 6117
10231 6692
10231 6942
34420 5196
28711 6372
28711 6807
49775 5227
28711 6571
28711 6565
49775 6112
10231 6135
34420 3675
28711 6396
28711 6463
49775 6042
28711 6394
28711 6558
49775 6384
28711 6382
28711 6693
49775 5035
28711 6389
28711 6307
49775 5029
10226 4067
10226 5174
54903 4502
54903 6357
55282 4008
37495 4800
37495 7210
10226 3787
10226 6391
10226 6374
10226 7258
54903 6799
55282 3621
55282 7165
37495 3807
37495 6185
10226 6398
10226 6369
54903 5394
10226 6548
10226 6660
54903 5123
41640 3763
41640 3748
21770 4697
21770 4944
41640 3632
36080 3637
36080 3758
36080 3699
59454 3707
59454 3596
36080 3602
55282 3641
55282 7312
55282 6576
55282 6441
37495 6150
55282 6395
55282 6377
37495 5339
55282 6353
37495 6199
24184 6275
19060 6182
6776 6203
46709 6317
31349 6219
41593 4823
44875 5000
44875 3676
44875 3632
44875 4722
49775 5140
49775 3730
59128 3607
59128 3662
59128 3609
44875 3598
49775 6020
49775 4083
49775 3776
49775 3771
49775 6012
49775 3676
49775 4144
49775 4279
49775 4795
49775 5047
49775 3663
49775 3818
49775 3658
49775 6055
49775 3815
49775 3685
34789 6520
34789 6388
34789 6795
24184 5212
30708 6378
34789 6381
34789 6829
24184 5189
30693 6400
30708 6519
30708 7027
19060 5564
59381 6417
30693 6376
30693 6445
6776 6243
47094 6494
59381 6445
59381 6520
46709 5036
34789 6385
34789 6415
24184 6211
47094 7338
31349 7129
47094 6395
30708 6850
19060 4916
30708 6408
30693 6659
30693 6769
6776 5051
6116 6414
59381 6702
46709 3851
59381 6399
34789 6491
34789 6405
24184 6016
6116 6750
41593 5059
6116 6528
47094 6410
47094 6386
31349 6033
30708 6570
30708 6407
19060 6088
30693 6438
6776 8624
30693 6377
59381 6418
59381 6541
46709 5366
6116 6405
6116 7422
41593 7241
34789 6522
34789 6867
24184 4903
47094 6276
31349 4159
30708 6395
30708 6397
19060 6142
30693 6881
30693 6429
6776 6190
6116 6388
6116 6386
41593 6125
59381 6465
59381 6354
46709 6034
34789 6517
34789 6936
24184 4941
30708 6530
30708 6693
19060 6511
30693 7129
6776 5035
6116 6609
41593 6154
30693 6627
6116 6814
59381 6624
59381 8210
46709 7650
34789 6426
34789 6448
24184 6273
30708 6415
30708 7051
19060 5365
28711 6307
28711 6844
49775 5081
6116 6386
6116 6961
41593 5179
30693 6502
30693 7328
6776 5682
59381 6463
59381 6515
46709 5454
34789 6419
34789 6883
24184 5062
6116 6373
6116 6470
41593 5021
59128 3883
13255 6163
30693 6384
30693 6594
6776 6367
59381 6435
59381 8523
46709 8108
34789 7282
34789 7238
24184 5116
6116 6440
6116 6869
41593 5176
59381 5097
46709 3622
6116 6418
41593 4899
6116 6852
28711 4113
28711 6863
28711 3191
49775 5286
28711 4672
28711 1028
28711 6511
28711 6431
49775 6276
6116 6407
6116 6618
28711 6184
41593 3737
28711 6438
49775 3646
28711 6436
28711 7752
49775 6438
28711 6538
6116 6400
6116 6509
28711 6490
28711 6420
41593 5119
49775 3667
28711 6381
28711 6518
49775 6374
6116 6429
41593 14625
6116 6397
28711 6828
28711 6518
49775 6316
28711 6493
49775 5274
28711 6503
28711 6446
49775 6152
28711 6426
49775 4957
6116 6418
6116 6820
41593 6704
28711 4781
49775 5129
6116 7513
6116 6467
41593 6338
6116 7807
6116 6536
41593 5269
44875 3710
6116 6486
6116 6388
41593 5126
6116 6412
6116 6474
41593 6325
28711 6421
28711 6786
49775 5058
34789 6523
34789 6414
24184 5171
6116 6145
41593 3851
28711 6392
28711 6434
49775 6304
28711 6571
28711 6778
49775 5654
28711 6441
28711 6415
49775 4915
34789 6367
34789 6643
24184 6266
28711 6460
28711 7809
49775 7201
28711 6368
28711 6505
49775 6322
34789 11048
34789 6610
28711 6363
28711 6490
24184 5797
49775 5119
28711 6426
28711 6783
49775 5165
28711 6959
28711 6418
49775 6273
34789 6424
34789 6981
24184 5102
18374 3831
34789 6385
34789 6429
24184 6103
34789 6387
34789 6732
24184 6071
59128 3975
26329 3882
34789 6640
34789 6440
24184 6227
34789 7426
34789 6967
24184 5187
43333 3724
13255 4626
13255 7494
34789 6540
34789 6831
24184 4908
34789 451
24184 5119
44875 5021
39239 3737
18374 3837
18374 7451
7120 4942
26329 3603
26329 6998
43333 3647
43333 6034
13255 4679
13255 6710
39239 4893
39239 5938
18374 3606
7120 3645
7120 4406
26329 6240
26329 4851
43955 4945
43333 3661
43333 6287
64541 3904
5042 4999
13255 3593
61363 3601
1922 3679
39964 3784
3101 3697
64387 3840
27741 3711
52098 3654
64604 4941
15454 5230
7120 3605
7120 3945
39239 3587
26329 4709
27198 5406
19379 3870
49775 4114
4002 3755
4002 3698
4002 6273
4002 3681
34136 3650
49775 3826
49775 6283
40341 995
40341 3744
40341 3757
40341 3659
40341 7379
40341 6415
4002 6257
40341 6355
40341 6552
40341 6922
40341 6529
40341 6803
40341 6949
4002 4940
28711 4808
28711 6242
49775 3736
24908 6544
28711 6269
24908 6481
24908 6469
34136 6177
24908 6532
24908 6410
34136 6041
24908 6393
24908 6584
34136 6478
24908 6633
24908 6419
34136 6252
24908 6564
34136 5263
24908 6540
24908 7279
34136 5993
24908 6395
24908 6873
34136 6633
24908 6403
34136 6296
24908 6820
24908 7083
24908 6423
34136 5081
40341 6546
40341 6426
40341 6491
40341 6741
4002 5057
40341 6547
40341 6596
4002 5108
40341 6488
40341 6523
4002 6328
24908 6386
34136 5213
24908 6654
49775 5051
40341 6350
40341 6384
40341 6405
40341 6842
4002 5202
40341 6465
40341 7183
40341 6571
4002 5952
40341 6812
4002 6653
40341 6821
40341 6373
40341 6385
40341 6964
4002 5148
24908 6401
24908 6520
34136 6310
24908 6368
24908 6778
34136 5927
24908 6831
24908 6968
34136 5179
24908 6755
24908 6380
34136 5135
24908 6499
24908 6420
34136 6262
24908 6521
24908 6518
34136 6113
24908 6522
24908 6803
34136 6358
24908 6587
24908 6866
34136 5861
24908 6429
24908 7026
34136 5312
24908 6392
24908 6719
34136 5394
24908 6418
24908 6428
34136 6234
24908 6486
24908 6405
34136 6180
24908 6524
24908 6937
34136 5190
40341 6415
40341 6735
40341 6428
4002 6236
40341 6734
40341 6383
40341 6437
40341 6396
4002 6162
40341 6425
4002 4973
40341 6389
40341 6398
4002 5388
40341 6520
40341 7084
40341 6385
4002 6166
40341 7043
4002 5165
40341 6426
40341 6392
4002 5107
24908 6400
24908 6503
34136 5034
40341 6569
40341 7016
4002 5417
40341 6381
40341 6434
40341 6395
40341 6204
4002 5188
24908 6543
24908 6924
34136 5351
24908 6502
24908 6854
34136 6665
24908 6396
24908 6868
34136 4929
24908 6813
24908 6513
34136 6296
24908 6712
24908 7062
34136 5488
45175 3659
45175 3645
51670 3717
24908 6417
24908 6405
34136 6009
24908 6604
24908 6820
34136 5207
24908 6560
24908 6952
34136 4944
24908 6968
34136 6120
24908 6465
24908 6387
34136 4878
24908 6389
24908 6630
34136 5048
22450 3755
24908 6386
24908 7570
34136 5383
24908 6877
24908 6375
34136 6156
24908 6369
24908 6430
34136 6207
24908 6892
24908 6412
34136 6223
45175 3591
51670 4578
24908 6877
24908 6400
34136 6092
24908 6509
24908 6679
34136 5024
27676 3803
24908 6518
24908 6795
34136 5320
24908 6425
24908 6567
34136 6287
24908 6177
24908 6475
24908 6394
24908 6639
34136 5151
24908 6376
34136 6153
24908 6399
24908 6362
24908 6411
34136 5463
24908 6881
34136 6743
24908 6399
24908 6445
24908 6761
34136 5062
24908 6416
24908 6428
34136 6289
24908 6398
24908 6376
34136 5375
24908 6550
24908 6409
34136 5405
24908 6441
34136 6250
24908 6386
24908 6422
34136 6228
24908 6417
24908 6533
34136 5161
24908 6371
34136 4000
24908 6534
24908 6118
34136 3653
24908 6842
24908 6541
34136 5075
24908 6920
24908 6539
34136 5115
24908 6826
24908 6375
34136 5081
24908 6849
24908 6943
34136 4959
24908 6411
24908 6438
34136 6282
24908 6848
24908 6787
34136 5108
24908 6364
24908 6846
34136 5478
24908 6373
24908 6417
34136 6178
24908 6420
24908 6383
34136 3658
24908 6513
24908 6722
34136 5067
24908 6404
24908 6419
24908 6502
34136 6211
24908 6393
24908 7131
34136 5555
24908 6576
34136 5123
24908 6370
24908 6437
34136 6130
24908 6558
24908 6485
24908 6422
34136 6264
24908 6580
34136 4954
24908 6526
24908 6502
34136 6260
24908 6409
24908 6587
34136 6391
24908 6457
24908 6938
34136 5046
24908 6387
24908 6549
24908 6488
34136 6054
24908 6344
24908 7300
34136 5356
24908 6242
34136 3773
24908 6382
24908 7642
34136 5771
24908 7147
24908 7060
34136 6151
55484 3637
24908 6390
24908 6389
34136 4821
24908 6396
24908 6416
34136 6291
24908 6385
24908 7251
34136 6999
24908 6463
24908 6535
34136 4949
24908 6552
34136 6099
24908 6376
24908 6395
34136 6235
24908 6443
24908 6422
34136 6282
24908 6546
24908 6428
34136 6209
24908 6714
24908 6730
34136 6412
4002 5826
24908 6506
24908 6562
34136 6327
24908 6416
24908 3824
34136 3643
24908 6395
24908 6320
34136 5273
24908 6838
51670 5187
4002 6091
24908 6419
34136 6159
24908 6460
24908 6471
24908 6789
34136 4970
24908 6628
34136 3657
24908 6379
14085 4995
24908 6458
24908 6722
34136 5047
24908 6591
24908 6948
34136 5067
24908 7957
34136 6625
24908 7301
24908 6386
24908 6434
34136 5154
24908 6365
24908 6388
34136 6189
24908 3816
34136 4616
24908 6738
24908 6351
34136 4888
24908 6383
24908 6763
34136 4940
24908 6754
24908 6482
34136 6287
24908 6370
24908 6966
34136 5248
24908 6379
24908 7174
34136 5207
24908 6403
24908 6935
34136 5101
24908 6416
24908 6415
34136 6024
24908 6365
24908 6434
34136 6094
40341 7387
4002 6229
40341 6623
40341 2658
4002 3572
24908 6394
24908 6367
34136 6232
24908 6403
24908 6587
34136 6372
24908 6715
24908 6736
34136 5191
24908 6407
24908 6413
24908 6658
34136 6544
24908 6570
24908 6455
34136 6094
4002 5089
34136 3669
45175 3736
34136 4309
40341 6180
24908 6375
24908 6665
34136 5085
24908 6434
24908 7353
34136 5865
24908 6407
24908 6259
34136 5376
24908 6427
24908 6704
34136 5251
24908 6574
24908 6770
34136 5197
24908 6496
34136 6300
24908 6428
34136 4799
24908 6390
24908 6392
34136 4846
24908 6394
34136 3667
24908 6405
34136 5085
24908 6400
24908 6748
34136 5064
4002 3680
24908 6804
24908 3851
34136 3606
24908 6469
24908 6407
34136 6225
24908 7551
24908 6828
34136 6694
24908 6391
24908 6383
34136 5114
4002 6438
24908 6426
24908 6536
34136 6306
40341 6119
24908 6388
34136 6220
24908 6540
34136 3608
24908 6353
24908 6837
34136 5207
24908 6754
24908 6453
34136 6028
24908 6512
34136 5225
24908 6391
34136 3743
24908 6386
34136 4270
24908 6399
34136 5406
24908 6618
34136 5110
24908 6484
34136 5244
24908 7259
24908 6740
34136 5612
24908 6798
24908 6553
34136 4369
24908 6428
24908 6868
34136 5197
24908 6519
24908 6934
34136 5088
4002 3787
24908 6538
24908 6404
34136 4843
24908 6375
24908 6914
34136 5116
24908 6384
24908 6719
34136 5050
24908 6421
24908 6430
34136 5290
24908 6400
24908 6439
34136 6055
24908 6418
24908 6600
34136 6442
24908 7119
24908 6663
34136 6302
24908 6516
24908 6482
34136 6169
24908 6414
24908 6641
34136 5025
40341 6187
24908 6352
24908 6437
34136 6273
24908 6427
24908 6399
34136 6209
24908 6428
24908 6832
34136 6336
24908 6419
24908 6629
34136 5042
24908 6434
24908 6447
34136 6315
24908 6599
24908 6846
34136 5575
24908 6397
24908 6492
34136 6311
24908 6517
24908 7450
34136 6047
24908 6821
24908 6813
34136 5170
24908 6493
24908 6847
34136 5151
4002 3565
24908 6396
24908 6423
34136 6264
24908 6404
24908 6395
24908 6408
34136 6260
24908 6807
24908 6406
34136 4875
24908 6916
34136 5207
24908 6521
24908 6446
24908 6440
34136 6259
24908 6856
24908 6575
34136 5019
49775 3743
49775 3645
28711 3773
28711 6310
28711 7224
28711 6388
49775 6199
28711 6831
28711 6431
49775 5192
43333 3725
43333 3682
13255 3595
38468 4081
19782 4732
245 5368
57156 3827
47646 3595
20258 3850
35208 3704
63187 3744
4017 3575
13306 3617
54407 3913
29289 4682
48594 5541
4358 4250
7120 4101
7120 3624
26329 3626
55388 3693
49125 3789
63903 3643
48564 3652
44875 5303
44875 5047
13255 1216
26329 3634
26329 3616
59128 3611
59128 4743
59128 5082
44875 3588
23684 3870
41093 3857
50858 3819
23684 3636
23684 7028
22187 4224
41093 3664
41093 7173
50858 4052
50858 8088
50858 6372
50858 6312
23684 5396
22187 5034
50858 6416
23684 3626
22187 7650
22187 6386
22187 6370
41093 5131
22187 6333
41093 3628
23684 3682
41093 6079
23684 6806
50858 3648
22187 3616
50858 307
50858 3727
23684 3622
23684 3591
7120 3675
26329 3587
44875 3682
44875 6102
43333 3590
13255 4046
50858 3606
59128 3642
59128 6068
44875 3616
59816 3791
41093 3592
14896 3732
59816 3603
59816 7001
14896 3635
14896 7228
14896 6436
59816 5731
59816 3733
59816 6120
59816 3793
14896 35
59816 4100
59816 4697
14896 4990
14896 6422
14896 6808
59816 4888
14896 6388
14896 6522
14896 6409
14896 6398
14896 6535
14896 6423
14896 6442
59816 5109
14896 6870
59816 4915
14896 6541
14896 4763
59816 3894
2574 3591
62583 5104
51550 3699
60987 3626
2929 3743
24669 3618
23391 3776
57316 3712
50097 3589
43160 3613
8810 4668
26296 3723
18776 5734
44875 3696
44875 3747
59816 6109
59816 3641
59816 3673
59816 4808
59816 5141
59816 3730
59816 3692
59816 4658
59816 3765
59816 3787
59816 3671
59816 6006
59816 3736
59816 3686
59816 4745
59816 5245
59816 3710
59816 3869
59816 3862
59816 6049
59816 3835
44875 4097
44875 3804
44875 6081
44875 3837
44875 3746
44875 4691
59816 5049
59816 4152
59816 3709
59816 4734
59816 5019
59816 3681
44875 3669
44875 5127
14896 1476
14896 3649
14896 3580
14896 3706
14896 3632
14896 956
59816 3649
59128 3747
59128 3685
14896 2269
59816 3807
14896 6331
14896 1736
59816 3614
14896 6526
14896 3754
59816 3754
14896 75
59816 3812
14896 6437
14896 6865
14896 6498
14896 4701
59816 4860
14896 6604
14896 6381
14896 6371
14896 6407
59816 6254
14896 6375
14896 6814
14896 6536
14896 6394
14896 6431
14896 6471
14896 6390
14896 7058
59816 4952
14896 6442
14896 6853
59816 5190
14896 6424
14896 6406
14896 6371
14896 6358
14896 6448
14896 6454
14896 6359
14896 6400
14896 6425
59816 6168
14896 7306
14896 6825
14896 6991
14896 6549
14896 6399
14896 6403
14896 6380
14896 6552
59816 3759
14896 6405
14896 6376
14896 6394
14896 6381
14896 6593
14896 6471
14896 6495
14896 6106
59816 3621
59128 3637
59128 3633
59128 3686
44875 3622
59128 3640
59128 4677
59128 5107
44875 3776
41682 3831
59128 6071
44875 3746
14896 6407
14896 6403
14896 5987
59816 4949
14896 6945
14896 6417
59816 6219
14896 6359
14896 6536
14896 6661
59816 5067
14896 6401
14896 6391
14896 6379
14896 6426
14896 6366
14896 6478
14896 6376
59816 6235
14896 6370
14896 6747
59816 5467
14896 6440
14896 6368
14896 6412
14896 6445
14896 6690
59816 5036
14896 6648
59816 5048
14896 6380
14896 6386
14896 6446
59816 5332
14896 6542
14896 6405
14896 6912
59816 4168
14896 6440
14896 6447
14896 6304
59816 6120
14896 6518
14896 6406
14896 6415
14896 6931
59816 5211
14896 6394
14896 6418
59816 4861
14896 6454
14896 6317
14896 6355
14896 6349
14896 6536
14896 6412
14896 6363
14896 6408
59816 6192
14896 6517
14896 6688
59816 5161
26777 3891
41682 4062
41682 7074
14896 6911
59816 5273
14896 6720
14896 7394
59816 5568
14896 6861
14896 6647
59816 5034
14896 6383
14896 6388
59816 6202
14896 6969
59816 4960
14896 6396
14896 6750
14896 6423
59816 6251
14896 6383
14896 6811
14896 7216
59816 6963
14896 6369
14896 6356
14896 6668
14896 6392
14896 6359
14896 6485
14896 6964
14896 6509
59816 6373
14896 6434
14896 6500
14896 6539
14896 6414
14896 6997
14896 6377
14896 6373
14896 6369
59816 6001
14896 6530
14896 6387
14896 6427
14896 6400
14896 6464
14896 6483
14896 6404
14896 6352
14896 6434
59816 6281
14896 6418
14896 6124
14896 6411
14896 6822
14896 6558
14896 6404
14896 6381
14896 6419
14896 6962
59816 5059
14896 6495
14896 6488
14896 6383
14896 6360
14896 6412
14896 6380
14896 6396
14896 6893
59816 5361
14896 6382
14896 6421
14896 6576
14896 6361
14896 6406
14896 6388
14896 6422
14896 6249
59816 5285
14896 6490
14896 6474
14896 6404
14896 6356
14896 6371
14896 6455
14896 6400
14896 6554
14896 6401
59816 6131
14896 6515
14896 6337
14896 6330
14896 6535
59816 6311
14896 6390
14896 6375
14896 6379
14896 6496
14896 6490
14896 6499
59816 5201
14896 7342
14896 6454
14896 6532
14896 6401
14896 7083
14896 6522
14896 6424
14896 6973
59816 4946
14896 6435
14896 6433
14896 6409
14896 6386
14896 6594
14896 6420
14896 6363
14896 6590
59816 6290
14896 6466
14896 6881
14896 6352
14896 6406
14896 6574
14896 6399
14896 6463
14896 6623
59816 4944
14896 6414
14896 6382
14896 6395
14896 6714
14896 7082
14896 6485
14896 6432
14896 6422
59816 6276
14896 6390
14896 6359
14896 6584
14896 6307
14896 6464
14896 6546
14896 6375
14896 6494
14896 6858
59816 4930
14896 6393
14896 6823
14896 6360
14896 6366
14896 6437
14896 6503
14896 6467
14896 6547
59816 6392
14896 6381
14896 6491
14896 6385
14896 6396
14896 6405
14896 6387
14896 6383
14896 6873
14896 7346
59816 6461
14896 6397
14896 6393
14896 6325
14896 6432
14896 3721
14896 6367
14896 6213
59128 3740
14896 6546
26777 6207
26777 7737
26777 3970
41682 3603
59816 3642
12374 4801
14896 5226
59816 3597
14896 6381
14896 6423
14896 6346
14896 6380
59816 5133
9301 3890
55380 3688
14896 6485
14896 6564
14896 6490
59816 5277
14896 6460
14896 6427
14896 6892
14896 6451
14896 6450
59816 6644
14896 6562
14896 6509
14896 6413
14896 6387
59816 6146
14896 6374
14896 7142
14896 6502
59816 4501
41682 3742
41682 3662
41682 6229
13306 3677
13306 3626
26777 443
41682 4055
41682 3736
52368 3814
12374 3615
15509 4779
9301 3576
44180 5124
55380 3628
9301 6939
12374 7589
55380 5196
26777 6411
26777 7153
26777 6547
26777 6537
26777 5155
26777 3628
41682 3631
54407 3602
54407 6010
54407 3675
59128 3934
44875 3646
62635 3928
15509 3763
52368 4736
44180 4927
44180 7401
44180 6365
44180 6353
44180 6403
55380 6117
44180 6280
52368 7334
52368 6389
52368 6445
52368 6383
52368 6304
12374 6183
12623 3764
18776 3584
15509 7396
15509 6376
15509 6502
15509 7004
15509 6559
9301 3629
55380 3695
12374 6004
9301 3705
12374 3627
9301 3667
55380 3800
55380 6235
55380 3720
55380 3646
59128 6942
8315 5302
54407 3735
13306 3673
54407 6402
54407 6556
13306 4866
54407 6420
54407 6412
13306 6041
54407 6386
54407 6424
13306 6124
54407 7161
54407 6423
13306 8603
54407 6546
54407 6390
54407 6650
13306 5699
54407 7663
13306 6044
54407 6434
54407 6445
13306 5063
54407 6410
54407 6406
54407 6440
54407 6876
13306 6404
54407 6366
54407 6405
13306 6227
54407 6416
54407 6649
13306 4958
12445 3847
8315 3613
8315 6881
54407 6545
54407 3759
13306 3608
13306 3637
26777 4580
44180 5128
52368 4808
12374 4964
15509 3760
9301 3577
52368 3745
52368 3638
15509 2553
12374 3766
12374 3675
9301 1044
44180 3757
55380 3599
55380 3657
44180 4716
44180 6372
44180 6952
55380 4912
44180 6793
44180 6394
55380 6226
44180 6396
44180 6422
55380 4873
44180 6386
44180 6389
55380 3723
12445 3920
12445 7465
12445 6335
8315 6190
8315 6232
8315 3719
8315 3759
54407 4829
44875 3607
44180 6490
44180 6881
44180 6882
44180 7271
55380 6954
44180 6419
44180 7323
55380 5727
44180 6412
44180 6415
44180 6376
44180 6688
55380 5073
44180 6472
44180 6407
55380 6222
44180 6425
44180 6832
55380 5050
44180 6422
44180 6414
55380 6165
44180 6415
44180 6839
55380 5307
12445 3801
12445 6565
8315 4999
8315 3675
44180 6517
44180 6563
55380 5379
37925 5666
62635 4615
62635 7219
12445 6446
12445 6535
12445 6289
8315 3749
12445 6465
12445 6369
12445 6416
12445 6998
8315 4928
12445 6414
12445 6396
8315 6080
12445 6391
12445 6504
12445 6556
12445 6436
8315 6152
12445 6395
12445 6514
12445 6510
12445 6404
12445 6362
12445 6560
8315 5014
12445 6410
12445 6385
12445 6593
12445 6914
8315 5161
12445 6516
12445 6386
8315 6479
12445 6489
12445 6333
12445 6441
12445 6730
12445 6384
12445 6400
12445 6397
12445 6392
8315 6108
12445 6398
12445 6432
12445 6395
12445 6412
12445 6413
12445 6381
12445 6355
8315 4895
12445 6330
12445 6390
8315 6133
44180 6382
44180 6616
55380 5031
44180 6397
44180 6385
55380 6240
44180 6394
44180 6734
55380 5072
44180 6972
44180 6645
55380 6394
44180 6469
44180 6752
55380 5177
44180 6529
44180 6411
55380 5385
44180 6427
44180 6481
55380 6313
44180 6374
44180 7086
55380 5105
44180 6369
44180 6702
55380 6466
44180 6455
44180 6644
55380 5185
44180 6710
44180 6404
55380 6086
44180 6364
44180 6399
55380 6505
44180 6395
44180 7500
55380 6185
44180 6397
44180 6459
55380 5419
44180 7161
44180 6507
55380 3609
44180 6391
44180 6384
55380 6205
44180 6368
44180 6634
55380 6208
44180 6431
44180 6511
55380 6076
44180 6448
44180 7180
55380 5096
44180 6483
44180 6399
55380 6071
44180 6673
44180 6968
55380 5069
44180 6386
44180 6376
55380 4862
44180 6456
44180 6398
55380 6202
44180 6712
44180 6419
44180 7153
55380 4998
44180 6924
44180 6726
44180 6414
55380 6178
44180 6361
44180 6746
55380 6554
44180 5771
12445 3784
37925 3624
37925 7525
37925 6375
62635 3614
37925 6677
55380 4857
62635 6040
62635 3672
62635 4783
34870 3678
23277 5314
37925 4091
37925 3726
37925 3655
62635 3628
62635 6897
37925 6489
62635 6137
37925 6532
37925 6457
37925 6370
37925 6433
37925 6585
62635 6398
37925 6912
62635 5008
37925 6649
62635 5077
37925 6437
37925 6713
62635 6555
37925 6829
37925 6897
62635 5222
37925 6561
37925 6772
62635 5159
37925 6384
37925 6575
62635 6351
37925 6423
37925 6468
62635 6251
37925 6378
37925 6902
62635 5488
37925 6465
62635 4999
37925 6445
62635 6162
37925 6501
62635 5040
37925 6453
37925 1125
8633 4620
10457 5295
59816 3715
59816 3901
59816 6003
59816 3862
59816 3687
59816 3758
44875 4747
44875 5157
14896 1610
14896 3606
14896 6502
14896 6386
14896 6408
14896 6396
14896 6389
14896 6421
14896 6525
14896 4775
59816 3604
14896 6769
14896 6416
59816 6097
14896 6438
14896 6883
14896 6378
14896 6537
14896 6500
14896 6950
14896 6850
14896 6744
59816 5284
14896 6946
14896 6207
14896 6419
14896 6867
14896 6391
14896 6394
14896 6444
14896 6485
14896 6660
59816 5030
14896 6541
14896 6335
14896 6499
14896 6419
14896 6393
14896 6895
59816 5065
14896 6434
14896 6568
14896 6454
59816 6110
14896 6426
14896 606
59816 3752
14896 6435
14896 6391
14896 6439
14896 7069
14896 6424
14896 6957
59816 5060
14896 6523
14896 6546
14896 6378
14896 6387
14896 6487
14896 3789
14896 6402
14896 6363
14896 6870
14896 6812
59816 4973
14896 6823
14896 6364
14896 3941
14896 4696
59816 4945
14896 6378
14896 6386
14896 6383
14896 6374
14896 6387
14896 6348
14896 7025
59816 4933
14896 6353
14896 6416
14896 6628
14896 5938
14896 6752
14896 6419
14896 6372
14896 6404
14896 6756
59816 5901
14896 6442
14896 290
59816 3584
59128 3697
14896 6487
14896 6624
14896 6440
59816 6194
14896 6388
14896 6504
14896 6357
14896 6393
14896 6392
59816 5027
14896 6610
14896 6470
14896 6144
14896 6412
14896 6559
14896 6408
14896 6845
59816 5191
14896 6441
14896 6931
14896 6210
59816 3644
14896 5052
59816 3606
44875 3669
44875 3713
59128 6191
25021 4241
44875 3685
44875 3670
44875 3601
44875 6130
44875 3730
44875 4698
44875 5115
44875 3693
59128 3634
59128 3674
44875 3674
44875 6189
44875 3793
44875 3681
44875 3642
44875 6044
44875 3666
44875 3663
44875 4712
44875 5490
49970 3779
25021 3596
25021 7278
59128 4080
59128 3673
59128 6106
44875 3617
59128 3857
59128 4691
44875 3686
59128 4941
59128 4129
59128 3648
44875 3607
59128 3612
59128 3660
59128 3594
59128 3630
44875 4591
59128 4917
59128 3754
60066 3851
49970 3598
49970 7329
49970 6428
25021 6230
59128 4862
44875 3629
10191 5239
25021 3819
59128 3757
4061 4797
59128 5269
44875 3675
59128 6156
35938 4404
60066 3802
53855 3835
60066 7408
59128 4173
44875 3599
9705 4635
4061 3583
4061 7089
49970 5178
59128 4956
35938 4969
9705 3595
35938 7470
35938 6492
35938 6375
35938 6115
60066 3610
9705 7168
9705 6503
9705 6731
9705 6336
4061 5098
60066 3704
60066 4290
60066 6580
57041 3804
53855 3654
53855 6659
4061 3834
4061 6327
25021 3757
9705 4308
9705 6295
9705 3827
4061 4578
35938 5250
35938 4878
60066 3642
35938 6421
60066 5289
33583 5163
10191 4071
10191 6856
44875 4917
57041 3604
59128 4871
57041 7474
57041 6541
57041 6428
53855 6100
57041 6495
53855 4998
53855 3757
53855 6441
53855 3759
44875 3784
35938 3772
57041 3572
57041 6162
57041 3789
53855 3594
53855 3620
33583 3619
33583 7903
33583 6396
33583 6392
10191 5001
33583 6987
10191 5511
10191 5492
10191 3681
10191 6110
57041 6982
53855 5322
57041 6400
57041 6386
57041 6828
57041 6532
57041 6524
57041 6666
57041 6552
53855 6267
57041 6511
57041 7385
53855 5548
57041 6762
53855 5186
57041 6910
53855 5183
57041 6368
57041 6402
53855 6180
57041 6381
57041 6844
53855 6684
57041 6866
57041 4872
53855 3746
33583 4959
33583 4098
10191 3631
33583 3807
33583 6488
33583 2157
10191 3641
10191 4703
33583 5088
59816 3700
59816 3710
44875 3770
44875 6141
59816 3842
59816 3675
59816 4839
59816 5029
44875 3703
44875 3661
44875 3670
44875 6185
44875 3849
44875 3744
59816 4791
59816 5049
55380 3667
55380 3717
51550 6112
51550 4215
14896 3626
30369 3802
60066 3748
14896 2151
10191 3711
59128 3634
59128 3660
14896 6862
14896 6986
59816 5074
14896 6411
14896 6377
14896 6531
59816 5055
14896 6380
14896 6420
14896 6446
14896 6427
14896 6397
14896 6154
59816 3682
14896 6366
59816 3619
14896 6410
14896 6525
14896 6465
14896 6404
14896 6496
14896 7047
59816 5152
14896 7614
14896 6838
14896 6522
14896 6883
59816 5057
44180 3636
44180 6395
44180 6390
44180 6502
44180 6508
55380 6238
44180 6905
55380 4917
44180 6848
44180 6518
55380 6271
44180 6400
44180 6805
55380 5059
44180 6381
44180 6769
55380 5348
14896 6452
14896 6399
14896 6695
59816 6523
14896 6371
14896 6404
14896 6842
59816 6651
14896 6416
14896 7036
59816 6922
14896 6362
14896 6988
14896 6458
14896 3793
14896 6356
59816 6162
44180 6392
59128 3637
44875 3611
44180 6656
59128 4609
55380 3671
59128 4048
2929 3587
2929 3652
44180 6677
44180 6876
55380 4923
44180 6404
44180 6389
55380 6206
59128 6128
59128 3726
44875 3624
59128 6116
44875 3605
44180 6807
44180 7202
55380 6952
57167 5117
14896 6985
59816 4374
14896 6399
14896 6403
14896 6370
14896 6481
14896 6432
59816 6148
14896 6371
14896 6449
14896 6393
14896 6820
14896 6405
14896 4255
14896 6726
59816 5042
44180 6360
44180 6457
55380 6073
14896 6172
14896 3782
59816 3608
13748 3905
44180 6394
44180 6429
55380 6179
14896 6460
14896 6387
14896 6505
14896 6752
59816 5266
14896 6402
14896 6973
14896 5033
59816 4885
44180 6459
44180 6397
55380 5355
44180 6804
44180 6377
55380 3623
14896 6519
14896 2029
59816 3759
14896 6407
14896 6381
14896 6403
14896 6409
14896 5165
44180 6393
44180 6413
59816 6265
55380 3748
14896 6392
59816 5405
14896 6802
14896 6410
14896 6363
14896 6420
14896 6854
14896 7231
59816 6688
14896 1628
14896 7115
59816 5130
14896 6490
14896 6380
14896 6416
59816 6165
14896 6411
14896 6436
14896 6444
59816 6195
14896 6392
14896 6413
44180 6381
44180 6520
14896 6259
14896 6398
14896 546
14896 6584
44180 6411
59816 5020
55380 3611
44180 6397
14896 6241
44180 6497
44180 6228
55380 4283
14896 6210
14896 4250
59816 3773
14896 6514
14896 6967
14896 6434
14896 6579
14896 6180
59816 5070
14896 6537
14896 6949
59816 5183
14896 6385
14896 6112
59816 5264
14896 6367
14896 6398
59816 6122
14896 6260
14896 6778
59816 6356
35938 4599
56420 5132
30369 3617
30369 7265
14896 6261
14896 7009
59816 5203
14896 6531
14896 6933
59816 4937
14896 6452
14896 6639
14896 6466
14896 3622
59816 3720
14896 6870
14896 6546
14896 6376
14896 7670
59816 6034
14896 6461
14896 6371
14896 6401
14896 6530
14896 6398
14896 6420
14896 6445
14896 4785
59816 3738
14896 6365
14896 6346
14896 6393
14896 6428
14896 6502
14896 7078
59816 4902
14896 6416
14896 6894
59816 4917
14896 6426
14896 6386
14896 6407
14896 6396
14896 6672
59816 5105
14896 6867
14896 6902
14896 6423
14896 6648
14896 6401
14896 6825
14896 6393
14896 2047
59816 5061
14896 6386
14896 6391
14896 6369
14896 6427
14896 6481
14896 6426
14896 6418
14896 6887
59816 5438
14896 6431
14896 6519
14896 6541
14896 6550
14896 6375
14896 6518
14896 6509
14896 6409
59816 6249
14896 6400
14896 6401
14896 6498
14896 6524
14896 6390
14896 7777
14896 6404
14896 6366
59816 6123
14896 6411
14896 6398
14896 6422
14896 6406
14896 6405
14896 7139
14896 6491
14896 6389
14896 6541
59816 6147
2929 4740
14896 6573
14896 3870
14896 6556
14896 6369
14896 6811
14896 6369
14896 6343
14896 6812
14896 6780
51550 6511
59816 3744
14896 6420
14896 6375
14896 6426
14896 6731
14896 6391
14896 6526
14896 7255
14896 6908
59816 4938
14896 6469
14896 6437
14896 6577
14896 6797
14896 6412
14896 6366
14896 6565
14896 6715
59816 4921
14896 6357
14896 6396
14896 6365
14896 6380
14896 6480
14896 6383
14896 6436
14896 6392
59816 6185
14896 6395
14896 6093
14896 6864
14896 6437
14896 6374
14896 6401
14896 3709
14896 7049
14896 6836
14896 6382
59816 5086
35938 5365
14896 6418
14896 6369
14896 6437
14896 6689
14896 6494
14896 3700
14896 6660
14896 6405
14896 6221
14896 7005
59816 5221
14896 6792
14896 6306
14896 6390
14896 6373
14896 6809
14896 6388
14896 6394
14896 6390
59816 5333
14896 6407
14896 6846
14896 6327
14896 6420
14896 6392
14896 6362
14896 6358
14896 6418
59816 4920
14896 6411
14896 7311
14896 6439
14896 6531
14896 6409
14896 6478
14896 6488
14896 6410
59816 5070
14226 5342
14896 6434
14896 6169
14896 6394
14896 6864
14896 6445
14896 3740
14896 6817
14896 6186
14896 6948
14896 6828
59816 5183
13748 4596
13748 7613
14896 6526
14896 6445
14896 6850
14896 6561
14896 6743
59816 5088
14896 6424
59816 4952
14896 6383
14896 6557
59816 6408
14896 7014
14896 6401
14896 6394
14896 6672
14896 6416
14896 6386
14896 6393
14896 6828
59816 5411
14896 6424
14896 6382
14896 6601
14896 6393
14896 6411
14896 6403
14896 6853
14896 6520
59816 5456
14896 6462
14896 6428
14896 6842
14896 6422
14896 6445
14896 6400
14896 9712
14896 6693
14896 6497
59816 6039
14896 6544
14896 6391
14896 7369
14896 6439
14896 6487
14896 6459
14896 6640
59816 5026
14896 4977
14896 6387
14896 6364
14896 6388
14896 6397
14896 6412
14896 6404
14896 6461
14896 6261
47938 3841
59816 3623
57167 3616
57167 7503
14896 6514
14896 6439
14896 6478
14896 6413
14896 6408
14896 6379
14896 6487
14896 6518
59816 4990
56420 3605
14896 6369
14896 6373
14896 6861
14896 6426
14896 6403
14896 6535
14896 6857
14896 6512
59816 4902
14896 6385
14896 6872
14896 6379
14896 6624
14896 6388
14896 6366
14896 6395
14896 6461
14896 6392
59816 6489
14896 6441
14896 6388
14896 6407
14896 6412
14896 6460
14896 6454
14896 3734
14896 6521
14896 6681
59816 5101
14896 6665
14896 6421
14896 6410
14896 6395
14896 7188
56420 7372
56420 6380
59816 6112
30369 3944
56420 6430
56420 6224
14896 6439
14896 6843
14896 6399
14896 6422
14896 6445
14896 6381
14896 6791
30369 5188
59816 3663
30369 5162
30369 3741
30369 6121
14896 6415
14896 6840
14896 6418
14896 6533
14896 6459
14896 6368
14896 6704
14896 6840
59816 4922
14896 6544
14896 6131
14896 6465
14896 6513
14896 7637
14896 6378
14896 6406
14896 6385
14896 6931
59816 5081
14896 6373
14896 6249
14896 6377
14896 6530
14896 6476
14896 6448
14896 6475
14896 6390
14896 6416
59816 6032
14896 6418
14896 6565
14896 6547
14896 6814
14896 6382
14896 6428
14896 6506
14896 7238
59816 6810
14896 6412
14896 6264
14896 6468
14896 6373
14896 6454
14896 6544
14896 6965
14896 6397
59816 6001
14896 6386
14896 6417
14896 6380
14896 6422
14896 6490
14896 6395
14896 6777
59816 5036
14896 6405
14896 6431
14896 6550
14896 6355
14896 6401
14896 6412
14896 6433
14896 6407
59816 6054
14896 6507
14896 6384
14896 6424
14896 6368
14896 6360
14896 6488
14896 6130
14896 6832
14896 6390
59816 4871
14896 6392
14896 7269
14896 6438
14896 6615
14896 6823
14896 6392
14896 6401
14896 7219
59816 5855
14896 6369
14896 3803
14896 6386
14896 6393
14896 6471
14896 6383
14896 6487
14896 6373
14896 6918
59816 5176
14896 6536
14896 6377
14896 6395
14896 6693
14896 6397
14896 6445
14896 6422
14896 6438
59816 6222
14896 6389
14896 6511
14896 6408
14896 6614
14896 6506
14896 6881
14896 6503
14896 6387
14896 6865
59816 6539
14896 6365
14896 6523
14896 6446
14896 6386
14896 6430
14896 6403
14896 6929
14896 6994
59816 5070
14896 6504
14896 12084
14896 6421
14896 6505
14896 6384
14896 6517
14896 6797
14896 6580
59816 5096
14896 6387
14896 7423
14896 6402
14896 6534
14896 6455
14896 6514
14896 6389
14896 6405
59816 6054
14896 7200
14896 6367
14896 6556
14896 6433
14896 6393
14896 6502
14896 6417
14896 6758
59816 5040
14896 4940
14896 6403
14896 6447
14896 6357
14896 6395
14896 6410
14896 6686
14896 6831
59816 4909
14896 6306
14896 6607
14896 6542
14896 6417
14896 6521
14896 6361
14896 5027
14896 6450
14896 6935
59816 5068
14896 6401
14896 6999
14896 6382
14896 6352
14896 6420
14896 6361
14896 6487
14896 6426
59816 6121
14896 6643
14896 6574
14896 6551
14896 6361
14896 6508
14896 6474
14896 6383
14896 6517
59816 5046
14896 6511
14896 6379
14896 6420
14896 6937
14896 6384
14896 6421
14896 6452
14896 6591
59816 5097
14896 6413
14896 6427
14896 6371
14896 6820
14896 6379
14896 6557
14896 7433
14896 6427
14896 6436
59816 6159
14896 6811
14896 6426
14896 6381
14896 6555
14896 3687
14896 6417
14896 6414
14896 6379
14896 6774
59816 5189
14226 3619
14896 6321
14896 6527
14896 6534
14896 6485
14896 6434
14896 6408
14896 3855
14896 6388
59816 5000
14896 6795
14896 6407
14896 6490
14896 6425
14896 6547
14896 6421
14896 6412
14896 7165
59816 5644
14896 6471
14896 6402
14896 6647
14896 6365
14896 6425
14896 6429
14896 6919
14896 6955
59816 5215
14896 6413
14896 6587
14896 6461
14896 6450
14896 6363
14896 6369
14896 6410
14896 6694
59816 5098
14896 6832
14896 6590
14896 6434
14896 6366
14896 6364
14896 6599
14896 6453
14896 6835
59816 4927
14226 8170
14896 6402
14896 6368
14896 8884
14896 7022
14896 6384
14896 6397
14896 6563
14896 3826
14896 7143
59816 4951
14896 6553
14896 6511
14896 6394
14896 6411
14896 6413
14896 6372
14896 6409
14896 6437
14896 7030
59816 5427
13748 4961
13748 3671
13748 4745
14896 6795
14896 6549
14896 6570
14896 6849
14896 6374
14896 6615
14896 3678
14896 6427
59816 4912
14896 6383
14896 6856
14896 7308
14896 6449
14896 6391
14896 6640
14896 6545
14896 5189
14896 6529
59816 4828
14896 6368
14896 6360
14896 6626
14896 6800
14896 6384
14896 6507
14896 6493
14896 6229
14896 6704
59816 6515
14896 6551
14896 6854
14896 6595
14896 6402
14896 6416
14896 6407
14896 6284
14896 6412
59816 4881
60066 3611
14896 6975
14896 6397
14896 6401
14896 7683
14896 6674
14896 6404
14896 6239
14896 6599
59816 5113
14896 6419
14896 6844
14896 6552
14896 6851
14896 6385
14896 6379
14896 6420
14896 6882
59816 4914
14896 6511
14896 6351
14896 6390
14896 6843
14896 6382
14896 6350
14896 7207
14896 6821
59816 5204
14896 6436
14896 6991
14896 6367
14896 6454
14896 6357
14896 6404
14896 6669
14896 6448
59816 6258
14896 7109
14896 6600
14896 6377
14896 6384
14896 6361
14896 6396
14896 6401
14896 6546
14896 6513
59816 5274
14896 6403
14896 6414
14896 6491
14896 6778
14896 6683
14896 6420
14896 6385
14896 6136
14896 6373
59816 3636
14896 6445
14896 6488
14896 6536
14896 7220
14896 6457
14896 6375
14896 6977
47938 4952
14896 6522
59816 4049
14896 6529
14896 6952
14896 6511
14896 6405
14896 6359
14896 6692
14896 6410
14896 6787
59816 6531
14896 6336
47938 6186
14896 6446
14896 6416
14896 6408
14896 6525
14896 6422
14896 6398
14896 6391
56420 4013
59816 3609
14896 6470
56420 3835
56420 6487
56420 6513
56420 6830
56420 6387
56420 6393
56420 6288
56420 6932
30369 5284
30369 4818
56420 6359
14896 6565
14896 7337
14896 6533
14896 6456
14896 6481
14896 6735
14896 6996
30369 5211
59816 3804
14896 6539
14896 6473
14896 6405
14896 6368
14896 6863
14896 6709
14896 6817
14896 6488
14896 6570
59816 6405
14896 6480
14896 6656
14896 6406
14896 6827
14896 6414
14896 6363
14896 6552
59816 5086
14896 6408
14896 6371
14896 6837
14896 6428
14896 6410
14896 7387
14896 6418
14896 1394
59816 5263
33583 3647
33583 124
59816 3616
10191 3650
14896 6400
14896 6436
14896 6430
14896 6783
14896 6383
14896 6371
14896 6457
59816 6259
14896 6213
14896 6456
14896 6405
14896 6521
14896 6430
14896 6436
14896 6523
14896 6760
59816 5069
57167 4830
14896 6360
14896 6418
14896 3693
14896 7083
14896 6532
14896 6347
14896 6497
14896 6412
14896 6378
57167 3667
59816 3630
57167 6090
14896 6375
14896 6401
14896 6370
14896 6408
14896 6457
14896 6432
14896 6797
59816 5111
14896 6349
14896 6384
14896 6371
14896 6422
59128 5208
14896 6403
14896 6448
14896 6445
14896 6670
59816 5049
33750 3877
14896 6375
14896 6470
14896 6378
14896 7802
59816 6396
14896 6405
14896 6415
14896 6372
14896 6386
14896 6380
59816 4966
14896 6396
14896 6570
14896 6520
14896 6382
14896 3697
14896 6516
14896 6418
14896 6386
14896 6821
59816 5204
14896 6389
14896 6479
14896 6383
14896 6940
14896 5279
14896 6437
14896 6503
14896 6498
14896 6977
59816 5090
14896 6848
14896 7426
14896 6785
14896 6545
14896 8694
14896 6380
14896 6527
14896 7127
59816 5241
14896 6611
14896 6388
14896 6555
14896 6460
14896 6590
14896 4012
14896 6401
14896 6381
14896 6515
59816 6351
14896 6539
14896 6546
14896 6800
14896 6593
14896 6597
14896 6790
14896 6989
14896 6718
59816 5552
14896 6413
14896 6735
14896 6681
14896 6623
14896 9332
14896 6762
14896 6793
14896 6636
14896 9171
59816 8043
14896 6491
14896 6643
14896 7123
14896 6615
14896 6810
14896 4490
14896 6660
14896 6419
14896 6504
59816 6076
14896 6644
14896 6957
14896 6511
14896 6488
14896 6577
14896 6526
14896 6988
14896 5337
14896 6628
59816 5289
14896 6782
14896 6496
14896 6520
14896 6427
14896 6464
14896 6761
14896 3936
14896 6431
14896 7078
59816 5095
14896 8852
14896 6430
14896 6984
14896 6744
14896 6508
14896 6479
14896 4979
14896 6485
14896 7161
59816 5143
14896 6525
14896 6497
14896 6426
14896 6510
14896 6385
14896 6643
14896 6379
14896 6479
14896 6529
59816 5318
14896 6528
14896 6670
14896 6382
14896 6499
14896 7352
14896 6478
14896 6516
14896 6931
59816 5007
14896 6432
14896 6611
14896 6900
14896 8498
14896 6507
14896 6367
14896 6478
14896 6543
14896 7009
59816 5391
14896 6546
14896 6871
14896 6386
14896 6655
14896 6640
14896 6708
14896 6765
14896 6668
59816 6223
14896 6526
14896 6903
14896 6930
14896 6580
14896 6488
14896 6533
14896 6438
14896 6583
59816 5106
14896 6800
14896 6510
14896 6515
14896 6471
14896 6591
14896 6675
14896 6590
14896 8925
59816 7942
14896 6649
14896 6388
14896 6534
14896 6402
14896 6979
14896 6391
14896 6424
14896 6421
14896 6662
59816 5581
14896 6516
14896 6604
14896 6768
14896 6663
14896 6531
14896 6807
14896 6493
14896 5300
14896 7416
59816 5680
14896 6511
14896 6484
14896 6630
14896 6888
14896 6530
14896 6572
14896 6624
14896 6486
59816 5051
14896 6608
14896 8703
14896 7049
14896 6368
14896 6546
14896 7840
14896 6594
14896 6552
59816 4298
14896 6633
14896 6580
14896 6914
14896 6569
14896 6595
14896 6598
14896 6637
14896 7001
14226 3767
59816 3634
14226 4768
14896 6645
14896 6618
14896 6783
14896 6589
14896 4139
14896 6451
14896 6433
14896 6232
14896 6335
14896 6575
14896 6315
14896 3845
14896 5172
14896 8059
14896 6245
13748 4137
59816 3879
13748 3884
14896 6475
14896 6263
14896 4014
59816 3907
14896 6597
14896 6540
14896 6672
14896 6492
14896 6546
14896 6382
14896 6663
59816 5469
14896 6681
14896 4036
14896 3752
56420 6403
56420 6384
56420 6879
56420 6708
56420 6529
56420 6530
56420 6888
59816 5041
30369 4151
56420 6534
56420 6427
56420 6570
30369 7284
5413 5739
33750 4573
33750 7545
47938 3909
47938 5210
47938 3790
57167 3782
47938 3880
57167 3708
47938 6244
47938 6984
57167 5505
47938 6381
47938 6646
47938 6522
57167 6343
47938 6554
47938 6664
57167 5188
47938 6597
47938 6514
47938 6592
57167 5480
47938 6841
57167 5211
47938 6695
47938 6448
57167 5293
47938 6554
47938 6616
57167 5444
47938 8365
47938 6890
57167 6705
47938 6507
47938 6345
57167 4180
47938 6419
47938 7165
57167 4957
47938 6905
57167 4966
47938 6796
47938 6410
47938 6852
57167 5267
47938 6828
47938 9396
57167 7919
47938 6849
57167 6438
47938 6425
57167 5004
47938 6447
57167 5226
47938 6513
47938 6503
57167 5222
44875 3754
47938 7712
47938 6538
57167 3627
47938 6429
57167 5415
56420 8469
56420 6670
30369 5538
56420 6417
30369 5210
56420 6561
56420 6446
56420 6491
30369 6283
56420 6375
56420 7023
30369 5264
56420 6485
56420 6400
30369 6234
5413 3907
5413 9900
5413 6442
33750 6298
47938 6417
47938 6443
47938 6491
47938 6400
47938 6450
47938 6560
57167 5146
47938 6397
57167 6050
47938 6442
47938 6340
47938 6477
47938 7390
47938 6552
57167 6131
47938 6360
57167 6112
47938 6368
47938 6437
47938 6760
57167 5130
47938 7042
57167 4925
47938 6381
47938 6684
47938 6402
57167 6192
47938 6598
57167 5133
47938 6431
47938 6393
57167 6259
47938 6451
47938 6542
47938 6945
57167 5164
47938 7656
57167 5462
47938 6622
47938 6433
57167 6025
47938 6387
47938 6521
57167 6273
47938 7602
47938 6712
57167 5041
47938 6469
47938 6818
57167 4952
47938 6396
47938 7210
57167 6961
47938 6386
47938 6761
57167 5190
47938 6425
56420 6415
30369 6210
56420 6492
56420 7073
30369 5329
56420 6437
56420 7059
30369 5440
56420 6531
56420 6359
56420 6376
56420 6867
56420 6611
56420 3766
30369 3587
47938 3787
57167 3580
47938 6572
57167 4953
47938 7172
47938 6625
57167 5379
47938 6381
47938 6577
57167 5099
47938 6429
33750 3761
33750 6182
14226 3638
47938 6215
57167 3700
47938 2288
57167 3613
14226 6320
14226 6357
14226 6333
14226 6358
14226 6498
14226 6203
14226 6776
14226 6399
14226 6378
13748 3597
14226 6411
14226 6686
14226 6416
14226 6386
14226 6730
14226 6345
13748 5095
14226 7918
13748 6032
5413 3635
5413 6679
5413 6433
33750 5225
5413 6388
5413 6395
5413 6638
33750 5056
5413 6559
5413 6373
5413 6372
5413 6415
5413 6807
5413 6371
5413 6837
5413 36699
5413 6606
5413 6542
5413 6887
33750 5255
14226 6399
14226 6843
14226 6436
14226 6428
14226 6435
13748 4921
14226 6560
14226 6398
14226 6423
14226 7456
14226 6424
14226 6342
14226 6462
14226 6436
14226 6478
14226 6476
14226 6400
14226 6552
14226 6383
13748 6199
14226 6357
14226 6368
14226 6462
14226 6388
14226 6440
14226 6534
14226 6442
14226 6999
13748 4958
14226 6455
14226 6451
14226 6553
14226 6544
14226 6540
14226 6448
13748 6298
5413 6463
5413 6412
5413 6379
5413 6655
33750 5079
5413 8470
5413 6493
5413 6383
5413 6457
5413 6440
5413 6544
5413 6366
33750 4880
5413 6379
5413 6442
5413 6838
33750 6598
5413 6845
5413 6501
5413 6420
5413 6377
33750 5445
5413 6524
5413 6364
5413 6512
5413 6390
5413 6409
5413 6415
5413 6387
5413 6483
33750 6286
5413 3795
14226 6384
14226 7150
13748 4948
14226 6534
14226 6484
13748 6068
14226 6928
14226 6530
13748 6320
14226 6398
14226 6397
14226 6817
13748 6398
14226 6445
14226 6832
14226 6506
13748 6237
14226 6358
14226 6732
14226 6402
13748 6194
14226 6582
13748 5216
14226 6367
14226 6844
14226 6417
13748 6207
14226 6392
13748 5309
14226 6972
14226 6366
14226 6427
13748 4784
14226 7557
13748 5704
14226 6373
14226 6465
14226 7776
13748 6322
14226 6382
13748 6250
14226 6540
14226 6390
14226 6412
13748 6189
14226 6385
14226 6752
13748 5172
33750 3659
14896 6502
14896 6550
14896 6411
14896 6440
59816 5187
14896 6798
14896 6500
14896 6401
14896 6390
14896 3695
59816 3620
14896 6846
59816 4981
14896 6567
14896 6411
59816 6171
14896 6404
14896 6266
59816 5291
14896 6390
14896 7746
14896 6396
14896 6408
14896 6149
59816 3616
59816 5219
14896 6368
14896 6404
14896 6428
59816 4909
14896 7123
59816 5058
14896 6416
14896 6759
59816 5178
14896 6425
14896 6638
14896 6670
59816 5053
14896 6847
59816 5597
14896 6428
14896 6367
14896 7198
14896 6395
59816 5429
14896 6342
14896 6465
14896 6661
14896 7093
59816 5028
14896 7065
14896 1404
59816 3607
30112 4903
12704 5119
55380 3708
52641 3679
47520 3821
59816 4760
60066 5203
59816 3806
44180 6413
44180 6390
44180 6380
13087 3844
55380 3638
30112 3594
49951 3783
12704 3744
30112 7051
12704 6794
21278 3810
52641 3648
52641 6911
35938 4781
25372 5095
47520 4105
47520 6825
14896 3371
59816 3663
14896 7072
14896 6416
59816 6198
14896 6342
14896 6670
59816 3686
14896 6434
14896 6374
14896 6391
14896 6497
14896 6401
14896 6553
14896 1228
59816 3742
13087 3606
49951 3788
49951 8757
49951 6385
13087 7687
12704 7287
13087 6456
30112 6101
21278 4958
25372 3785
21278 7876
21278 6563
52641 6207
25372 7405
25372 6502
47520 6326
12704 3796
30112 5578
52641 5071
47520 3708
12704 7042
30112 6249
52641 6173
47520 6277
60066 5321
49951 3849
13087 6132
21278 4373
25372 5780
21278 6467
52641 6185
21278 6499
21278 6372
21278 6432
21278 6401
21278 6450
21278 6385
21278 6429
21278 6447
52641 6291
21278 6402
21278 6460
21278 6818
21278 6816
52641 5182
21278 6424
21278 6497
21278 6379
21278 6849
52641 5147
21278 7075
21278 6487
21278 6724
21278 6378
21278 6388
21278 6431
21278 6403
21278 6834
21278 6402
52641 6096
21278 6501
21278 6388
52641 6031
25372 6392
47520 6198
25372 6426
25372 6441
25372 6357
25372 6397
47520 6148
25372 6472
25372 6359
25372 6360
25372 6434
25372 6369
25372 6529
25372 6412
25372 6426
25372 6424
25372 6509
47520 5842
25372 6425
25372 7406
25372 6388
25372 6511
25372 6372
25372 6360
25372 6469
25372 6504
47520 5032
25372 6398
25372 6420
25372 6386
25372 6368
25372 6410
25372 6758
25372 6527
25372 7047
47520 5089
57167 3706
49951 6514
12704 5452
49951 6819
49951 6408
49951 6471
49951 6378
49951 6416
49951 6540
49951 6429
49951 6415
12704 5187
49951 6384
49951 6450
49951 6423
49951 5806
49951 6769
49951 6387
49951 6386
49951 6407
12704 6187
43160 6289
43160 3662
49951 6401
49951 6408
49951 6597
49951 6419
49951 6365
49951 6729
49951 6360
49951 6456
12704 5295
49951 6412
49951 6686
49951 6603
49951 6403
49951 6470
49951 6465
12704 5228
25372 7017
25372 6472
25372 7823
47520 5163
49951 6376
49951 6398
49951 6422
49951 6604
12704 4472
49951 8153
49951 6670
49951 6571
12704 6362
49951 6396
49951 6915
12704 4012
26296 1204
26296 3714
43160 4060
47938 3901
13087 3559
47938 6085
57167 3637
47938 6391
47938 6554
57167 6353
47938 6525
47938 6395
47938 6567
57167 5102
47938 7055
57167 5036
47938 6654
47938 6549
57167 6368
47938 6455
47938 6550
57167 6394
47938 8046
47938 6687
47938 6519
47938 6626
57167 5159
47938 6488
47938 6831
57167 5235
47938 6373
47938 6823
47938 6727
47938 6511
57167 5035
47938 6594
47938 6436
47938 6691
57167 5019
47938 6407
57167 5268
47938 6596
47938 6391
47938 7232
57167 6581
47938 6584
57167 4143
30112 3717
47938 6646
47938 6814
57167 5045
47938 6446
47938 7077
47938 6445
57167 5058
47938 8150
57167 5889
47938 6548
47938 6502
47938 6521
47938 7058
57167 5369
47938 7086
47938 6579
47938 6840
57167 4980
47938 6396
47938 6523
57167 6051
47938 6538
57167 6386
47938 6462
47938 6391
57167 4316
47938 6403
47938 6489
47938 6625
57167 6443
47938 6527
57167 3772
47938 6447
47938 6418
47938 6444
47938 7476
57167 5178
47938 6450
47938 7814
47938 6859
57167 5249
47938 6388
47938 6631
47938 6960
47938 6357
47938 6381
57167 4875
47938 6365
47938 6382
47938 6416
57167 6264
47938 6997
47938 6589
57167 6435
47938 6674
57167 5070
47938 6607
47938 6511
57167 6312
47938 6785
47938 6402
57167 6081
47938 6509
47938 6540
57167 5063
47938 6425
47938 6364
47938 6492
57167 6259
47938 6445
47938 7818
57167 6622
47938 7413
47938 6622
57167 5310
47938 6232
57167 4057
47938 1968
57167 3652
13087 6214
13087 6546
13087 7030
30112 6645
13087 7097
13087 6630
13087 6855
13087 6547
13087 6354
13087 6440
30112 6146
13087 6422
13087 6838
13087 7165
13087 6471
30112 5179
13087 6474
13087 6401
13087 6528
13087 7347
30112 7100
13087 6645
13087 8128
13087 6384
30112 6100
13087 6517
13087 6473
13087 6850
13087 3706
30112 3599
13087 6429
13087 6155
30112 4047
13087 6822
30112 5737
13087 6394
13087 6424
13087 6388
13087 7125
30112 5097
13087 6361
13087 6482
30112 4075
13087 6492
13087 6529
30112 6404
13087 6831
13087 6833
30112 4717
13087 6404
13087 7831
30112 5827
13087 6656
13087 7696
30112 6325
13087 6474
13087 6415
13087 6427
30112 4397
13087 6877
30112 5195
13087 6961
30112 5063
48247 3618
32507 4810
18374 5182
44875 3679
44875 3778
59816 4704
44875 5029
44875 4201
59128 3659
59128 4146
59128 3664
44875 4701
14896 25
59816 4070
59128 6109
55502 3880
2449 3738
55502 3634
55502 7113
57167 3756
43160 6252
59128 5461
44875 4225
31825 3926
2449 4711
2449 8850
2449 6410
55502 4987
7102 3846
31825 3646
26296 4723
26296 5115
43160 3915
55502 3714
31825 6992
55502 6302
47938 3709
7102 3695
7102 7464
31825 6252
2449 3866
7102 7680
7102 6738
7102 6822
31825 5388
7102 6644
7102 3813
31825 5337
39239 4145
18374 3714
31825 6138
31825 3844
31825 3806
7102 8311
7102 4814
7102 5146
31825 3772
7102 3808
31825 911
57167 4114
7102 6629
7102 6538
7102 7054
31825 5400
2449 3635
55502 3735
47938 6237
47938 6789
47938 6379
47938 6915
57167 5197
47938 6843
47938 6471
47938 6516
57167 5235
47938 6629
47938 6463
47938 6410
57167 4008
47938 6377
57167 6217
47938 6367
47938 6420
47938 9048
57167 7385
47938 6494
47938 7184
57167 7244
47938 6403
47938 6734
57167 3957
47938 6566
47938 6951
57167 5120
47938 6871
47938 6514
47938 6440
57167 6228
47938 6613
47938 6373
47938 6947
57167 5310
47938 6367
47938 6741
57167 5053
47938 7950
57167 6660
47938 6382
47938 6444
47938 6548
47938 6525
57167 5275
47938 6504
47938 7231
57167 5259
47938 8502
47938 6583
47938 7035
57167 5394
47938 6638
57167 5167
47938 6513
47938 6411
47938 6586
47938 6712
57167 5259
47938 6525
47938 6590
47938 6519
47938 6684
57167 5509
47938 6749
47938 6606
57167 5162
47938 6578
47938 6619
57167 5386
47938 7032
57167 4889
47938 6656
47938 6373
57167 6042
58149 4966
2449 4820
47938 7014
47938 6530
47938 7755
47938 6359
57167 3623
47938 6467
47938 6554
47938 6531
47938 6499
47938 6551
57167 6417
47938 6504
47938 6406
47938 6791
57167 4923
47938 6497
47938 6457
47938 6856
47938 6376
57167 6106
47938 6968
57167 5380
47938 6687
47938 6618
47938 6533
57167 5359
47938 6702
57167 5640
47938 6545
47938 6615
47938 7411
57167 5502
47938 6582
47938 8061
47938 6967
47938 5548
57167 4988
47938 6408
47938 6428
57167 3671
47938 5064
57167 3743
7102 3809
55502 3724
60633 3805
60532 8399
32510 5571
58170 3616
16274 3667
44875 4777
44875 5235
59128 3635
59128 3764
59128 6199
44875 3754
65487 3946
18336 3909
65487 4099
65487 7147
57167 3815
43160 6153
18336 3618
18336 8752
18336 6641
65487 6468
18336 7944
65487 5050
26296 3631
26296 3724
43160 3782
47938 3643
47938 6170
57167 3744
47938 6379
47938 6414
47938 6399
47938 6563
47938 6572
57167 5325
47938 6702
57167 5289
47938 6684
47938 6368
47938 6456
47938 6488
47938 6562
47938 6581
57167 5130
47938 6766
47938 7286
57167 5416
47938 6389
47938 6889
47938 6468
57167 5885
47938 6598
57167 5122
47938 8156
47938 6402
47938 6364
47938 6358
47938 6427
47938 6403
57167 4034
47938 6402
47938 6417
47938 6516
47938 6529
47938 6391
47938 7079
57167 5227
47938 6423
47938 6493
47938 6393
47938 6399
57167 4855
47938 6952
47938 6859
57167 4942
47938 6675
47938 6973
57167 4982
47938 6439
47938 6431
47938 6534
47938 6870
57167 5209
47938 6488
47938 8193
57167 7012
47938 6376
47938 6967
57167 4968
47938 6766
47938 6407
57167 6224
47938 6541
47938 6389
57167 6113
47938 6834
47938 6405
57167 6184
47938 6529
47938 6554
47938 6407
47938 6818
57167 5178
47938 6735
47938 6678
57167 5052
47938 6363
47938 6491
57167 5174
47938 6501
47938 7253
57167 5227
47938 6544
47938 6572
57167 6203
47938 6456
47938 7988
57167 7825
47938 6397
47938 6776
57167 5300
47938 6382
47938 6504
57167 6383
18336 3654
65487 6375
47938 6406
47938 6546
57167 5092
47938 6824
47938 6362
47938 6395
47938 6405
57167 4987
47938 6364
47938 6413
47938 6978
57167 5093
47938 6415
47938 6884
47938 4838
57167 5236
47938 2322
57167 3656
18336 6603
65487 3758
59816 3763
14896 7151
14896 6366
14896 6420
14896 6401
14896 6543
14896 6413
14896 6880
14896 6440
14896 6389
14896 6807
14896 6515
14896 6584
59816 4765
14896 6491
14896 6834
14896 6439
14896 6372
14896 6839
14896 6576
14896 6552
59816 4430
14896 6378
14896 6970
14896 6465
14896 6355
14896 6500
14896 6395
14896 6422
14896 6777
59816 4998
14896 6702
14896 6548
14896 7090
14896 6514
14896 6382
14896 6416
14896 6413
14896 3828
14896 6666
59816 5298
14896 6417
14896 6380
14896 6423
14896 6674
14896 6386
14896 6399
14896 6406
14896 6436
59816 6230
14896 6447
14896 6389
14896 6410
14896 6402
14896 6549
14896 6364
14896 6393
14896 6385
59816 6062
14896 6413
14896 6407
14896 6389
14896 6355
14896 6391
14896 6871
14896 7041
14896 6395
14896 6403
59816 5209
14896 6538
14896 6438
14896 6374
14896 6365
14896 6425
14896 6393
14896 6835
14896 6871
59816 5146
14896 6396
14896 6438
14896 6390
14896 6476
14896 6518
14896 6475
14896 6386
59816 6232
14896 6415
14896 6412
14896 6442
14896 6133
14896 6499
14896 6501
14896 6534
14896 6470
14896 6688
59816 5212
14896 7190
14896 6407
14896 6830
14896 6400
14896 6391
14896 6543
14896 6787
59816 5322
14896 6857
14896 6848
14896 6496
14896 6440
14896 6638
14896 6532
14896 6419
14896 6402
59816 5124
14896 6366
14896 6543
14896 6464
14896 6422
14896 6558
14896 6550
14896 6573
14896 6394
14896 6777
59816 5187
14896 6455
14896 6393
14896 6462
14896 6659
14896 6991
14896 6685
14896 6374
14896 6656
59816 5056
14896 6395
14896 6729
14896 6400
14896 6391
14896 6405
14896 6425
14896 6360
14896 6988
59816 5137
14896 6424
14896 6574
14896 6391
14896 6350
14896 6374
14896 6507
14896 6431
14896 6401
59816 5445
14896 6457
14896 6374
14896 6582
14896 6376
14896 6395
14896 6362
14896 6381
14896 7567
59816 6284
14896 7288
14896 6476
14896 6402
14896 6645
14896 6515
14896 6410
14896 6421
14896 6404
14896 6976
59816 5239
14896 6408
14896 6369
14896 6454
14896 6500
14896 6393
14896 6650
14896 6342
14896 6427
59816 6286
14896 6379
14896 6383
14896 6866
14896 6533
14896 6370
14896 6448
14896 6366
14896 6395
59816 6215
14896 6411
14896 338
14896 7098
14896 6403
14896 6491
14896 6412
14896 6510
59816 6347
14896 6370
14896 6397
14896 6696
14896 6497
14896 6387
14896 6465
14896 6113
14896 3638
14896 147
59816 3651
43160 6094
43160 3885
43160 6092
43160 3749
43160 6250
43160 6360
43160 6385
43160 6412
26296 4097
26296 5508
43160 3608
26296 3608
43160 3606
26296 3775
43160 3725
26296 4507
26296 56
26296 3777
43160 3614
26296 6123
26296 3667
43160 3628
26296 1917
26296 5086
43160 3582
26296 3797
44875 3631
44875 6061
8315 3803
55380 6710
12445 3764
55380 3696
59128 4077
59128 4621
62635 5065
44180 6333
44180 6397
44180 6576
44180 6374
44180 6488
44180 6380
44180 6825
44180 6551
55380 5242
44180 7138
44180 6351
44180 6401
55380 6036
44180 6834
55380 4899
44180 6408
44180 6438
55380 6217
44180 6562
44180 6396
44180 6826
55380 5188
44180 6982
55380 5187
44180 6449
44180 6564
55380 5396
44180 6752
44180 6383
44180 6461
55380 6024
44180 7216
44180 6551
44180 6395
55380 6222
44180 6357
44180 6462
44180 6740
55380 5042
44180 6407
44180 6479
44180 7411
55380 4528
44180 6572
44180 6390
44180 6468
44180 6422
55380 6179
44180 6812
44180 6442
44180 6661
55380 5097
44180 6514
44180 6458
44180 7068
55380 5303
44180 6421
44180 6452
44180 6417
55380 4849
44180 6298
55380 3714
44875 3763
59128 3752
29351 4925
44875 4999
44875 3831
37925 3685
37925 6778
37925 6368
37925 6360
37925 6405
57513 3936
62635 3652
29351 6041
37925 6375
37925 6959
62635 5044
37925 6552
37925 6361
37925 6381
37925 7012
62635 5058
29351 7127
37925 7202
37925 6614
59128 5308
62635 3640
59128 3790
37925 6820
37925 6426
62635 4443
59128 5047
44875 3623
57513 3584
57513 7878
57513 6534
57513 6417
57513 6350
29351 5088
29351 3679
29351 3794
29351 6132
57513 3812
57513 4732
29351 4828
29351 4977
57513 5440
29351 5067
29351 6201
57513 3641
57513 3767
57513 3681
29351 4770
12445 6284
12445 6267
8315 3622
12445 6529
12445 3755
8315 3596
12445 6536
12445 6454
12445 3906
8315 4050
12445 6302
8315 3684
12445 3767
12445 463
8315 3606
43587 3948
28056 3681
28056 3631
3693 794
1196 5651
28056 3651
44875 4365
44875 3738
60995 3648
59128 4748
59128 4993
54421 3613
59128 4171
44875 3756
48782 3902
43160 6417
26296 3623
26296 3643
26296 3774
43160 3746
62636 3794
59467 4813
8315 5052
8315 3645
12445 3637
12445 3586
27838 4714
59467 5056
59467 7506
12445 5105
12445 3609
8315 3597
12445 6847
12445 637
8315 3658
33781 4407
52364 3830
27838 4859
27838 7628
27838 7054
59467 5597
27838 6365
27838 6873
27838 6896
59467 5181
59467 3708
59467 6173
59467 3984
27838 6108
27838 3701
59467 3638
59467 3653
27838 6492
27838 5032
59467 3625
17687 3738
56898 3578
39490 3722
27838 3698
13486 3817
50350 3705
37542 4962
51251 1058
34943 3605
34943 3760
51251 3608
8315 3782
55380 6026
44180 7002
44180 6467
44180 6404
44180 5236
55380 3712
12445 6235
12445 5026
8315 3634
44875 3745
44875 3855
59128 3761
59128 3773
44875 4588
59128 5215
59816 3750
43706 4648
44875 3586
14896 4962
17079 3617
51895 3636
14006 3607
22082 3644
4674 3790
38061 3860
25773 3832
29721 3827
14896 6789
14896 446
59816 3653
5129 5229
46090 3937
9227 4286
36511 3633
36511 3629
39744 3605
39744 3628
36511 3610
6813 4596
43434 5291
245 3652
245 3719
38468 974
57156 3633
57156 3704
19782 3584
19782 3672
245 4616
57156 4965
20125 3704
20125 3597
43841 3612
43841 3604
20125 3657
53349 3722
4859 3857
39984 4660
43748 3665
64763 4929
64763 1935
35358 3589
35358 3722
64763 4078
44875 4852
44875 5106
41093 3960
59128 4064
59128 3622
59128 4757
44875 4990
28697 3913
35864 3729
22187 4047
41093 3641
40829 3647
28697 3626
28697 6544
3964 3827
35864 3692
35864 6717
40829 3661
3964 3573
40829 7207
40829 6362
40829 6612
3964 7502
28697 6044
3964 6441
3964 6264
35864 5052
28697 3693
35864 1933
28697 3868
28697 7134
40829 4742
40829 5445
28697 3844
28697 3831
40829 3642
3964 1921
35864 109
40829 3918
28697 4671
44875 5428
44875 3723
59128 3620
59128 3679
59128 6251
44875 3600
44434 3908
52037 3972
44434 3756
44434 6762
52037 5330
52037 4617
44434 6219
40829 3725
52037 7221
52037 6420
52037 6354
44434 6145
52037 3779
44434 4163
44434 4667
44434 5080
44434 3817
52037 6119
52037 4751
52037 5022
44434 3584
44434 3653
52037 3599
52037 6435
52037 6369
52037 6381
52037 6382
52037 6961
44434 5343
52037 6390
52037 6501
52037 6711
52037 6883
52037 6540
44434 6141
52037 6396
52037 6400
52037 6385
52037 3862
44434 3676
25021 3697
44875 3639
44875 6058
49970 1037
25021 4240
25021 4097
59128 4021
59128 3726
59128 6084
44875 4084
54677 3851
37269 3659
64004 3694
54677 3595
2564 3764
37269 4603
37269 6816
54677 5485
2564 3645
64004 4726
64004 7343
64004 6498
64004 6351
54677 6087
2564 7431
2564 6392
37269 6189
2564 6379
2564 6541
64004 6359
37269 4047
54677 3640
54677 3740
37269 3832
64004 4820
2564 5202
54677 4397
37269 3670
44875 3657
44875 4708
44875 4986
44875 3800
44875 3809
44875 4799
59128 3614
59128 5136
59128 3613
59128 3604
44875 3637
59128 4756
59128 5070
44875 4119
59128 4745
59794 5196
64913 3686
12367 3633
29775 3749
782 3643
44434 3684
44434 6131
44434 3667
44434 3760
44434 4740
44434 5006
44434 3686
44434 3665
44434 5121
44434 5498
52032 4410
64913 3638
15173 3911
59794 3603
64913 6691
16427 5171
12367 3626
45099 3740
29775 3604
59794 6511
12367 6393
51791 3758
782 3728
29775 6535
782 6693
52037 1927
52037 4587
52037 6414
52037 3680
44434 3619
52037 6316
52037 6873
44434 5036
52037 6424
52037 6374
44434 4883
52037 6404
52037 6396
44434 6174
52037 6877
52037 6900
52037 6468
52037 6364
52037 6410
52037 6393
52037 6427
52037 6373
52037 6743
44434 6448
52037 6353
52037 6437
52037 6872
52037 6383
44434 5409
52037 6842
52037 6508
52037 6502
52037 6256
44434 3726
52037 6457
52037 6361
52037 6390
52037 6864
44434 5408
52032 3754
52032 5166
64913 6841
16427 3616
16427 7133
15173 3686
45099 3712
12367 6379
45099 5182
15173 4399
51791 3691
51791 5315
59794 6220
29775 5330
782 6183
52037 6393
52037 6651
44434 5067
52037 6404
52037 6374
44434 6245
52037 6570
52037 6351
52037 6483
44434 6270
52037 6414
44434 3611
52037 6358
44434 6202
52037 6459
52037 6445
44434 6085
52037 6416
52037 6353
52037 6431
44434 6203
52037 6401
52037 6717
52037 6448
52037 7093
52037 6952
44434 4944
52037 6395
52037 6467
52037 6496
44434 6343
52037 6374
52037 6543
52037 6386
52037 6411
52037 6412
44434 6207
52037 6383
52037 6473
52037 6453
52037 6725
52037 6394
52037 6459
52037 6432
52037 6407
52037 7351
44434 5608
52037 6538
52037 6365
52037 6416
52037 6393
52037 6406
52037 6725
52037 6719
44434 5064
52032 7425
52032 6895
52032 6402
64913 6239
52032 4003
64913 3618
15173 7409
51791 7664
51791 6566
15173 6373
15173 6351
51791 6929
782 5212
59794 3619
16427 7110
16427 6404
16427 6541
12367 6635
45099 7234
45099 6415
45099 6695
29775 5550
51791 6386
15173 4762
782 4853
59794 3766
44875 3646
52037 6376
52037 6397
44434 6176
52037 6720
52037 7105
44434 6856
52037 6380
52037 6466
52037 6486
44434 6244
52037 6394
44434 6194
64913 3793
59794 3715
52037 6383
52037 6490
52037 6460
44434 6012
52037 6672
44434 5068
52037 6375
52037 6418
52037 6643
44434 6514
52037 6786
44434 5576
52037 6519
52037 6397
52037 6732
52037 6468
44434 6181
52037 6444
52037 6361
52037 6218
44434 5406
782 5087
59794 4360
64913 3689
64913 6717
64913 3715
782 3735
12367 3811
29775 4670
782 5128
29775 3604
12367 4691
12367 5076
12367 3650
52032 6255
52032 3800
52032 3694
64913 4621
64913 4982
15173 3813
59794 3776
15173 6154
15173 3695
59794 3617
59794 3662
56198 3636
51791 6213
51791 3864
782 3652
51791 6047
52032 3644
782 3632
15173 3694
59794 3790
15173 4207
59794 4080
51791 4642
52032 4943
16427 3790
16427 6268
12367 4086
16427 3679
12367 4104
45099 6244
29775 3784
45099 3776
45099 3692
29775 1015
45099 3707
45099 3738
29775 3800
29775 3568
16427 382
52032 6384
64913 4913
52032 6375
16427 6537
12367 4012
16427 6566
16427 6351
16427 6411
16427 3832
12367 4625
16427 6462
12367 6288
16427 7242
12367 3636
16427 6432
16427 6523
16427 6524
16427 6405
12367 5180
16427 6560
16427 6841
12367 5217
16427 3842
51791 6887
782 5090
51791 6551
51791 6743
51791 6379
51791 6523
782 4374
51791 6814
51791 6380
51791 6607
51791 6463
51791 6370
51791 6561
51791 6842
51791 6802
51791 6377
782 3672
51791 6401
51791 6464
51791 6608
51791 8722
51791 6518
51791 6901
51791 6539
51791 6391
782 5026
51791 6498
51791 6559
51791 6398
51791 6388
52032 6374
52032 6357
782 5693
64913 4947
51791 6477
782 4955
51791 6590
51791 6405
51791 6643
782 5052
51791 6853
782 5176
51791 6490
51791 6411
782 6088
51791 6441
51791 7980
51791 6393
51791 6747
782 5450
51791 6532
51791 6609
51791 7971
51791 6754
782 5435
51791 6389
51791 6412
51791 6891
782 5495
51791 6453
51791 6769
51791 6958
782 4959
51791 6484
51791 6495
51791 6383
51791 6497
51791 6546
51791 6394
51791 6449
51791 6412
51791 6389
51791 6393
51791 6693
782 6563
51791 6541
782 4839
51791 6572
51791 6478
51791 6996
51791 6540
782 5127
51791 6489
51791 6479
782 5042
51791 8935
51791 6949
782 6657
51791 6378
51791 7043
782 5092
51791 7166
51791 6704
782 5477
51791 6626
51791 6680
51791 6507
782 5270
51791 7002
782 5326
51791 6485
51791 6519
51791 6525
51791 6572
51791 6508
782 5248
51791 8943
51791 7092
51791 6957
782 6062
51791 6464
51791 6740
782 5152
51791 6404
51791 6848
51791 6540
782 5286
51791 8890
782 6182
51791 6524
51791 6999
782 5397
51791 7044
51791 6616
782 5382
51791 6561
51791 6514
51791 6527
782 6144
51791 6449
51791 6432
51791 6443
782 5199
51791 6488
51791 6662
51791 6595
782 5266
51791 7036
782 6009
51791 6686
51791 6680
51791 6474
782 5140
51791 6687
782 5429
51791 6656
51791 6391
782 5121
64913 8372
51791 7136
51791 6564
51791 6651
51791 6822
782 5585
64913 3820
51791 6687
51791 14797
782 12905
51791 6602
51791 6987
51791 6498
782 5279
51791 6559
782 4423
51791 6395
51791 6546
51791 6657
782 5225
51791 6510
51791 6526
51791 6530
51791 7143
782 5135
51791 6514
51791 6488
51791 6504
51791 6522
51791 6500
51791 6897
782 6731
51791 8339
51791 6548
782 6271
51791 6610
782 5371
51791 6519
52032 5137
782 4280
51791 7052
51791 6609
782 5317
51791 6571
51791 6558
782 6018
51791 6581
51791 6475
51791 6728
782 5446
51791 6554
51791 6432
51791 6593
782 5309
51791 6587
51791 6969
782 5354
51791 6537
51791 6718
51791 7113
782 5226
51791 6606
52032 5237
51791 8394
51791 6560
51791 7221
782 5247
51791 6626
782 6419
52032 4847
12367 3757
51791 6691
51791 7306
782 5303
51791 6577
51791 6694
782 5217
51791 6562
51791 6491
782 4217
52032 6523
64913 3761
52032 6501
52032 6597
64913 4410
52032 6500
52032 6548
52032 6493
52032 6496
52032 6981
52032 6445
52032 6498
52032 6708
52032 7671
52032 6488
52032 9321
64913 7571
52032 6469
52032 6459
52032 6483
52032 6616
52032 6820
52032 6470
52032 6416
52032 6662
64913 6726
52032 7078
64913 5360
52032 6499
52032 6572
52032 6471
52032 6568
52032 6384
52032 6822
16427 5006
64913 3893
51791 6512
51791 6645
51791 6521
782 4484
51791 6535
51791 6558
51791 6819
51791 6506
51791 6505
782 5604
51791 6883
51791 8150
782 6878
51791 6491
51791 6636
51791 6751
782 5506
51791 7059
782 5234
51791 6560
51791 6510
782 5130
51791 6529
51791 6538
782 5186
51791 6505
51791 6440
51791 7076
782 5271
51791 6567
782 3992
51791 6670
51791 6526
51791 6475
782 5332
51791 6572
782 5373
51791 6982
51791 6574
51791 6850
782 5191
51791 6513
782 3866
51791 8128
51791 6545
782 6285
51791 6532
51791 6411
782 5214
51791 6514
51791 6748
51791 6449
51791 6494
51791 6807
782 5186
51791 6458
782 6300
52032 6695
52032 6504
52032 6404
52032 6547
64913 5339
52032 6376
52032 7101
64913 5337
52032 6541
52032 6530
64913 5161
52032 6482
52032 6534
64913 5253
52032 6374
52032 6483
52032 6359
52032 7002
64913 5342
52032 7987
52032 6510
52032 6509
52032 6609
64913 5423
52032 6540
52032 6579
64913 5370
52032 6497
52032 6521
52032 6456
52032 7037
64913 5045
52032 6612
52032 6458
64913 6145
52032 6594
52032 6388
52032 6385
52032 6495
64913 6206
52032 7266
52032 6921
64913 5213
52032 6405
52032 6670
52032 6390
52032 6342
52032 6552
52032 6372
52032 6570
52032 6401
52032 7749
64913 6577
52032 6486
52032 6473
52032 6517
64913 4976
52032 6369
52032 6503
52032 6408
64913 6241
52032 6508
52032 6398
52032 6402
52032 6410
52032 6498
64913 6341
52032 6574
52032 6476
64913 6224
52032 6539
52032 6382
64913 6275
52032 6641
52032 6819
52032 6524
52032 6401
64913 4833
52032 6739
64913 5327
52032 6441
52032 6416
52032 6978
52032 6958
64913 5301
52032 6399
52032 6482
64913 5278
52032 6445
52032 6500
64913 5033
52032 6399
52032 6845
52032 6375
52032 6371
52032 6398
52032 6905
64913 6591
52032 6479
52032 6562
52032 6396
52032 6800
52032 6368
52032 6378
52032 6393
52032 6407
52032 6451
64913 6194
52032 6406
52032 6548
52032 6914
64913 5107
52032 6433
52032 6419
52032 7465
52032 6468
52032 6662
52032 6407
52032 6480
64913 6142
52032 6414
52032 6386
52032 6442
64913 6319
39008 3842
4230 4251
38274 5820
64913 3700
64913 3774
64913 3709
64913 5996
64913 3743
782 3700
44875 3682
44875 6084
28697 3729
44875 4083
44875 4745
64913 5278
64913 3703
52032 3642
52032 6759
64913 4440
52032 6393
52032 6451
52032 7181
52032 6348
52032 6815
64913 4949
52032 6440
52032 6397
64913 6220
52032 6401
52032 6411
52032 6829
52032 6355
52032 6404
52032 6370
52032 6396
64913 6139
52032 6889
64913 5104
52032 6443
52032 6488
64913 6081
52032 6391
52032 6380
52032 6502
52032 6558
52032 6463
52032 6395
52032 6343
52032 7024
64913 5098
52032 7281
52032 6444
52032 6443
52032 7414
52032 6547
52032 6624
52032 6485
52032 6895
64913 4906
52032 6424
52032 6865
52032 6859
52032 6433
52032 6498
52032 6863
52032 6857
52032 6882
64913 5551
52032 6469
52032 1955
64913 5132
51791 6445
51791 6400
51791 6420
782 4904
26920 6235
59128 3604
59128 3690
59128 3671
59128 4642
44875 3611
52032 6467
52032 6369
64913 4875
52032 7027
52032 6405
64913 6211
52032 6389
52032 6396
52032 6366
52032 6822
64913 5221
52032 6368
52032 6408
64913 6213
52032 6365
52032 6369
52032 97840
64913 96551
52032 6476
64913 4986
52032 6420
52032 6388
52032 6830
52032 6393
59128 3845
64913 3605
44434 6133
44434 3804
52032 8330
52032 6375
52032 6897
64913 4923
52032 6925
64913 5460
52032 6418
52032 8811
52032 6460
52032 7037
64913 5490
40829 3662
40829 3682
52032 6565
52032 6366
64913 4971
52032 6407
52032 6371
52032 7275
64913 5658
52032 6374
52032 6367
52032 6910
64913 5206
52032 6456
52032 6439
64913 6277
52032 6382
52032 6429
64913 6299
52032 6368
52032 6812
52032 6356
52032 6405
64913 5121
52032 6452
52032 6565
64913 6372
59128 6108
44875 5347
52032 6376
52032 6411
52032 6407
52032 6403
64913 6225
52032 6506
52032 6512
52032 6378
52032 6570
64913 6336
52032 6673
52032 6400
52032 6507
52032 6385
52032 6932
64913 5076
52032 6417
64913 5102
52032 6809
52032 6508
64913 6809
52032 6560
52032 7033
64913 5132
52032 6371
52032 6605
64913 6465
52032 6442
52032 6363
52032 6464
52032 6384
52032 7123
64913 6934
52032 6540
64913 6370
52032 6428
52032 6371
52032 6380
52032 6479
52032 6396
52032 6381
52032 6382
52032 6404
64913 6038
52032 6408
52032 6477
52032 6464
52032 6396
52032 6388
52032 6477
52032 6383
52032 6798
64913 4901
52032 6405
52032 6389
52032 6620
52032 6376
52032 6511
52032 6354
52032 6368
52032 6464
52032 6797
64913 5104
52032 7440
52032 6426
52032 6443
52032 6416
52032 6434
52032 6381
52032 6842
52032 6890
64913 5059
52032 6412
52032 6480
52032 6368
52032 6492
52032 6422
52032 6383
52032 6388
64913 5142
52032 6398
52032 6365
52032 6573
52037 5343
52032 6378
52032 6480
52032 6354
52032 6372
52032 6641
64913 5157
52032 6422
52032 6392
52032 6446
52032 6395
52032 7063
52032 6709
52032 6417
52032 6974
64913 5213
52032 6520
52032 6524
52032 6469
52032 6442
52032 6357
52032 6395
52032 6817
52032 6390
64913 6221
52032 6458
52032 6398
52032 6426
52032 6377
52032 6417
52032 6547
52032 6409
52032 6424
52032 6445
64913 6267
52032 6383
52032 6698
52032 6379
52032 6430
52032 6562
52032 6397
52032 6415
52032 6889
64913 6688
52032 7385
52032 6414
52032 6408
52032 6394
52032 6371
52032 6383
52032 6812
52032 6413
64913 6175
52032 6353
52032 6391
52032 6387
52032 6397
52032 6462
52032 6366
52032 6431
52032 6446
64913 6041
52032 6497
52032 6420
52032 6430
52032 6519
52032 6383
52032 6551
52032 6400
52032 6516
64913 6180
37116 3625
37116 7382
52032 6577
52032 6388
52032 7981
52032 6394
52032 6402
64913 6235
52032 6407
52032 6603
52032 6628
64913 5296
52032 6389
52032 6394
52032 6541
52032 6449
52032 6511
52032 6403
52032 6517
52032 6367
64913 5048
52032 6372
52032 6429
52032 6395
52032 6402
52032 6437
52032 6358
52032 6871
52032 6900
64913 4959
52032 6374
52032 6419
52032 6403
52032 6411
52032 6465
52032 6722
52032 7388
52032 6425
52032 6870
64913 6412
52032 6738
52032 6459
52032 6399
52032 6516
52032 6346
52032 6375
52032 6389
52032 6826
64913 4919
52032 6487
52032 6448
52032 6396
52032 6415
52032 6476
52032 6412
52032 6463
52032 6579
64913 6320
52032 6445
52032 6408
52032 6361
52032 7014
52032 6412
52032 6388
52032 6370
52032 6420
64913 6206
52037 3819
44434 5423
28697 3645
26920 3808
35706 5896
40927 5565
44434 3800
44434 3831
44434 3762
44434 4687
44434 5143
44434 3735
44434 3684
782 6134
782 3731
44434 3713
44434 5402
44434 5182
44434 3819
44434 3725
44434 3749
44434 4657
44434 5018
44434 4079
52037 3626
52037 3694
52037 3595
51791 4016
51791 6371
51791 6348
51791 6409
51791 6417
51791 7711
51791 6570
51791 6520
782 5390
51791 6704
51791 6405
51791 6421
51791 6374
51791 6223
782 4342
51791 6551
51791 6379
51791 6402
51791 6486
51791 7127
782 5077
51791 6354
51791 6396
51791 6407
52037 6362
51791 6394
52037 6822
52037 6501
782 4952
44434 3751
51791 6947
51791 6514
51791 6359
782 6029
51791 6378
51791 6852
51791 6431
51791 7391
51791 7014
51791 6412
51791 6517
51791 6440
782 6235
51791 6395
51791 6430
51791 6370
51791 6407
51791 6442
51791 6374
51791 6403
51791 6437
782 4927
51791 6382
51791 6426
51791 6399
51791 6397
51791 6385
51791 6433
51791 6657
51791 6422
782 6258
51791 6372
51791 7168
52037 5477
782 4591
52037 4990
52037 7008
44434 4944
52037 7396
52037 6631
44434 6498
52037 6391
52037 6385
52037 6610
44434 5264
52037 6509
52037 6387
52037 6896
44434 5229
52037 6409
52037 6378
52037 6540
44434 6264
52037 6405
52037 6459
52037 6499
44434 6373
52037 6790
52037 6346
52037 6492
44434 6193
52037 7040
44434 5161
52037 6628
52037 4058
44434 3599
52037 6496
52037 6287
52037 3971
44434 3630
52037 7058
44434 5046
52037 6416
52037 6362
52037 6973
44434 5085
52037 6560
52037 6407
52037 6462
44434 6253
52037 6404
52037 6376
52037 6398
52037 6748
52037 6872
44434 5232
52037 7039
44434 5324
52037 6408
52037 6553
52037 6392
52037 6625
52037 6485
52037 6452
52037 6443
44434 6323
51791 6504
51791 6402
51791 7060
782 5084
51791 6437
51791 6472
51791 7034
51791 6499
51791 6561
51791 6398
51791 6412
51791 6369
782 6243
51791 6552
51791 6380
51791 6394
51791 6406
51791 6442
782 6038
51791 6399
51791 6470
51791 6405
782 6229
51791 6764
51791 6863
51791 6683
51791 6774
782 6340
52037 6646
44434 5056
52037 6380
52037 6862
44434 6592
51791 6403
51791 6585
782 6024
51791 6523
51791 6842
782 6402
51791 7892
51791 6547
51791 6536
51791 6455
782 6290
51791 6526
51791 6554
782 4711
51791 6459
51791 6350
51791 6400
51791 6820
51791 6554
51791 6545
782 5227
51791 6384
51791 6391
782 6106
51791 6416
51791 6836
782 5069
51791 6543
51791 6385
51791 6379
51791 6430
51791 6386
51791 6604
782 5329
52037 6420
52037 6948
44434 6734
52037 7709
52037 6384
52037 6531
44434 5306
52037 6598
44434 3947
52037 6570
52037 6579
52037 7008
44434 5129
52037 6490
52037 6834
44434 6350
52037 6594
44434 6218
52037 6445
52037 6530
44434 5076
52037 6510
52037 6705
52037 6537
52037 6698
44434 5070
52037 6571
52037 6372
52037 8622
44434 6899
52037 6744
44434 4189
52037 6545
52037 6455
44434 5257
52037 7896
52037 6400
44434 5077
52037 6594
52037 6419
52037 6543
44434 4088
52037 6355
44434 4162
52037 6407
52037 6793
52037 6790
44434 4938
52037 6997
44434 5137
52037 6406
52037 7123
44434 5008
52037 6371
52037 6405
52037 6415
52037 6542
44434 5360
51791 6411
51791 6532
51791 6460
51791 6481
51791 6961
782 5068
51791 6462
782 5237
51791 7737
51791 6538
51791 6372
51791 6390
51791 7056
51791 6580
51791 6591
51791 6503
51791 6507
782 5275
51791 6529
51791 6459
51791 6981
782 5382
51791 6520
51791 6376
51791 6503
51791 6428
51791 6579
51791 6422
51791 6493
51791 6503
782 6646
51791 8063
51791 6541
51791 6508
51791 6447
51791 6362
51791 6433
51791 6638
51791 6430
782 5216
51791 8063
51791 6558
51791 6534
51791 6533
51791 6411
51791 6380
51791 6495
51791 6730
782 6050
51791 6569
52037 6414
52037 6545
52037 6540
51791 6895
51791 6398
51791 6408
51791 6549
51791 6536
44434 5402
782 3606
51791 6527
51791 6386
51791 6556
51791 6552
51791 6792
51791 6384
51791 6367
51791 6564
782 5233
51791 6813
51791 6416
51791 6472
51791 8039
51791 6578
51791 6772
51791 6492
51791 6779
782 6291
51791 6367
51791 6432
51791 6427
51791 6530
51791 6401
51791 6555
51791 6352
51791 6745
782 5371
51791 6371
51791 6556
51791 6523
51791 6796
51791 6504
51791 6729
51791 6360
51791 6623
782 5248
51791 6419
51791 6511
51791 6429
51791 6592
51791 6486
51791 6438
51791 6787
51791 6803
782 5199
51791 9568
51791 6411
51791 6513
51791 6663
51791 6529
51791 6996
51791 6411
51791 7144
782 5283
51791 6580
51791 6489
51791 6348
51791 6448
51791 6561
51791 6859
51791 6420
51791 6624
51791 6969
782 5209
51791 6391
51791 6565
51791 6440
51791 6425
51791 6391
51791 6487
51791 6473
51791 6471
782 5097
51791 6541
51791 6650
51791 6607
51791 6511
51791 8040
51791 6513
51791 6386
51791 6576
782 6325
51791 6455
51791 6427
51791 6506
51791 6430
51791 4826
52037 6556
52037 6401
52037 6564
52037 6841
782 3889
44434 3799
52037 6474
52037 6451
52037 6586
52037 6428
52037 6346
52037 6535
52037 6550
52037 6542
44434 6429
52037 6778
52037 6450
52037 6528
52037 7332
52037 6484
52037 6523
52037 6528
52037 7824
44434 3860
52037 6636
52037 6404
52037 6501
52037 6482
52037 6347
44434 5374
1531 3685
7351 3652
6734 4300
214 3961
44434 6057
52037 6430
52037 6359
52037 4785
44434 4916
782 3864
782 3699
782 4937
782 5065
782 3869
782 3671
782 6491
782 3675
782 4288
782 3808
782 6035
782 3714
782 3838
782 4836
782 5110
782 5139
782 3779
782 6100
782 3856
782 4761
782 4965
782 3667
782 4121
51791 829
51791 7478
782 5015
51791 6407
51791 6650
51791 6538
782 6350
51791 6558
51791 6412
51791 6554
51791 6411
51791 6391
51791 6555
51791 7559
51791 6851
51791 6380
51791 6387
782 5039
51791 6363
51791 6503
51791 7669
782 7514
51791 6537
51791 6534
51791 6547
51791 4935
782 3624
51791 6930
782 4944
51791 6396
51791 6503
782 5033
51791 6402
51791 6446
51791 6540
51791 6457
51791 6367
51791 6542
51791 6543
51791 6445
782 6260
51791 6371
51791 6480
51791 6546
51791 6728
51791 6381
51791 6493
51791 6397
51791 6400
51791 6565
782 6271
51791 7674
51791 6591
51791 6393
51791 6442
51791 6399
51791 6493
51791 6374
51791 6463
782 3625
51791 6489
51791 6403
51791 6496
51791 6370
51791 6419
51791 6725
51791 6379
51791 6421
782 6241
51791 6395
51791 7062
51791 6505
51791 6377
51791 6427
51791 6358
51791 6398
51791 6444
782 6263
51791 6694
51791 6401
51791 6350
51791 6462
51791 7430
51791 6453
51791 6379
51791 6476
782 6531
51791 6355
51791 6426
51791 6382
51791 6760
51791 2595
51791 6454
51791 6401
51791 6404
51791 6937
782 4908
51791 6374
51791 6443
51791 6632
51791 6372
51791 6540
51791 6406
51791 6839
51791 6501
782 6140
51791 6381
51791 6388
51791 6357
51791 6434
51791 6583
51791 6352
51791 6434
51791 7224
51791 6941
782 5197
51791 6429
51791 6406
51791 6526
51791 6826
51791 6637
51791 6375
51791 6459
51791 6430
782 6170
51791 6881
51791 6414
51791 6453
51791 6403
51791 6517
51791 6428
51791 6415
51791 6678
782 6373
51791 6560
51791 6371
51791 6389
51791 6383
51791 6413
51791 6375
51791 6402
51791 6451
782 6203
51791 6437
51791 8050
51791 6423
51791 6419
51791 6410
51791 6365
51791 6909
782 5195
51791 6386
51791 6424
51791 6374
51791 6428
51791 6487
51791 6352
51791 6408
51791 6496
51791 6468
782 5270
51791 6379
51791 6405
51791 6462
51791 6538
51791 6580
51791 6517
51791 6618
782 6505
51791 6412
51791 6508
51791 6408
51791 6406
51791 6384
51791 6550
51791 6972
51791 6476
782 6158
51791 6579
51791 6373
51791 6630
51791 6375
51791 6360
51791 6390
51791 6789
51791 6558
782 5035
51791 6575
51791 6955
51791 6387
51791 6455
51791 6410
51791 6365
51791 6452
51791 6448
782 6254
51791 6489
51791 6456
51791 6396
51791 6414
51791 6368
51791 6489
51791 3832
51791 6924
782 4974
51791 7934
51791 6568
51791 6819
51791 6392
51791 6404
51791 6559
51791 6412
51791 6665
782 5799
51791 6528
51791 6410
51791 6774
51791 6600
51791 6414
51791 6381
51791 6508
51791 6524
782 3860
51791 6368
51791 6507
51791 6396
51791 6379
51791 6571
51791 6828
51791 6413
51791 6602
51791 6450
782 6060
51791 6500
51791 6487
51791 6318
51791 6519
51791 7672
51791 6412
51791 6401
51791 6435
782 6276
51791 6544
51791 6419
51791 6484
51791 6404
51791 6413
51791 6478
51791 6545
51791 6509
782 5142
51791 6520
51791 6425
51791 6394
51791 6644
51791 6535
51791 6414
51791 6357
51791 6637
782 6420
51791 6468
51791 7440
51791 6382
51791 6872
51791 6411
51791 6422
51791 6459
51791 6787
782 5326
51791 7482
51791 6687
51791 6402
51791 6378
51791 6481
51791 6675
51791 6352
51791 6452
51791 6931
782 5121
51791 6484
51791 6342
51791 6373
51791 6397
51791 6383
51791 6413
51791 6503
51791 7331
782 5306
51791 6437
51791 6517
51791 6605
51791 6715
51791 6381
51791 6363
51791 6408
51791 6400
782 6221
51791 6576
51791 6598
51791 6362
51791 6839
51791 7869
51791 6420
51791 6552
51791 6446
782 6286
51791 6751
51791 6404
51791 6519
51791 6382
51791 6499
51791 6370
51791 6409
51791 6458
782 5010
51791 6549
51791 6427
51791 6463
51791 6457
51791 6386
51791 6424
51791 7210
51791 6495
51791 6939
782 5310
51791 6408
51791 6433
51791 6503
51791 6383
51791 6476
51791 6483
51791 6407
51791 6487
782 6235
51791 7618
51791 6427
51791 6435
51791 7026
51791 6857
51791 6573
51791 7212
51791 6497
782 5337
51791 6563
51791 6489
51791 6396
51791 6397
51791 6445
51791 6394
51791 6598
51791 6575
782 6128
51791 6373
51791 6383
51791 6406
51791 6413
51791 6367
51791 6388
51791 6654
782 6446
51791 6126
51791 6527
51791 6415
51791 6430
51791 7299
51791 6410
51791 6397
51791 6426
51791 6387
782 5171
51791 6389
51791 6379
51791 6720
51791 6374
51791 6464
51791 6725
51791 6448
51791 6441
51791 6368
782 4871
51791 6502
51791 6554
51791 6399
51791 6429
51791 6721
51791 6379
51791 6498
51791 6386
782 6144
51791 6499
51791 6434
51791 6409
51791 6428
51791 6427
51791 6376
51791 6495
51791 9590
782 8329
51791 6470
51791 6438
51791 6423
51791 6659
51791 6566
51791 6504
51791 6867
51791 6523
782 5469
51791 6353
51791 6852
51791 6579
51791 6390
51791 6411
51791 6355
51791 6696
51791 6437
782 6286
51791 6611
51791 6842
51791 6383
51791 6500
51791 6400
51791 6431
51791 6510
782 6358
51791 6469
51791 6581
51791 6413
51791 7410
51791 6463
51791 6388
51791 6413
51791 6393
51791 7272
782 5480
51791 6501
51791 6416
51791 6382
51791 6886
51791 6372
51791 6392
51791 6549
51791 6394
782 6036
51791 6491
51791 6396
51791 6382
51791 6511
51791 6546
51791 6499
51791 6402
51791 6384
782 6244
51791 6825
51791 6374
51791 6383
51791 7050
51791 6505
51791 6868
51791 6523
51791 7319
782 7038
51791 6373
51791 6420
51791 6515
51791 6444
51791 6445
51791 6465
51791 7080
782 5088
51791 6545
51791 6478
51791 6382
51791 6364
51791 6386
51791 6551
51791 6424
51791 6383
51791 6386
782 5119
51791 6375
51791 6418
51791 6885
51791 6522
51791 6482
51791 6467
51791 6385
51791 6682
782 5040
51791 6378
51791 6410
51791 7184
51791 6444
51791 6387
51791 6395
51791 6430
51791 6525
782 5066
51791 6333
51791 7003
51791 6513
51791 6516
51791 6487
51791 6849
51791 6634
51791 6396
782 6184
51791 6378
51791 6525
51791 6391
51791 6414
51791 6410
51791 6392
51791 7360
782 5893
51791 6526
51791 6375
51791 6383
51791 6378
51791 6386
51791 6364
51791 6403
51791 6950
51791 6634
782 5441
51791 6372
51791 6546
51791 6398
51791 6367
51791 6397
51791 6404
51791 6774
51791 6388
782 6183
51791 6351
51791 6394
51791 6689
51791 6507
51791 6375
51791 6809
51791 6470
51791 6568
782 5298
51791 6462
51791 6813
51791 6398
51791 6514
51791 6372
51791 6377
51791 6368
51791 6476
782 6057
51791 6387
51791 6398
51791 7134
51791 6406
51791 6368
51791 6458
51791 6495
51791 6541
782 6307
51791 6387
51791 6399
51791 6426
51791 6356
51791 6822
51791 6414
51791 6419
51791 6406
51791 6519
782 5054
51791 6383
51791 6374
51791 6420
51791 6872
51791 6515
51791 6664
51791 6401
51791 6431
782 6248
51791 6373
51791 6392
51791 6424
51791 6568
51791 6392
51791 6962
51791 7015
51791 6517
782 5033
51791 6863
51791 6527
51791 6504
51791 6437
51791 6375
51791 6382
51791 6377
51791 6398
782 4867
51791 6835
51791 6410
51791 6407
51791 6383
51791 6362
51791 6471
51791 6537
51791 6555
782 6388
51791 6393
51791 6456
51791 6368
51791 6748
51791 6448
51791 6370
51791 6678
51791 6890
782 5290
51791 6413
51791 7413
51791 6506
51791 6562
51791 6707
51791 6555
51791 6383
51791 6776
782 5083
51791 6826
51791 6401
51791 6810
51791 6572
51791 6392
51791 6415
51791 6368
51791 6784
782 5157
51791 6398
51791 6484
51791 6361
51791 6385
51791 6450
51791 6406
51791 6387
51791 6996
782 5094
51791 6382
51791 6412
51791 6429
51791 6413
51791 6405
51791 6483
51791 8012
51791 6410
782 6269
51791 6436
51791 6379
51791 6573
51791 6377
51791 6413
51791 6363
51791 6379
51791 6467
782 6292
51791 6347
51791 6505
51791 6390
51791 6401
51791 6384
51791 6440
51791 6381
51791 6424
51791 6894
782 5099
51791 6859
51791 6395
51791 6841
51791 6434
51791 6422
51791 6410
51791 6420
51791 6437
782 6126
51791 6485
51791 7109
51791 6398
51791 6356
51791 6402
51791 6391
51791 6358
51791 7088
782 5248
51791 6438
51791 6389
51791 6414
51791 6738
51791 6819
51791 6408
51791 6497
51791 6432
782 6173
51791 6425
51791 9689
51791 6416
51791 6379
51791 6470
51791 6390
51791 6472
51791 6392
782 4843
51791 6493
51791 6499
51791 7062
51791 6379
51791 6447
51791 7164
51791 6412
51791 6834
782 6627
51791 6498
51791 6405
51791 6381
51791 6394
51791 6407
51791 6540
51791 6472
51791 6407
782 6202
51791 6571
51791 6766
51791 6432
51791 6373
51791 6463
51791 6378
51791 6386
51791 6515
782 6320
51791 6393
51791 6389
51791 6519
51791 6532
51791 6417
51791 6393
51791 6409
51791 6416
782 6185
51791 6423
51791 6922
51791 6431
51791 6488
51791 6455
51791 6369
51791 6393
51791 6555
782 6380
51791 6576
51791 6395
51791 6398
51791 6396
51791 6406
51791 6432
51791 6468
51791 6366
782 3645
51791 6815
51791 6443
51791 6354
51791 6693
51791 6519
51791 6548
51791 6831
51791 6807
782 5265
51791 6537
51791 6425
51791 6401
51791 6390
51791 6571
51791 6837
51791 6531
51791 6388
782 4868
51791 6427
51791 6396
51791 6367
51791 6399
51791 6410
51791 6378
51791 6370
51791 6891
782 5151
51791 6538
51791 6405
51791 6433
51791 6392
51791 6379
51791 6715
51791 6595
51791 6434
782 3658
51791 6366
51791 6693
51791 6358
51791 6829
51791 6429
51791 6605
51791 6421
51791 6417
51791 6976
782 5210
51791 6906
51791 6363
51791 6398
51791 6730
51791 6393
51791 6408
51791 6379
51791 6698
782 6400
51791 6692
51791 6394
51791 6848
51791 6432
51791 6370
51791 6448
51791 6583
51791 6445
782 6254
51791 6860
51791 6379
51791 7395
51791 6556
51791 6354
51791 6411
51791 6406
51791 6915
782 5094
51791 6390
51791 6404
51791 6408
51791 6858
51791 6382
51791 7140
51791 6479
51791 6529
782 6337
51791 6362
51791 6365
51791 6394
51791 6353
51791 6409
51791 6400
51791 6422
51791 6829
51791 6399
782 4887
51791 6393
51791 6373
51791 6430
51791 6445
51791 6384
51791 6453
51791 6360
51791 6437
782 6146
51791 6376
51791 6358
51791 6383
51791 6496
51791 6347
51791 6396
51791 6820
51791 6387
782 6122
51791 6944
51791 6746
51791 6476
51791 6390
51791 6372
51791 6373
51791 6833
51791 6832
782 5058
51791 6368
51791 6409
51791 6528
51791 6406
51791 6506
51791 6396
51791 6424
51791 6514
782 6141
51791 6432
51791 6383
51791 6801
51791 6536
51791 6396
51791 9786
51791 6372
51791 6354
51791 6656
782 6462
51791 6424
51791 6431
51791 6490
51791 6437
51791 8331
51791 6891
51791 6358
51791 6444
782 6261
51791 6390
51791 6446
51791 6404
51791 6431
51791 6373
51791 6354
51791 6412
782 6083
51791 6392
51791 6390
51791 6383
51791 6427
51791 6470
51791 6712
51791 6415
51791 6490
782 6243
51791 6683
51791 6530
51791 6363
51791 6517
51791 6393
51791 6438
51791 6404
51791 6384
782 4898
51791 7260
51791 6392
51791 6377
51791 6434
51791 6371
51791 6356
51791 6421
51791 6738
51791 6803
782 6437
51791 6404
51791 6373
51791 6573
51791 6446
51791 6395
51791 6401
51791 6391
51791 6937
782 5074
51791 6374
51791 6378
51791 6401
51791 6372
51791 6406
51791 6422
51791 6374
51791 6818
782 4914
51791 7020
51791 6852
51791 6355
51791 6426
51791 7637
51791 6381
51791 6364
51791 6445
782 6294
51791 6423
51791 6370
51791 6437
51791 6408
51791 6779
51791 6400
51791 6375
51791 6935
782 5203
51791 6368
51791 6569
51791 6391
51791 6389
51791 6504
51791 6416
51791 6458
51791 6550
51791 6840
782 6433
51791 6430
51791 6529
51791 6402
51791 6379
51791 6407
51791 6503
51791 6432
782 6314
51791 7150
51791 6393
51791 6856
51791 6380
51791 6406
51791 6675
51791 6344
51791 6963
782 5052
51791 6606
51791 6398
51791 6374
51791 6400
51791 6513
51791 6399
51791 6384
51791 6419
782 6198
51791 6385
51791 6475
51791 6449
51791 6406
51791 6758
51791 7287
51791 6352
51791 7078
782 5513
51791 6390
51791 6427
51791 6357
51791 6730
51791 7186
51791 6393
51791 6399
51791 6728
782 5045
51791 6455
51791 6380
51791 6384
51791 6393
51791 6387
51791 6544
51791 6387
51791 6548
51791 6416
782 4880
51791 6414
51791 6357
51791 6369
51791 6442
51791 6679
51791 6407
51791 6559
51791 6566
782 5091
51791 6378
51791 6821
51791 6451
51791 7075
51791 6448
51791 6404
51791 6567
782 6411
51791 7061
51791 6521
51791 6462
51791 6390
51791 6884
51791 6349
51791 6464
51791 6425
782 6219
51791 6531
51791 6435
51791 6420
51791 6375
51791 6566
51791 6617
51791 6363
782 6195
51791 6542
51791 7130
51791 6764
51791 6355
51791 6414
51791 6426
51791 6417
51791 6377
51791 6677
782 5070
51791 32435
51791 6557
51791 6385
51791 7205
51791 6411
51791 6505
51791 6390
51791 6721
782 4904
51791 6524
51791 6477
51791 6404
51791 6488
51791 6407
51791 6376
51791 6398
51791 6394
782 5215
51791 6375
51791 6365
51791 6390
51791 6409
51791 6391
51791 6532
51791 6415
51791 6445
782 6160
51791 6498
51791 6479
51791 6585
51791 6428
51791 6409
51791 6402
51791 6368
51791 6420
782 5373
51791 7361
51791 6716
51791 6405
51791 6409
51791 6379
51791 6710
51791 6398
51791 6412
51791 6392
782 6046
51791 6472
51791 6404
51791 6391
51791 6485
51791 6419
51791 6679
51791 6396
51791 6695
782 5495
51791 6395
51791 6411
51791 6386
51791 6384
51791 6392
51791 6355
51791 6427
51791 6702
782 5068
51791 6415
51791 6395
51791 6422
51791 7599
51791 6452
51791 6352
51791 6400
51791 6548
782 5090
51791 6382
51791 6410
51791 6422
51791 6348
51791 6538
51791 6440
51791 6469
782 6314
51791 6463
51791 6405
51791 6409
51791 6407
51791 6417
51791 6425
51791 6831
51791 6420
782 4868
51791 6403
51791 6387
51791 6847
51791 6407
51791 6544
51791 6426
51791 7115
782 6975
51791 6345
51791 6407
51791 6364
51791 6646
51791 6541
51791 6394
51791 6526
51791 6523
782 6202
51791 6465
51791 6613
51791 6530
51791 6389
51791 6472
51791 6350
51791 6718
51791 6591
782 6446
51791 6407
51791 6557
51791 6510
51791 6356
51791 6450
51791 6502
51791 6525
51791 7536
782 5818
51791 6473
51791 6547
51791 6522
51791 6918
51791 6380
51791 6386
51791 6388
51791 6417
782 5433
51791 6743
51791 6392
51791 6423
51791 6414
51791 6716
51791 6379
51791 6538
51791 6680
782 6314
51791 6535
51791 6448
51791 6380
51791 6425
51791 6407
51791 6366
51791 6464
51791 7131
782 6213
51791 6539
51791 6384
51791 6434
51791 6424
51791 6521
51791 6332
51791 6564
51791 6961
782 4861
51791 6393
51791 6595
51791 6386
51791 6416
51791 6425
51791 6727
51791 6376
51791 6393
782 6211
51791 6671
51791 6396
51791 6426
51791 6368
51791 6457
51791 6799
51791 6423
51791 6691
782 5083
51791 6443
51791 6402
51791 6399
51791 6364
51791 7112
51791 6379
51791 6425
51791 6459
782 4932
51791 6403
51791 6371
51791 6869
51791 6833
51791 6478
51791 7541
51791 6362
51791 6742
782 5123
51791 6344
51791 6878
51791 6457
51791 6522
51791 6376
51791 6361
51791 6952
51791 6508
782 6319
51791 6426
51791 6373
51791 6800
51791 6402
51791 6369
51791 6405
51791 6382
51791 6418
782 6013
51791 6380
51791 6394
51791 6478
51791 6476
51791 6444
51791 6413
51791 6407
51791 7407
782 5593
51791 6446
51791 6417
51791 6390
51791 6423
51791 6400
51791 6384
51791 6375
51791 6625
782 5016
51791 6449
51791 6415
51791 6378
51791 6523
51791 6389
51791 6394
51791 7174
51791 6521
782 6070
51791 7149
51791 6426
51791 6671
51791 6382
51791 6886
51791 6380
51791 6633
51791 6385
782 6186
51791 6402
51791 6538
51791 7005
51791 6554
51791 6429
51791 6416
782 6241
51791 6395
51791 6383
51791 6446
51791 6373
51791 6811
51791 6558
51791 6505
51791 6817
782 5222
51791 6498
51791 6421
51791 6549
51791 6580
51791 6560
51791 6584
51791 6394
51791 6457
782 5029
51791 6818
51791 6517
51791 6381
51791 6465
51791 6775
51791 6481
51791 6418
51791 7207
782 6934
51791 6942
51791 6877
51791 6392
51791 6436
51791 6563
51791 6358
51791 6539
51791 6765
51791 6611
782 5152
51791 6528
51791 6376
51791 6673
51791 6486
51791 6846
51791 6418
51791 7209
51791 6614
782 6160
51791 6384
51791 6387
51791 6385
51791 6417
51791 6507
51791 6433
51791 6420
782 6130
51791 6372
51791 6631
51791 6579
51791 6444
51791 8371
51791 6544
51791 6360
51791 6523
782 6123
51791 6378
51791 6381
51791 6399
51791 6368
51791 6848
51791 6454
51791 6343
51791 6556
782 5093
51791 6459
51791 6463
51791 6513
51791 6609
51791 6526
51791 6441
51791 6415
51791 6420
51791 6421
782 5306
51791 6495
51791 6475
51791 6384
51791 6866
51791 6368
51791 6802
51791 6385
51791 6424
782 6293
51791 7462
51791 6547
51791 6389
51791 6414
51791 6511
51791 6592
51791 6493
782 6197
51791 6627
51791 6369
51791 6404
51791 6412
51791 6351
51791 6385
51791 6368
51791 6888
782 5185
51791 6373
51791 6417
51791 6427
51791 6702
51791 6417
51791 6879
51791 6367
51791 6358
782 4862
51791 7981
51791 6406
51791 6432
51791 6863
51791 7327
51791 6382
51791 6390
51791 6443
51791 6432
782 4970
51791 6365
51791 6519
51791 6460
51791 6393
51791 6531
51791 6518
51791 6500
51791 6618
782 6341
51791 6492
51791 6396
51791 6814
51791 6509
51791 6799
51791 6538
51791 6605
51791 6495
782 5107
51791 6588
51791 6389
51791 6828
51791 6418
51791 6687
51791 6380
51791 6510
51791 6441
782 5181
51791 7232
51791 6368
51791 6547
51791 6411
51791 6426
51791 6412
51791 6339
51791 6683
782 5170
51791 6456
51791 6813
51791 6695
51791 6395
51791 6392
51791 6394
51791 6409
51791 6869
51791 6391
782 4994
51791 6384
51791 6418
51791 6403
51791 7200
51791 6380
51791 6376
51791 6763
782 4957
51791 6440
51791 6518
51791 7236
51791 6401
51791 6606
51791 6376
51791 6503
782 6096
51791 6419
51791 6403
51791 6409
51791 6675
51791 6364
51791 6500
51791 6534
51791 6510
782 6334
51791 6383
51791 6820
51791 6386
51791 6464
51791 6497
51791 6410
51791 6458
51791 6532
782 6328
51791 6876
51791 6415
51791 6429
51791 6366
51791 6361
51791 6445
51791 6684
51791 6919
782 5109
51791 7416
51791 6487
51791 6508
51791 6830
51791 7005
51791 6382
51791 6381
51791 6493
51791 7250
782 4918
51791 6666
51791 6442
51791 6504
51791 6386
51791 6402
51791 6412
51791 6359
51791 7164
782 5367
51791 7070
51791 6394
51791 6346
51791 6523
51791 6388
51791 6839
51791 6517
51791 6751
782 5133
51791 6449
51791 6537
51791 6442
51791 6626
51791 7251
51791 6418
51791 6603
51791 6406
782 6118
51791 6399
51791 6395
51791 6500
51791 6385
51791 6409
51791 6380
51791 6454
51791 7431
782 4948
51791 6390
51791 6408
51791 6397
51791 6520
51791 6440
51791 6684
51791 6409
51791 6497
51791 6550
782 6151
51791 6838
51791 6563
51791 6511
51791 6419
51791 6468
51791 6503
51791 6403
782 6260
51791 7139
51791 6817
51791 6368
51791 6634
51791 6590
51791 6393
51791 6386
51791 6408
782 6145
51791 6468
51791 6504
51791 6406
51791 6403
51791 6492
51791 7070
51791 6406
782 6154
51791 6392
51791 6518
51791 6386
51791 6438
51791 6446
51791 6375
51791 6562
782 5112
51791 6404
51791 6877
51791 6398
51791 7181
51791 7494
51791 6542
51791 6403
51791 6372
51791 6787
782 6333
51791 6523
51791 6512
51791 6525
51791 6743
51791 6476
51791 6361
51791 6459
51791 6766
782 5086
51791 6407
51791 6402
51791 6844
51791 6861
51791 6574
51791 6442
51791 6554
782 6218
51791 6409
51791 6411
51791 6396
51791 6428
51791 6398
51791 6369
51791 6504
51791 6579
782 6465
51791 7541
51791 6415
51791 6367
51791 6392
51791 6522
51791 6650
51791 6483
51791 6962
782 4987
51791 6846
51791 6357
51791 6573
51791 6388
51791 6754
51791 6363
51791 6520
51791 6446
782 6239
51791 6375
51791 6441
51791 6410
51791 6543
51791 6858
51791 6392
51791 6386
51791 6854
51791 7742
782 6308
51791 6410
51791 6570
51791 6483
51791 7209
51791 6514
51791 6375
51791 6718
51791 6414
782 4235
51791 6506
51791 6570
51791 6374
51791 6385
51791 6884
51791 6515
51791 6827
51791 7430
782 5106
782 1209
782 3860
782 327
782 3684
782 3713
51791 6390
51791 6642
51791 6395
51791 6405
51791 6361
51791 6403
51791 6568
51791 6353
782 666
782 4505
782 3670
782 4785
782 2450
782 3702
51791 6360
51791 6398
782 3822
782 3849
51791 6378
51791 6522
51791 6500
51791 6373
782 3841
782 3780
782 3819
782 3652
51791 6416
51791 6928
782 4966
782 3952
51791 6518
51791 6794
51791 6381
51791 6557
51791 6674
782 5086
782 3830
782 3738
782 4890
782 5062
51791 7470
51791 6401
51791 6514
782 3791
782 5324
782 3831
51791 6403
782 3811
51791 6434
51791 6377
782 4031
782 3653
51791 6402
51791 6373
51791 6628
51791 6512
51791 6973
782 5117
782 4455
782 3701
782 3692
782 3807
782 3682
51791 6497
51791 6378
51791 6359
51791 6775
782 5388
782 5638
782 3774
782 3702
51791 7023
51791 6405
51791 6436
51791 6514
782 3974
782 3858
782 3696
782 4893
51791 6480
51791 6383
51791 6385
782 3767
782 4645
782 5259
51791 9355
51791 6413
51791 6742
51791 6400
51791 6823
782 4816
782 3759
782 3681
782 4706
782 5147
51791 6859
51791 6421
51791 6478
51791 6492
51791 6553
51791 6362
51791 6532
51791 6912
782 4656
782 3686
782 3819
782 3824
782 4995
782 5052
782 3885
782 3682
51791 6539
51791 6701
782 3827
782 5029
51791 6445
782 3695
51791 6372
782 3690
51791 6414
782 3693
51791 6411
51791 6543
782 1
51791 6365
51791 6487
51791 6530
782 4050
782 4110
782 3714
51791 6388
51791 6347
51791 6427
51791 6398
51791 6889
51791 6684
51791 6424
51791 6830
51791 6382
51791 6412
51791 6387
782 3803
782 3713
782 3651
782 3741
782 4711
782 5025
782 3704
782 3700
782 4036
782 4118
782 3845
51791 6443
51791 6464
51791 6387
51791 6392
51791 6539
51791 6491
51791 6410
51791 6558
51791 6384
51791 6418
782 4014
782 3792
782 3781
782 5925
782 315
782 3714
782 3681
782 3744
782 3803
782 3685
51791 6399
51791 6817
51791 6780
782 933
782 4697
7049 4929
51791 6419
782 4047
51791 6489
51791 6441
782 1526
51791 6422
51791 6412
51791 6407
51791 6547
51791 6402
51791 6667
51791 6367
51791 6393
51791 6470
51791 6466
51791 6483
782 110
782 3772
782 3718
782 3669
782 3647
782 532
782 5009
782 3805
782 3831
51791 6373
51791 6538
51791 6401
51791 6397
51791 6446
51791 6399
51791 8121
782 955
782 3957
782 3918
782 3767
782 4718
782 5088
51791 6519
51791 6372
51791 6358
51791 7226
51791 6543
51791 6361
51791 7154
782 574
782 3627
782 3684
782 3649
782 3658
51791 6675
51791 6403
51791 6444
51791 6422
782 3795
782 4866
782 5016
782 6163
51791 6518
51791 6350
51791 6428
51791 6516
782 3936
782 3824
782 4261
782 3669
51791 6365
51791 6924
782 4999
51791 6377
51791 6411
51791 6396
782 3857
782 3666
782 3808
51791 6921
51791 6437
51791 6563
51791 6358
51791 7109
782 2112
782 3651
782 3670
782 3867
51791 6478
51791 6413
51791 6549
51791 6533
782 4360
782 3695
782 3862
782 4686
51791 6509
51791 6435
51791 6484
51791 6408
51791 6428
51791 7180
51791 6526
51791 6383
782 542
782 3695
782 3642
782 3818
782 3684
782 4374
782 3696
51791 6348
51791 6475
51791 6397
51791 6609
51791 6377
51791 6410
51791 6366
782 1192
782 4830
782 5132
782 3826
782 3782
782 3814
51791 6447
51791 6428
51791 6829
51791 6424
51791 6410
51791 6375
51791 6768
782 973
782 3822
782 4645
782 1221
782 3801
782 3667
51791 6832
51791 6425
51791 6480
51791 6411
51791 6444
51791 6815
51791 6826
51791 6414
782 1011
782 3670
782 4072
782 4710
782 1764
782 3661
51791 6353
51791 6383
51791 6492
51791 7220
51791 6381
51791 6375
51791 6421
51791 6637
782 841
782 3716
782 4127
782 3678
782 4697
782 4918
782 3797
51791 6981
51791 6379
51791 6399
51791 6829
51791 6516
782 1033
782 3680
782 4862
51791 6419
51791 6607
782 6262
51791 6424
51791 6389
51791 6411
51791 6363
51791 6388
51791 6654
782 5077
51791 6813
782 4905
51791 6391
51791 6405
51791 6820
782 5193
51791 6389
51791 6353
51791 6415
51791 6413
51791 6359
51791 6684
782 6323
51791 7048
51791 6809
782 5216
51791 6383
51791 6851
51791 6935
782 5161
51791 6418
51791 6468
51791 6503
51791 6993
782 5364
51791 6896
51791 6411
51791 6469
782 5220
51791 6417
51791 6401
51791 6811
782 5200
51791 6394
51791 6418
51791 6840
51791 6388
51791 6386
51791 6387
51791 6390
51791 6462
51791 6510
782 6391
51791 6527
51791 7177
51791 6945
51791 6356
51791 6426
51791 6375
51791 6514
51791 6394
782 6074
51791 6547
51791 6383
51791 6391
51791 6367
51791 6372
51791 6393
51791 6833
51791 6544
51791 6414
782 6057
51791 6395
51791 6416
51791 6396
51791 6424
51791 6679
51791 6546
51791 6557
782 6430
51791 6397
51791 6390
51791 6497
51791 6471
51791 6430
51791 6393
51791 6968
51791 6456
782 5439
51791 6419
51791 6366
51791 6390
51791 6543
51791 6395
51791 6368
51791 6426
51791 6670
782 5369
51791 6458
51791 6397
51791 6393
51791 6352
51791 6386
51791 6418
51791 6387
51791 6574
782 6266
51791 6488
51791 6477
51791 6390
51791 6811
51791 6422
51791 6378
51791 7000
51791 6417
51791 6534
782 5305
51791 6853
51791 7435
51791 6386
51791 6439
51791 6548
51791 6397
51791 6529
51791 7225
782 5516
51791 6411
51791 6416
51791 6515
51791 6869
51791 6578
51791 6354
51791 6407
51791 6855
782 5198
51791 6365
51791 6416
51791 6388
51791 6376
51791 6428
51791 6711
782 5080
51791 6401
51791 6399
51791 6394
51791 6416
782 6216
51791 6409
51791 6405
51791 6532
782 5411
51791 6846
51791 6388
51791 6376
51791 6983
782 5212
51791 6464
51791 6492
782 6349
51791 6550
51791 6377
51791 6662
782 5269
51791 6390
51791 6839
782 5177
51791 6416
51791 6445
51791 6402
51791 6365
51791 6525
51791 6436
51791 6396
51791 7448
782 6151
51791 6541
51791 6380
51791 6387
51791 6417
51791 6398
51791 6493
51791 6529
51791 6903
782 5561
51791 6504
51791 6393
51791 6400
51791 6701
51791 6385
51791 6514
51791 6532
51791 6441
782 6021
51791 6369
51791 6403
51791 6663
51791 6385
51791 6515
51791 6721
51791 6398
51791 6408
51791 6438
782 6057
51791 6582
51791 6371
51791 6370
51791 6383
51791 6421
51791 6495
51791 6600
782 4919
51791 6368
51791 6504
51791 7101
51791 6820
51791 6410
51791 6371
51791 6400
51791 6405
782 6120
51791 6399
51791 6841
51791 6334
51791 6471
51791 6383
51791 6407
51791 6821
51791 6534
782 5065
51791 6386
51791 6368
51791 6353
51791 7149
51791 6432
51791 6497
51791 6402
51791 6697
782 5016
51791 6457
51791 6445
51791 6526
51791 6954
51791 6369
51791 6648
51791 6535
51791 6990
51791 6405
782 6247
51791 6522
51791 6802
51791 6408
51791 6412
51791 6398
51791 6377
51791 6405
51791 6538
782 5090
51791 6389
51791 6360
51791 6399
51791 6469
51791 6431
51791 6394
51791 6850
51791 6362
782 5107
51791 6450
51791 6387
51791 6381
51791 6501
51791 6375
51791 6414
51791 6454
782 6164
51791 6400
51791 6473
51791 7426
51791 6382
51791 6408
51791 6384
51791 6355
51791 6894
782 5077
51791 6549
51791 6362
51791 6803
51791 6409
51791 6474
51791 6425
51791 6464
51791 6818
782 5163
51791 6475
51791 6382
51791 6450
51791 6372
51791 6680
51791 6488
51791 6403
51791 6388
51791 6426
782 6175
51791 6419
51791 6413
51791 6393
51791 6366
51791 6411
51791 6951
51791 7390
51791 6387
782 6233
51791 6406
51791 6384
51791 6377
51791 6478
51791 6524
51791 6389
51791 6381
782 4828
51791 6461
51791 6406
51791 6371
51791 6407
51791 6462
51791 6403
51791 6422
782 6210
51791 6489
51791 6732
51791 6445
51791 6465
51791 6399
51791 6491
51791 6979
782 5104
51791 6420
51791 6405
51791 6902
51791 6446
51791 6434
51791 6376
51791 6532
51791 6407
51791 7056
782 5307
51791 6383
51791 6820
51791 6840
51791 6388
51791 6450
51791 6398
51791 6615
51791 6828
782 4926
51791 6398
51791 6562
51791 6384
51791 6390
51791 6373
51791 6389
51791 6397
51791 6395
782 6610
51791 6332
51791 7107
51791 6392
51791 6356
51791 6397
51791 6539
51791 7278
51791 6982
782 5232
51791 6692
51791 6397
51791 6544
51791 6386
51791 6394
51791 6411
51791 6432
51791 6385
782 4909
51791 6394
51791 6371
51791 6481
51791 6357
51791 6377
51791 6839
51791 6418
51791 6553
782 5092
51791 6842
51791 6479
51791 6469
51791 6704
51791 6417
51791 6472
51791 6457
51791 6723
782 6365
51791 6393
51791 6473
51791 6963
51791 6372
51791 6496
51791 6584
51791 6431
51791 6412
51791 6926
782 2278
782 1095
782 1068
782 876
51791 6484
51791 6444
51791 6506
51791 6399
51791 6403
51791 6347
51791 7021
782 5163
782 359
782 3711
782 495
782 3670
51791 6410
51791 6416
51791 6998
782 737
782 404
51791 6369
51791 6414
782 3693
782 3747
51791 6397
51791 6413
51791 6398
51791 6372
782 267
782 3787
782 4797
51791 6460
51791 6566
51791 6438
51791 6437
51791 6521
51791 6384
51791 6441
782 5016
782 5243
782 3812
782 3649
782 3761
782 3753
782 3619
51791 6587
51791 6369
51791 6531
782 3631
51791 6387
782 3638
51791 6411
51791 6385
51791 6401
51791 6399
51791 6424
782 85
782 3679
782 286
51791 6847
51791 6396
51791 6368
51791 6839
51791 6371
51791 7066
51791 6648
51791 6362
782 3971
782 3811
782 3675
782 3623
782 3652
782 3683
782 4802
782 4995
51791 6379
782 3816
51791 6916
782 3624
51791 6399
782 6229
51791 7120
782 5134
51791 6396
51791 6369
51791 6406
51791 6728
51791 6486
51791 6414
51791 6410
51791 6515
51791 6408
51791 6387
51791 6404
51791 6383
51791 6366
51791 6458
782 3837
782 3894
782 3631
782 648
782 3714
782 3682
782 4116
782 3656
782 3654
782 3753
782 5232
782 5115
782 3680
782 3700
51791 6487
51791 6416
51791 6387
51791 6483
51791 6390
51791 6561
51791 6386
51791 6559
51791 6880
51791 6510
782 5108
782 3893
782 3637
782 3681
782 3674
782 3652
782 3737
782 3714
782 4730
782 4993
51791 6354
51791 6473
51791 6524
51791 6414
51791 6434
51791 6386
51791 6756
782 576
782 3832
782 3720
782 3693
782 3722
782 3805
51791 6415
782 4972
51791 6461
782 4230
51791 6808
51791 6395
51791 6774
782 1521
51791 6439
782 5226
51791 6414
51791 6420
51791 6428
51791 6429
51791 6485
51791 6593
51791 6740
51791 6902
51791 6476
51791 6529
782 3818
782 4638
782 5012
782 547
782 3796
782 3680
782 3901
782 3632
782 4765
51791 6435
51791 6378
782 3780
782 4163
51791 6374
782 3812
51791 6486
782 3625
51791 6736
51791 6367
51791 6459
782 3744
782 3802
782 3686
51791 6867
51791 6375
51791 6485
51791 6405
51791 6557
51791 6387
51791 6369
51791 6962
51791 6410
51791 6388
51791 6413
51791 6560
782 3814
782 5688
782 3671
782 3693
782 3754
782 3649
782 3781
782 4901
782 119
782 4126
782 3688
51791 6830
51791 6396
51791 6523
51791 6366
51791 6853
51791 6349
51791 6406
51791 6401
51791 6752
51791 6377
782 3878
782 3670
782 3657
782 3681
782 3758
782 3708
782 4695
782 4992
782 3679
782 3668
51791 7003
51791 6382
51791 6416
51791 6556
51791 6501
51791 6347
782 3764
782 3847
782 3682
782 3612
782 3742
782 3735
782 6688
51791 6395
51791 6473
51791 6426
51791 6507
51791 6441
51791 6355
51791 6882
51791 6467
782 859
782 3653
782 3656
782 3710
782 3678
782 3684
782 4645
51791 6840
51791 6415
51791 7301
51791 6519
51791 6410
51791 6419
51791 6433
51791 7069
782 1293
782 3757
782 3915
782 3667
782 3596
782 1100
51791 6486
51791 6415
51791 6938
782 165
782 830
51791 6431
51791 6512
51791 6373
782 91
782 880
51791 6370
51791 6842
51791 6733
51791 6433
51791 6528
782 4
782 3616
782 523
51791 6544
782 3639
51791 6379
51791 6381
51791 6389
51791 6401
51791 6434
51791 6399
51791 6412
782 1478
782 3743
782 3603
51791 6416
51791 6392
51791 7090
51791 6411
51791 6478
51791 6475
51791 6395
51791 6403
51791 6685
51791 6798
782 5197
51791 6381
51791 6368
51791 6376
51791 6415
51791 6885
782 6648
51791 6387
51791 6407
51791 6845
51791 6484
51791 6731
51791 6556
51791 6375
51791 6405
782 6047
51791 6446
51791 6460
51791 6366
51791 6421
51791 6430
51791 6414
51791 6551
51791 6550
782 5381
51791 6394
51791 6391
51791 6369
51791 6389
51791 6544
51791 6415
51791 6408
782 6225
51791 6471
51791 6382
51791 6414
51791 6940
51791 6465
51791 6540
51791 6460
51791 6877
782 5252
51791 6357
51791 6377
51791 6384
51791 6463
51791 6576
51791 6398
51791 6434
51791 6370
51791 6424
782 4244
51791 6375
51791 6477
51791 6452
51791 6397
51791 6394
51791 6515
51791 6580
51791 6420
782 5995
51791 6369
51791 6423
51791 6415
51791 6663
51791 6446
51791 6401
51791 7137
51791 7055
782 5757
51791 6411
51791 6403
51791 6398
51791 6396
51791 6388
51791 6410
51791 6423
51791 6946
782 4920
51791 6378
51791 6451
51791 6370
51791 6448
51791 6493
51791 6771
51791 6390
51791 6673
782 5187
51791 6442
51791 6426
51791 6431
782 6084
51791 6394
51791 6390
51791 6512
51791 6588
51791 6433
51791 6502
51791 6430
51791 6434
51791 7372
782 5739
51791 6658
51791 6821
51791 6362
51791 6850
782 5193
51791 6383
51791 6398
782 6055
51791 6375
51791 6594
51791 6446
51791 6394
51791 6505
782 6272
51791 6428
782 3603
51791 6463
51791 6346
51791 6755
51791 6430
51791 6401
51791 6491
51791 6390
51791 6402
782 4824
51791 7171
51791 6426
51791 6413
51791 6401
51791 6847
51791 6928
51791 6390
51791 6427
782 6240
51791 6554
51791 6370
51791 6556
51791 6865
51791 6667
51791 6522
51791 6410
51791 6529
782 6236
51791 6420
51791 6400
51791 6817
51791 6397
51791 6669
51791 6393
51791 6429
51791 6396
51791 6794
782 5181
51791 6440
51791 6347
51791 6493
51791 6384
51791 6500
51791 6398
51791 6479
51791 6367
782 6249
51791 6930
51791 6422
51791 6427
51791 6404
51791 6480
51791 6572
51791 6369
51791 6803
782 5205
51791 6370
51791 6610
51791 6387
51791 6480
51791 6429
51791 6414
51791 6377
51791 6643
782 5039
51791 6425
51791 6414
51791 6407
51791 6468
51791 6388
51791 7118
51791 6369
51791 6370
782 6122
51791 6411
51791 6426
51791 6384
51791 6654
51791 6462
51791 7091
51791 6406
51791 6368
51791 6556
782 6243
51791 6482
51791 6429
51791 6420
51791 6371
51791 6480
51791 6799
51791 6374
51791 6868
782 6437
51791 6858
51791 6391
51791 6552
51791 6443
51791 6382
51791 6413
51791 6471
51791 6498
782 6307
51791 6378
51791 6834
51791 6363
51791 6356
51791 6593
51791 6457
51791 6514
51791 6366
782 6183
51791 7247
51791 6396
51791 6490
51791 6423
51791 6484
51791 6800
51791 6431
51791 6407
782 6252
51791 6364
51791 6406
51791 6424
51791 6396
51791 6399
51791 6373
51791 6854
51791 6823
782 4731
51791 6492
51791 6964
51791 6415
51791 6377
51791 6385
51791 6556
51791 6844
51791 6523
51791 6410
782 6251
51791 6458
51791 6522
51791 6860
51791 6437
51791 7387
51791 6368
51791 6509
51791 6390
782 6174
51791 6429
51791 6489
51791 6401
51791 6420
51791 6381
51791 6834
51791 6563
782 6153
51791 6481
51791 6357
51791 6399
51791 6587
51791 6460
51791 6408
51791 6401
782 6216
51791 6475
51791 6366
51791 6553
51791 6359
51791 6426
51791 6397
51791 6424
51791 6845
782 5246
51791 7049
51791 6453
51791 6440
51791 8863
51791 6548
51791 6421
51791 6726
51791 6819
51791 6763
782 5154
51791 6389
51791 6530
51791 6405
51791 6373
51791 6476
51791 6503
51791 6404
51791 6503
782 5040
51791 6467
51791 6405
51791 6420
51791 6390
51791 6394
51791 6395
51791 6393
51791 6541
782 6527
51791 6413
51791 6533
51791 6571
51791 7238
51791 6992
51791 6514
51791 6479
51791 6658
782 5815
51791 6486
51791 6481
51791 6371
51791 6378
51791 6422
51791 6401
51791 6493
51791 6956
782 5197
51791 6430
51791 6386
51791 6429
51791 6357
51791 6523
51791 6413
51791 6421
51791 6401
51791 6810
782 5194
51791 6430
51791 6835
51791 6389
51791 6429
51791 6599
51791 6467
51791 6416
51791 6975
782 5177
51791 6947
51791 6417
51791 6359
51791 6572
51791 6394
51791 6377
51791 6388
51791 6397
782 4885
51791 6498
51791 6373
51791 6419
51791 6366
51791 6526
51791 6341
51791 6359
51791 6425
782 6246
51791 6492
51791 6549
51791 6522
51791 6438
51791 6510
51791 6376
51791 6400
51791 8253
782 6347
51791 6856
51791 6695
51791 6734
51791 6548
51791 6460
51791 7936
51791 6455
51791 6700
51791 6441
782 6249
51791 6404
51791 6433
51791 6428
51791 6748
51791 6525
51791 6577
51791 6372
51791 6685
782 5068
51791 6971
51791 6518
51791 6491
51791 6750
51791 6544
51791 6423
51791 6413
51791 6666
782 5017
782 603
782 3695
782 3765
782 3700
782 3734
51791 6398
51791 6372
51791 6880
51791 7948
51791 6391
51791 6553
51791 6416
51791 6552
782 1322
782 5056
782 3804
782 3951
782 3652
782 512
51791 6368
51791 6401
782 1444
51791 6471
51791 6346
51791 6535
51791 6431
782 3993
782 4896
782 3666
782 3670
51791 6345
51791 6430
51791 6419
51791 6428
51791 6410
51791 6398
51791 6539
51791 7443
51791 6825
782 24
782 3781
782 3792
782 3798
782 3751
782 4842
782 5229
782 3857
51791 6402
51791 6385
51791 6525
782 3996
782 426
51791 6386
51791 6551
51791 6570
51791 6872
782 131
782 3800
782 4635
51791 6508
782 3842
51791 6401
51791 6411
51791 6387
51791 6457
51791 7713
51791 6560
51791 6493
51791 6881
51791 6658
51791 6504
782 3835
782 3659
782 3656
782 3791
782 4197
782 4004
782 4730
782 5261
782 3727
782 3698
782 4100
51791 6363
51791 7078
51791 7119
782 672
782 3697
51791 7162
51791 6456
51791 6386
51791 6379
51791 6935
51791 6371
51791 6514
51791 6469
51791 6737
51791 7987
782 1337
782 3715
782 4141
782 4295
782 951
782 3802
782 3703
782 3726
51791 6409
51791 6531
51791 6433
51791 6376
51791 6429
782 3917
782 3960
782 4964
782 230
51791 6495
51791 6415
51791 6648
51791 6553
51791 6593
51791 6444
51791 6642
782 3859
782 3650
782 3795
782 3841
782 4814
782 3771
782 4671
51791 6390
51791 6406
51791 6557
51791 6399
51791 6407
51791 6456
51791 6369
51791 7376
782 5437
782 3846
782 3730
782 3771
782 3768
782 3666
782 1245
782 4300
51791 6422
782 3684
51791 6402
51791 6382
51791 6540
51791 7025
782 5646
782 5370
782 4134
782 4728
51791 6601
782 4765
51791 6403
51791 6506
51791 6522
51791 6616
51791 6517
51791 6813
51791 6547
51791 6577
51791 6387
51791 6382
51791 6569
782 4148
782 3962
782 4834
782 1947
782 3825
782 3714
782 3701
782 3854
782 3681
782 4749
51791 7108
782 5242
51791 6575
51791 7014
782 147
51791 6425
51791 6439
51791 6433
51791 7490
51791 6408
51791 6821
51791 6381
782 594
782 3669
782 3691
782 3699
782 3830
782 3704
51791 6894
51791 6418
51791 6502
51791 6419
51791 6369
51791 6793
51791 6500
51791 6397
51791 6462
782 3801
782 3683
782 3796
782 3766
782 3623
782 3669
782 5713
782 5058
782 3809
51791 6520
51791 6389
51791 6859
51791 7455
51791 6446
51791 6427
51791 6902
782 179
782 3867
782 3959
782 3705
782 3653
782 3798
51791 6377
51791 6517
51791 6396
51791 6619
51791 6355
51791 6401
51791 6964
782 1273
782 4902
782 5338
782 3684
782 611
51791 6450
51791 6414
51791 6380
51791 6378
51791 6545
51791 6720
51791 6418
51791 7476
782 2259
782 3806
782 4277
782 4643
782 2451
782 3737
51791 6353
51791 6390
51791 7086
782 1554
782 3786
51791 6454
51791 6681
51791 6547
51791 6356
782 763
782 3642
782 4605
51791 6384
782 3831
51791 6397
51791 6506
782 2301
782 3729
51791 6600
51791 7172
782 4164
51791 6426
51791 6365
51791 6407
51791 6467
51791 6368
51791 6361
51791 6387
51791 6453
51791 6482
51791 6930
782 365
782 3790
782 3703
782 3848
782 4137
782 4274
782 3678
782 1015
782 4977
51791 6398
51791 6374
51791 6539
51791 6381
51791 6332
782 194
782 4237
782 3648
782 4699
51791 6437
51791 6490
51791 6378
51791 6652
51791 6399
51791 6376
51791 6524
782 3155
51791 6427
51791 6364
51791 6390
51791 6619
51791 6388
51791 7275
51791 6872
782 4884
51791 6461
51791 6385
51791 6857
51791 6381
51791 6398
51791 6395
51791 6415
51791 6380
51791 6801
782 5061
51791 6445
51791 7035
51791 6399
51791 6358
51791 6385
51791 6408
51791 6411
782 6255
51791 6482
51791 6591
51791 6447
51791 6415
51791 6392
51791 6376
51791 6362
51791 6470
782 6294
51791 6408
51791 6347
51791 6459
51791 6485
51791 6366
51791 6399
51791 6387
51791 6359
782 5197
51791 6418
51791 6413
51791 6405
51791 6575
51791 6402
51791 6440
51791 6982
51791 6856
782 6667
51791 6432
51791 6396
51791 6645
51791 6420
782 5394
51791 6564
782 6294
51791 6395
51791 6570
782 6096
51791 6616
51791 6539
51791 6459
51791 6938
782 5217
51791 6412
782 5335
51791 6392
51791 6419
51791 6418
51791 6489
51791 6540
51791 6437
782 6321
51791 6392
51791 6397
51791 8566
782 7273
51791 6945
51791 6417
782 6191
51791 6458
782 6169
51791 6398
51791 6456
51791 6397
51791 6406
782 3635
51791 6596
51791 6856
51791 6460
51791 6409
51791 6392
51791 6397
51791 6378
51791 6564
51791 6411
782 5025
51791 6402
51791 6398
51791 6430
51791 6415
51791 6557
51791 6400
51791 6689
51791 6460
782 6198
51791 6422
51791 6381
51791 6419
51791 7296
51791 6417
51791 6425
51791 6427
51791 6415
51791 6358
782 3586
51791 6370
51791 6419
51791 6538
51791 6444
51791 6453
51791 6796
51791 6397
51791 6393
782 6186
51791 6373
51791 6372
51791 6358
51791 6899
51791 6558
51791 6519
782 6350
51791 6548
51791 6399
51791 7223
51791 6388
51791 6825
51791 6472
51791 6871
51791 7490
782 5497
51791 6498
51791 6397
51791 6389
51791 6405
51791 6411
51791 6456
51791 6394
51791 6860
782 5242
51791 6433
51791 6849
51791 6834
51791 6402
51791 6449
51791 6565
51791 6445
51791 6380
51791 6873
782 6440
51791 6387
51791 6385
51791 6524
51791 6836
51791 6409
51791 6403
51791 6500
51791 6359
782 6238
51791 6577
51791 6424
51791 6934
51791 6419
51791 6374
51791 6413
51791 6416
51791 6804
782 5407
51791 6410
51791 6370
51791 6522
51791 6547
51791 6423
51791 6861
51791 6403
51791 6869
782 4953
51791 6420
51791 6421
51791 6373
51791 6387
51791 6398
51791 6394
51791 6400
51791 7247
782 5029
51791 6469
51791 6414
51791 6557
51791 6395
51791 6384
51791 6577
51791 7509
782 5771
51791 6357
51791 6437
51791 6390
51791 6431
51791 6464
51791 6455
51791 6853
51791 6375
51791 6512
782 6286
51791 6391
51791 6427
51791 6482
51791 6389
51791 6834
51791 6445
51791 6410
51791 6442
782 6159
51791 6378
51791 6423
51791 6412
51791 6388
51791 6385
51791 6366
51791 6771
51791 6874
782 4913
51791 6385
51791 6546
51791 7084
51791 6399
51791 6376
51791 7158
782 4928
51791 6367
51791 6409
782 6035
51791 6471
51791 6520
51791 6379
51791 6504
51791 6386
51791 6462
51791 6501
51791 6883
782 4932
51791 6715
51791 6398
51791 6804
51791 6530
51791 6400
51791 6389
51791 6398
51791 6354
51791 6385
782 6151
51791 6502
51791 6357
51791 6496
51791 6386
51791 6404
51791 7375
51791 6689
51791 6793
782 5176
51791 6462
51791 7146
51791 6464
51791 6557
51791 6363
51791 6376
51791 6373
51791 7016
782 5422
51791 6387
51791 6875
51791 6851
51791 6545
51791 6350
51791 6403
51791 6394
782 6057
51791 6408
51791 6527
51791 6374
51791 6365
51791 6412
51791 6508
51791 6581
51791 6396
782 6076
51791 6451
51791 6897
51791 6438
51791 6384
51791 6481
51791 6414
51791 6497
51791 6428
51791 6739
782 4909
51791 6449
51791 6441
51791 6437
51791 6487
51791 6431
51791 6384
51791 6697
51791 6888
782 5172
51791 6424
51791 6407
51791 6423
51791 6440
51791 6506
51791 6464
51791 6394
51791 6549
782 6355
51791 6841
51791 6489
51791 6459
51791 7082
51791 6439
51791 7459
51791 6408
51791 6975
782 5232
51791 6560
51791 6556
51791 6357
51791 6365
51791 6412
51791 6389
51791 6377
51791 6704
782 5587
51791 6415
51791 6373
51791 6571
51791 6386
51791 6500
51791 6541
51791 6819
51791 6430
782 5233
51791 6462
51791 6401
51791 6493
51791 6422
51791 6478
51791 6784
51791 6451
782 6211
51791 7465
51791 6519
51791 6412
51791 6467
51791 6375
51791 6388
51791 6369
51791 6373
782 4836
51791 6367
51791 6399
51791 6911
51791 6519
51791 6522
51791 6478
51791 6509
51791 6442
782 5213
51791 6374
51791 6380
51791 6394
51791 6366
51791 6544
51791 6355
51791 6552
51791 7908
782 5763
51791 6385
51791 6511
51791 6450
51791 6539
51791 6406
51791 7248
51791 6434
51791 6501
782 6361
51791 6358
51791 6808
51791 6667
51791 6369
51791 6526
51791 6480
51791 6390
51791 6410
51791 6822
782 6678
51791 6485
51791 6509
51791 6425
51791 6427
51791 6382
51791 6518
51791 6397
51791 6525
782 6199
51791 6414
51791 6452
51791 6369
51791 6714
51791 6510
51791 6370
51791 3676
782 3868
782 3805
782 4259
782 4779
782 798
782 4181
51791 6876
782 5217
51791 6461
51791 6379
51791 6562
51791 6420
782 1930
782 1010
782 5151
51791 6595
51791 36903
782 32093
51791 6527
51791 6414
51791 6424
51791 7468
51791 6503
51791 6576
51791 6381
782 3783
782 3683
782 4653
782 5206
782 198
782 898
51791 6545
51791 6640
51791 6387
782 400
782 3896
51791 6353
51791 6406
51791 6440
51791 6370
51791 6451
51791 6407
51791 6372
51791 6936
782 1454
782 3849
782 6128
782 3806
782 288
782 3668
51791 6516
51791 6410
782 1953
64913 3836
44434 3818
52037 6510
52037 6377
52037 6508
52037 7201
52037 6741
52037 6433
44434 6283
52037 6485
52037 6808
52037 6498
52037 6408
52037 6384
52037 6782
44434 5179
52037 6389
52037 6416
52037 6963
52037 6537
44434 5169
52037 6484
52037 6400
52037 7264
44434 5801
52037 6357
52037 6417
52037 6384
44434 6088
52037 6352
52037 6594
52037 6469
52037 6430
52037 6712
44434 6581
52037 6470
52037 6498
52037 6987
52037 6418
52037 6386
52037 6475
52037 6362
52037 6676
44434 6419
52037 6400
52037 6425
52037 6424
52037 6405
52037 6476
52037 6378
52037 6517
52037 6385
44434 3611
52037 6382
52037 6520
44434 6075
52037 6411
52037 6377
44434 5272
52037 6379
52037 6399
52037 6398
52037 6388
52037 6882
52037 6414
52037 6385
52037 6595
44434 6142
52037 6505
44434 6077
52037 7180
52037 6379
52037 6549
52037 6624
44434 4850
52037 6365
52037 6341
52037 6389
52037 6384
52037 6419
52037 6486
52037 6432
44434 6007
52037 6533
52037 6443
52037 6435
44434 6302
52037 6413
52037 6382
44434 6099
52037 6722
52037 6410
44434 6248
52037 6388
52037 7267
44434 7002
52037 6394
52037 6515
44434 5985
52037 7164
52037 7231
44434 5773
52037 6359
52037 6512
52037 6409
52037 6403
52037 6375
52037 6530
44434 6332
52037 6354
52037 7111
44434 5095
52032 6318
44434 3723
52037 6398
52037 6450
52037 6563
52037 6423
52037 6415
52037 6401
52037 6820
52037 6535
52037 6405
52037 6391
52037 6444
52037 6399
52037 6506
52037 6421
52037 6497
52037 6393
52037 6815
52037 6504
44434 6276
52037 6956
52037 6780
52037 6365
52037 6404
52037 6379
52037 6836
52037 6394
52037 6415
44434 6177
52037 6459
52037 6397
52037 6535
52037 6411
52037 6526
52037 6550
52037 6365
52037 6391
44434 5224
52037 6399
52037 6511
52037 6426
52037 6411
52037 6362
52037 6487
52037 6355
52037 7315
52037 6803
44434 6567
52037 6375
52037 6401
52037 6841
52037 7028
52037 6439
52037 6409
52037 6403
52037 6385
44434 6234
52037 6548
52037 6540
52037 6423
52037 6467
52037 6486
52037 6385
52037 6513
52037 6922
44434 5071
52037 6369
52037 6384
52037 6537
52037 6368
52037 6389
52037 6404
52037 6407
52037 6705
44434 5051
52037 6405
52037 6401
52037 6419
52037 6356
52037 6446
44434 5312
52037 6400
52037 6431
52037 7181
44434 5683
52037 6428
52037 6466
52037 6539
52037 6452
52037 6977
44434 5086
52037 6396
52037 7008
44434 5331
52037 6451
52037 6161
52037 6529
44434 5151
52037 6397
52037 6693
52037 6498
52037 6446
52037 6473
52037 7063
44434 4944
52037 7295
52037 6379
52037 6393
52037 6813
44434 5022
64913 4117
56443 3649
56443 3782
15580 963
56443 4852
44062 3596
49616 3786
7277 2518
3282 3729
3282 3748
7277 4607
3096 4978
49626 3742
63187 75
35208 3598
35208 3648
63187 4032
10180 3632
10180 1214
35765 3621
35765 3780
10180 3612
44875 3638
44875 3857
59128 4662
44875 4902
5764 3616
47922 3944
47753 3664
11042 3784
44875 3805
59128 3609
47798 3759
50055 5464
24402 3570
19371 5647
19876 3880
26822 3741
22727 3664
21456 3867
37842 3669
12530 3636
64513 3664
8978 3600
49210 4607
937 3790
45653 5011
5629 3794
13224 3611
3317 3600
54453 3598
27852 3988
47108 3715
39595 3799
44084 3686
49376 4715
38418 4952
65055 3672
48850 3591
21233 3696
19263 3646
51468 3660
44875 3622
44875 6081
54677 3639
37269 4295
59128 4102
59128 3640
59128 3619
2564 890
64004 4667
64004 5078
37269 3702
37269 3605
54677 3665
54677 3628
59128 3820
44875 4600
17496 5588
47193 3773
6308 3845
17496 3606
17496 7268
34981 3839
47193 3601
47193 7397
6308 6548
6308 13197
34981 11448
6308 6389
6308 6397
6308 4917
17496 3733
34981 7486
34981 6377
34981 6451
34981 6672
47193 4373
17496 3687
47193 259
17496 5051
17496 3790
6308 6123
6308 3741
17496 3708
17496 3671
34981 2005
34981 3766
6308 6436
47193 31
47193 4071
44875 3631
44875 6157
59128 3598
59128 3765
17496 3638
59128 3807
44875 4773
62309 5611
6308 3798
11161 3852
62309 3582
62309 7163
11161 4402
11161 7662
11161 7387
11161 6393
11161 3789
62309 3618
62309 4781
62309 5123
62309 3769
11161 6248
11161 3654
62309 3568
62309 3637
11161 6443
11161 6377
11161 6441
11161 6371
11161 6430
11161 6794
62309 5078
11161 6415
11161 6443
62309 6133
11161 6923
62309 5068
11161 6844
11161 6733
11161 6568
62309 6154
11161 6409
11161 6365
11161 6367
11161 6617
62309 4935
11161 6861
11161 6609
62309 5278
11161 6413
11161 6864
62309 6720
11161 6370
11161 6416
62309 6208
11161 6603
11161 6467
62309 6305
11161 6851
11161 6377
62309 6071
11161 6390
11161 6517
62309 5229
11161 6336
62309 6201
44875 4940
44875 3704
44875 3667
44875 3738
44875 6143
44875 3836
44875 4381
44875 4639
44875 5056
44875 3868
59128 3632
59128 3636
59128 5589
44875 3621
59128 3730
59128 3593
59128 3698
44875 3684
59128 6096
5291 3866
43223 3821
5291 3768
5291 7079
43223 3592
43223 7177
43223 6388
43223 6638
5291 6497
43223 6494
5291 3779
44875 3618
5291 3719
5291 4711
5291 5169
59128 6093
5291 3742
5291 3672
5291 3690
5291 6107
5291 3694
59128 4798
44875 3608
5291 5495
43223 4129
43223 3860
43223 6029
5291 3607
5291 3650
43223 6465
43223 6846
5291 5068
43223 6381
43223 6183
43223 6297
43223 3945
5291 3654
43223 3616
43223 6305
43223 1346
5291 3632
43223 6292
5291 3640
43223 6582
43223 6740
5291 4178
43223 6301
43223 6314
5291 4904
43223 6592
5291 5374
43223 6399
5291 6113
43223 6452
43223 6405
43223 7133
43223 6385
43223 6401
43223 6769
5291 5333
43223 6389
43223 6409
43223 6521
43223 7579
5291 7076
43223 6294
43223 6337
5291 5019
59128 6222
5291 3685
5291 3735
43223 6557
5291 6368
43223 6449
43223 6888
43223 858
5291 3635
43223 6344
43223 6330
5291 6074
43223 6573
43223 6761
43223 6796
5291 5302
43223 6403
43223 6337
43223 6870
43223 6225
43223 6825
43223 6771
5291 5109
43223 6391
43223 6542
43223 3836
43223 6366
43223 6599
43223 6383
5291 6137
43223 6875
5291 5037
43223 6343
43223 6926
5291 4899
43223 6391
43223 7330
43223 6790
5291 5108
22836 3732
36302 3759
59128 3881
44875 4599
5291 5198
43223 6371
43223 6374
43223 6762
5291 4904
43223 6324
5291 3943
34355 4106
31048 3885
60673 3718
9218 3601
41100 3860
51873 3784
5291 6274
43223 6787
43223 6292
43223 6339
5291 4885
43223 6468
5291 5360
43223 6480
44875 3647
44875 3807
5291 6026
5291 3846
40107 3760
55467 3702
43223 6761
43223 6409
5291 4879
43223 6424
43223 6834
5291 4883
43223 6399
43223 5573
5291 4863
43223 6574
43223 6882
5291 4956
43223 6987
43223 6234
5291 5163
57855 3597
43223 6443
43223 6400
43223 6797
5291 5073
63700 3787
55467 3585
55467 6993
59128 4563
59128 4605
5291 5078
5291 3796
2260 3943
40107 3716
40107 7111
63700 3605
63700 7265
63700 6403
63700 6363
55467 5227
63700 6238
55467 3712
43223 6355
43223 6961
5291 5091
43223 6389
43223 7478
5291 5689
43223 6445
43223 6846
43223 6391
43223 4931
5291 4796
43223 6411
43223 6480
5291 6135
43223 6410
43223 6388
43223 6369
5291 6194
43223 6442
5291 6036
43223 6503
43223 6365
43223 6334
5291 5248
43223 6492
5291 3695
5291 3719
55467 3735
55467 6730
40107 5008
55467 3823
55467 6061
2260 3773
5291 3758
2260 7437
40107 5957
2260 6394
2260 6375
40107 2782
2260 6759
40107 3730
43223 6462
43223 4133
5291 3598
44875 3631
63700 3709
2260 3758
40107 3606
63700 6190
63700 3729
55467 3694
55467 3787
63700 6335
55467 6076
63700 6283
63700 6313
63700 6906
55467 4926
63700 6363
63700 6229
63700 6402
63700 6829
63700 6416
63700 6324
55467 5563
63700 6850
63700 6374
63700 6412
63700 6799
55467 5220
43223 6774
63700 6547
63700 6399
55467 6150
63700 6397
63700 6422
63700 6497
55467 6080
63700 6425
55467 6265
63700 6442
63700 6415
63700 6434
63700 6500
55467 5257
63700 6364
63700 6387
63700 6385
63700 6393
63700 6476
63700 6414
63700 6376
63700 6459
63700 6422
55467 6099
63700 6420
63700 6417
63700 6359
63700 6566
55467 6268
63700 6453
63700 7319
55467 6278
63700 6524
63700 6571
55467 6384
63700 6354
63700 6459
55669 4192
55467 5040
63700 6384
63700 6522
63700 6425
55467 6055
63700 6781
55467 5177
63700 6415
63700 6819
55467 5511
63700 6348
63700 6856
63700 6934
55467 4926
63700 6877
55467 5105
63700 6380
63700 6370
55467 6105
63700 6414
63700 6405
55467 6275
63700 6394
63700 6407
63700 6837
63700 6547
55467 6203
63700 6503
63700 6748
55467 4593
63700 6529
63700 6368
63700 6388
55467 6021
59128 5077
63700 6473
63700 6711
55467 5051
63700 6448
63700 6381
63700 6501
55467 6290
62309 6224
63700 6517
63700 6381
63700 6743
55467 6244
63700 6430
55467 6278
63700 6361
63700 7036
55467 4952
63700 6396
63700 6479
55467 6086
63700 6575
63700 6915
63700 6525
55467 6347
63700 6418
63700 6500
55467 6159
5291 4185
44875 3621
11161 3579
11161 6154
62309 3637
5291 3694
5291 3796
62309 6215
43223 3762
11161 3592
43223 6377
43223 6329
43223 7325
5291 5409
43223 6761
43223 5376
5291 5683
43223 6336
5291 4139
43223 6410
43223 6522
43223 6812
43223 6362
5291 3784
43223 6433
42293 3633
5291 4211
7631 3827
11161 6139
44875 4693
44875 5064
59128 3765
59128 3640
43223 3595
62309 3691
44875 4079
43223 6487
43223 6268
43223 6423
5291 4824
43223 6340
43223 6312
5291 3775
5291 3670
43223 6333
43223 6449
43223 6381
43223 6298
5291 4857
43223 6250
5291 5123
59128 4231
5291 6218
43223 3577
43223 6358
43223 6788
43223 6441
5291 4553
43223 6491
5291 6305
43223 6174
43223 6299
5291 4962
44875 3591
5291 6019
48028 3651
43223 6668
43223 6799
5291 5194
43223 6650
43223 6241
5291 4252
43223 6372
43223 6496
43223 6105
5291 5027
43223 7228
5291 6824
43223 6352
43223 6639
5291 6485
43223 6365
43223 6400
43223 6448
43223 6888
5291 6553
43223 6593
43223 7028
43223 6687
43223 6900
43223 6432
43223 6443
5291 6263
43223 6387
43223 6409
5291 6235
43223 6375
43223 6458
43223 6512
5291 5056
43223 6417
43223 6871
5291 4929
64180 4959
43223 6713
43223 6450
5291 6272
43223 6903
5291 5028
43223 6495
43223 6287
5291 3749
43223 6381
43223 7667
43223 6379
43223 6938
5291 5539
43223 6377
43223 6390
43223 6539
43223 6589
43223 7043
43223 6418
5291 6093
43223 6422
43223 6521
5291 5036
43223 6404
5291 6259
43223 6386
5291 6141
43223 6385
43223 6273
43223 6323
5291 5419
43223 6315
5291 5418
43223 6351
43223 6325
5291 5021
43223 6377
43223 6387
43223 6378
43223 6828
5291 5157
43223 6992
43223 6358
43223 6385
43223 6383
43223 6379
43223 6800
5291 5203
43223 6869
43223 6419
5291 6171
43223 6495
43223 6403
43223 6398
5291 3583
7915 3648
13542 3764
44875 6432
44875 4170
44875 3613
44875 3715
44875 6095
44875 3709
43223 6432
43223 6930
5291 5409
43223 6327
43223 6497
43223 6418
5291 4887
59128 3661
59128 4966
59128 3606
44875 3611
59128 3651
59128 6101
44875 3615
44875 3623
44875 3825
59128 4157
59128 6201
44875 3681
44875 6082
59128 3668
59128 3770
13783 3791
44875 3584
59128 6063
44875 3634
44875 3744
59128 3049
59128 4068
59128 6231
44875 3752
59128 4224
44875 3641
8310 3661
29800 3621
34921 4581
40042 5382
42282 3769
50478 3965
13611 3651
60274 3769
47079 3606
62309 4927
13748 5510
13748 3691
9048 3789
62309 4379
5291 4819
43184 5117
11161 3737
43223 6278
43223 6466
43223 6326
5291 6038
5291 4767
14226 222
11161 3608
14226 3635
14226 6300
14226 6567
14226 6434
13748 6267
14226 6416
14226 6398
13748 4810
14226 6406
14226 6213
14226 6387
14226 6446
13748 5267
14226 6425
14226 6408
14226 6288
13748 4089
14226 6916
13748 4957
14226 6836
14226 6713
14226 6448
13748 6253
14226 6381
13748 3643
14226 6375
14226 6578
13748 6369
14226 6403
14226 6533
14226 6790
13748 5223
14226 6406
13748 6066
14226 6387
14226 7523
13748 6212
14226 6356
14226 6541
14226 6193
13748 4986
14226 6258
14226 6565
13748 6385
14226 6343
14226 6418
14226 6454
14226 3736
14226 6450
14226 6489
14226 6994
14226 6358
14226 7053
13748 5432
14226 6409
14226 5166
14226 6486
14226 6221
14226 6548
14226 6545
14226 6527
14226 6996
13748 5073
14226 6396
13748 6241
14226 6385
14226 6468
14226 6383
14226 6386
14226 6393
14226 6644
13748 5044
14226 6376
14226 6409
13748 4893
14226 6668
14226 6757
13748 5286
14226 6543
14226 6906
14226 7261
14226 6417
13748 5021
14226 6405
14226 6389
13748 6044
14226 6511
14226 6389
13748 6176
14226 6555
14226 6435
14226 6900
13748 5076
14226 6606
14226 6402
13748 6030
14226 6651
14226 6378
14226 6375
14226 6426
13748 5260
14226 6806
14226 6250
13748 6081
61010 3736
11161 6208
11161 4876
62309 3632
34294 5491
42901 4243
22425 3633
60234 3651
27755 4193
25564 3632
2293 3678
33031 3693
61573 4685
17 4951
36016 3589
25203 3617
61938 3876
63570 3603
28673 3817
33595 4131
5291 4729
5291 5041
5291 3767
5291 3718
5291 6168
5291 3838
5291 3723
5291 3688
5291 6038
44875 3862
44875 3707
44875 3696
44875 6105
55467 3735
5291 3823
43223 3608
43223 6321
43223 6458
43223 6687
5291 5257
43223 4291
5291 4690
43223 6271
43223 6315
43223 6655
5291 6372
43223 6312
5291 5008
43223 6542
43223 6227
5291 5294
43223 6231
43223 6932
5291 5176
43223 6374
43223 6362
43223 6732
5291 5042
43223 6424
43223 6397
43223 6405
43223 6286
5291 6007
43223 6754
43223 6833
43223 6458
43223 7004
5291 5529
59128 3654
43223 8870
59128 3820
5291 4657
43223 6243
43223 6339
5291 6209
43223 6421
43223 6567
43223 6231
5291 4869
43223 6394
43223 6486
5291 6075
43223 6372
43223 6878
5291 5117
43223 6823
5291 5182
43223 6482
43223 6384
43223 6412
43223 6403
43223 6804
5291 5097
43223 6851
43223 6860
43223 6418
43223 6407
43223 119
5291 3700
43223 6349
5291 4927
43223 6453
43223 6719
5291 4308
43223 6405
43223 6409
5291 6063
43223 6379
43223 6295
5291 5313
43223 6429
43223 6386
43223 6383
5291 5301
63700 6339
63700 6315
63700 6408
55467 6218
43223 6419
43223 6347
43223 6610
5291 5735
59128 3764
44875 4826
43223 6505
43223 6376
43223 3915
5291 4611
43223 7113
5291 5162
43223 6874
43223 6729
5291 5025
43223 6467
43223 6936
43223 6385
43223 6375
5291 5247
43223 6407
5291 6257
43223 6395
43223 6500
43223 7082
5291 5055
43223 6690
43223 6394
43223 3968
5291 3601
43223 6376
43223 6826
5291 5213
43223 6412
43223 6405
43223 6056
5291 3649
43223 6941
5291 5172
43223 6818
43223 6389
5291 4868
43223 6406
43223 6386
43223 6850
5291 5195
43223 6848
43223 6425
43223 6407
5291 4850
43223 6849
5291 5369
43223 6539
43223 6351
43223 6405
5291 6265
43223 6403
43223 3706
5291 3623
43223 6392
43223 6386
43223 5205
5291 3875
43223 6904
43223 6781
5291 6315
43223 6434
43223 6439
5291 6180
43223 6534
43223 6372
43223 6187
5291 5282
43223 6855
43223 6344
43223 6135
5291 4938
43223 6533
43223 6962
43223 6361
43223 6391
5291 3627
43223 6454
43223 6393
43223 2481
5291 3642
43223 6469
43223 6337
43223 6508
43223 6838
5291 5210
43223 6468
43223 6691
5291 6374
43223 6399
43223 6389
43223 6371
43223 6402
43223 6632
5291 5040
8781 5105
33595 3640
33595 7650
44875 3789
44875 3717
59128 4032
59128 3647
19267 4745
59128 5623
44875 4037
5291 3831
5291 6029
43223 3664
43223 6347
43223 5320
5291 3802
43223 6317
43223 6236
6166 4920
5291 3616
8781 5123
59128 3933
8781 7721
8781 6390
8781 5244
33595 3616
46828 3770
33595 4891
947 5141
4839 3718
46828 4033
46828 7160
27947 4636
44875 4080
4839 3651
4839 7365
4839 6470
4839 7423
46828 5361
46828 3835
46828 6553
46828 3813
8781 3673
4839 4598
33595 6343
4839 6163
4839 3812
46828 3691
46828 3758
4839 6324
4839 6207
46828 3637
65487 6523
4839 3603
8781 6388
18336 6166
33595 4859
65487 3760
49715 3644
35144 4228
22298 4610
64404 5148
33595 6429
5291 5052
43223 6452
43223 5676
5291 4925
8781 6214
26920 6307
37116 6193
33595 3611
44875 3670
44875 6672
26920 3636
5291 3670
62309 6588
59128 5307
59128 3674
43223 6369
43223 6765
5291 5181
43223 6395
43223 6248
43223 6418
5291 4873
43223 6359
43223 6377
43223 6115
5291 5249
43223 6366
43223 6380
43223 6667
43223 6390
43223 6218
5291 3601
43223 6921
5291 5193
43223 7102
43223 6811
43223 6902
5291 5181
43223 7112
5291 5108
43223 6643
43223 6968
43223 6381
43223 6419
5291 4804
43223 6549
43223 6849
43223 6440
43223 6583
43223 6993
5291 5201
43223 6397
43223 6488
43223 6456
43223 6465
5291 5010
43223 7141
5291 5094
43223 6653
43223 6441
43223 6481
43223 6563
43223 6474
43223 6380
43223 6387
43223 6904
5291 5078
43223 6524
43223 6428
43223 6436
43223 6506
43223 6426
43223 6406
43223 7191
5291 6918
43223 6392
43223 6410
5291 6273
43223 6467
5291 4795
43223 6618
43223 6489
43223 6391
43223 6389
43223 6809
43223 6431
5291 6019
43223 6406
43223 6759
5291 6427
43223 6366
43223 6664
5291 5011
59128 3764
44875 5013
43043 5241
11161 4053
11161 4820
47416 5137
43043 3706
43043 7132
47416 5696
47416 7646
47416 6417
43043 6226
47416 9422
62309 8137
43043 5049
65487 6408
18336 3809
65487 4587
44875 5055
44875 3703
5291 3762
43223 6271
43223 6319
43223 6413
43223 6214
5291 5348
43223 6475
43223 6232
5291 5438
43223 6431
5291 6288
43223 6406
43223 6356
43223 6307
5291 5163
43223 6371
43223 6813
43223 6418
5291 6260
43223 6489
43223 6364
43223 6367
43223 6390
43223 6825
5291 6433
43223 6410
43223 6956
5291 5045
43223 6863
5291 5196
43223 6423
43223 6348
43223 6548
43223 3056
5291 4077
43223 6461
43223 6878
5291 5051
43223 6736
43223 6415
43223 6399
43223 6417
43223 6434
43223 6401
43223 6437
5291 6250
43223 6481
43223 6886
5291 5174
43223 6519
43223 6556
43223 6571
43223 6963
43223 6408
5291 5313
43223 6557
5291 5073
43223 6447
43223 6386
43223 6362
43223 6731
5291 5115
43223 6490
43223 6752
43223 6396
5291 6235
43223 6538
43223 7103
5291 5333
43223 6345
43223 6816
5291 4910
59128 4022
59128 3653
59128 3754
44875 3602
5291 6189
43223 6329
43223 6352
43223 6310
43223 6324
43223 6382
43223 6813
5291 4928
43223 6867
43223 6396
43223 6384
43223 6776
5291 5175
43223 6381
43223 6380
43223 6884
43223 6404
43223 6484
43223 6609
43223 6688
43223 6725
5291 5270
43223 6386
43223 6478
5291 6322
43223 6383
43223 6554
43223 3755
5291 3585
43223 6429
43223 6410
43223 6448
43223 6411
43223 6428
43223 3706
5291 3686
43223 6564
5291 4426
43223 6448
43223 6496
43223 6898
43223 6409
5291 6148
43043 4650
43043 5026
43043 6177
47416 4975
47416 4959
43043 3580
43043 3612
47416 3639
16901 3668
23495 3806
47416 1309
43043 3754
64004 3624
15302 3871
5291 6123
5291 3702
5291 3829
43223 6348
43223 6407
5291 3649
43223 6301
43223 6343
43223 6569
43223 6200
5291 3618
43223 6494
43223 7129
5291 4973
43223 7182
43223 6287
5291 5151
43223 6873
43223 6426
5291 6041
43223 6403
43223 6411
43223 6387
43223 7022
5291 5250
43223 6379
43223 6651
5291 6381
43223 6414
43223 6372
5291 6172
43223 6528
43223 6377
43223 6730
5291 4900
43223 6382
43223 6378
5291 5247
43223 6551
43223 7095
43223 6411
43223 4730
5291 3639
43223 6478
5291 6318
43223 6356
43223 7012
5291 6839
43223 6376
43223 6395
5291 3719
43223 6425
43223 6387
43223 6898
5291 4870
43223 6556
43223 6767
5291 6397
44875 4655
44875 3858
59128 3598
59128 3630
59128 6220
44875 3601
5291 6195
43223 6436
43223 6742
43223 6699
5291 5064
43223 6490
43223 6387
43223 3890
5291 3654
43223 6373
43223 6521
43223 6411
43223 6831
5291 5164
43223 6869
43223 6534
43223 6365
43223 6646
5291 5062
43223 6464
43223 6540
43223 6826
43223 6396
5291 5059
43223 6407
43223 6379
43223 6398
5291 4860
43223 7211
5291 4921
43223 6407
43223 6362
43223 6434
43223 6853
5291 5188
43223 6973
43223 6411
5291 6221
43223 6339
43223 6401
43223 6934
5291 4933
43223 6468
5291 3772
43223 6666
43223 6453
43223 6981
43223 6688
5291 5065
43223 6387
43223 6383
43223 6392
43223 6405
5291 6028
43223 6404
43223 6389
43223 6493
43223 6386
5291 5060
43223 6541
5291 6298
43223 6388
43223 6534
5291 6114
43223 6818
43223 6398
43223 6379
43223 7003
5291 4900
43223 6440
43223 6376
5291 6338
43223 6414
43223 6383
5291 6100
43223 6462
43223 6398
43223 6949
43223 7014
5291 5225
43223 6374
43223 6429
43223 6414
5291 6205
43223 6947
5291 5219
43223 6398
43223 6373
43223 6390
43223 6812
43223 6382
43223 6484
43223 6525
43223 6538
5291 5855
43223 6413
43223 6376
43223 6470
43223 6385
43223 6420
43223 6351
43223 6759
43223 6501
5291 6103
43223 6538
43223 6370
43223 6407
5291 6264
43223 6391
43223 6912
43223 6485
43223 6367
43223 6445
5291 6170
43223 6406
43223 6374
43223 6369
43223 6466
43223 6495
43223 6747
43223 6509
43223 6406
5291 6033
43223 6451
43223 5145
5291 3702
31723 3685
5291 3743
5291 3681
5291 4699
44875 5364
44875 3837
44875 4075
44875 6184
43223 3649
59128 3607
59128 3608
59128 4754
44875 4936
55467 4420
59128 3775
63077 4144
63700 6275
63700 6307
63700 6379
63700 6198
55467 3761
63700 6311
63700 6847
63700 6812
63700 5279
55467 3878
63700 6745
63700 6636
63700 6860
63700 6372
63700 6377
63700 6812
55467 5083
63700 6406
55467 6226
63700 6432
63700 6383
63700 6527
55467 6404
63700 6416
63700 6858
55467 5193
63700 6400
63700 7390
63700 4166
55467 3629
63700 6884
63700 6371
63700 6439
55467 6142
63700 6447
63700 6490
63700 3714
55467 3594
63700 6408
63700 6391
63700 6422
63700 6411
63700 6504
63700 6706
63700 6424
55467 4891
63700 6412
55467 6087
63700 6439
63700 6420
63700 6583
55467 5317
63700 6884
63700 6401
63700 6824
55467 5207
63700 6395
63700 6749
55467 5086
63700 6364
63700 6360
63700 6714
55467 5192
43223 4135
44875 3600
59128 6150
43223 6315
43223 6245
5291 5217
43223 6437
43223 7065
5291 4923
43223 6370
43223 6481
43223 6330
5291 3605
43223 6505
5291 6201
43223 6408
43223 6404
43223 6389
5291 6063
43223 6369
43223 6864
43223 6246
5291 6116
44875 3741
40684 4357
33292 3826
5291 3815
43223 3643
43223 6343
43223 6312
5291 5394
43223 6352
43223 7396
43223 6416
5291 5209
5291 3643
44875 3672
44875 6171
43223 6382
43223 6316
5291 3650
59128 4072
59128 3722
59128 6079
44875 3683
53137 3687
53137 4651
7641 4047
7641 4966
7641 3764
7641 3750
53137 3723
7641 6424
7641 6454
7641 7226
53137 6942
7641 6467
7641 6391
53137 5317
7641 6380
7641 6386
53137 5397
7641 6375
7641 6419
53137 6230
7641 6874
7641 6403
53137 5105
47258 3667
7641 6456
7641 6512
53137 6280
7641 6730
7641 6470
53137 6130
7641 6383
7641 6791
53137 5195
7641 6391
7641 6545
53137 6316
7641 6693
7641 6399
53137 4257
7641 6978
7641 6396
53137 6030
7641 6382
7641 6494
53137 6244
7641 6393
53137 6247
7641 6377
7641 6831
7641 6441
53137 6269
7641 7206
7641 6458
53137 6254
7641 6380
7641 6974
53137 5067
1501 3799
7641 6499
7641 6220
53137 3670
7641 6388
53137 6045
7641 6390
7641 6557
53137 6343
7641 6382
7641 6730
53137 6491
7641 6413
7641 6500
53137 6120
7641 6511
7641 6481
53137 6205
7641 6371
7641 6390
7641 6410
53137 5452
7641 6379
7641 6409
53137 6222
7641 6423
7641 7097
53137 6982
7641 6359
53137 6192
7641 6378
7641 6475
7641 6902
53137 5095
7641 6399
7641 6609
53137 4924
7641 6552
7641 6948
53137 5068
7641 6441
7641 6510
53137 5781
7641 6881
7641 7067
53137 5529
7641 6401
53137 6230
7641 6374
7641 6458
7641 6398
53137 4975
7641 6416
53137 3776
53137 4660
7641 4483
53137 4477
44875 3683
44875 6612
7641 3732
59128 3704
59128 4078
7641 3782
7641 6375
53137 4854
59128 3811
44875 3628
7641 6407
7641 6447
7641 6539
53137 6233
38200 3794
7641 6478
7641 6403
7641 6404
53137 5171
7641 6764
7641 6407
7641 7006
53137 5079
7641 6566
53137 6351
7641 6853
7641 6775
53137 5179
7641 6490
7641 6395
7641 6399
53137 6119
7641 6460
53137 6033
7641 6866
7641 6397
53137 6060
7641 6417
7641 6362
7641 6387
53137 6233
7641 6396
7641 6856
7641 6405
53137 6162
7641 6486
7641 6541
7641 6420
53137 6238
7641 6395
7641 6861
7641 6406
53137 6251
7641 6423
7641 6460
53137 6266
7641 6388
7641 6706
7641 6913
53137 5080
7641 6470
7641 7186
7641 6707
53137 6248
7641 6437
7641 7013
7641 6401
53137 6063
7641 6840
7641 6569
7641 6815
53137 4955
32993 4045
38200 3604
38200 7141
7641 6802
7641 6478
7641 3777
53137 4778
7641 6398
53137 3978
7641 6452
7641 6845
53137 5406
7641 6830
7641 6413
7641 6956
53137 5190
7641 6414
7641 6396
7641 7022
53137 4899
7641 6413
7641 6467
7641 6485
53137 6168
7641 6457
7641 6831
7641 6936
53137 4942
7641 6491
7641 6534
7641 6559
53137 5393
7641 6436
53137 6285
7641 6438
7641 6394
53137 6315
7641 6531
7641 6533
7641 6450
53137 6307
7641 6483
7641 6410
7641 6391
53137 6257
7641 6550
7641 6390
7641 6859
53137 5403
7641 7308
7641 7239
53137 6735
7641 6396
7641 6401
7641 6422
53137 6254
7641 6454
7641 6987
7641 7011
53137 5069
7641 6664
53137 5402
7641 6535
7641 6787
53137 5195
7641 6572
7641 6411
7641 6535
53137 5334
32993 3762
7641 6560
53137 3762
7641 6459
7641 6259
53137 3935
7641 6402
7641 6499
53137 6047
7641 6441
7641 6557
53137 6378
7641 6424
53137 6139
7641 6396
7641 6421
53137 3829
7641 6358
7641 7115
53137 5117
7641 6945
7641 6433
7641 6383
53137 6191
7641 6908
53137 6694
7641 6791
7641 6411
7641 6565
53137 4989
7641 6397
7641 6457
7641 6506
7641 6383
53137 6058
7641 6376
7641 6459
53137 6313
7641 6850
7641 7716
53137 6421
7641 6388
7641 6481
53137 6297
7641 6503
7641 6787
53137 4949
7641 6429
53137 5379
7641 6362
7641 6423
53137 5124
7641 7042
7641 6707
7641 6394
7641 6411
53137 6273
7641 6368
7641 6393
7641 6396
7641 6553
53137 6243
7641 6399
7641 6506
7641 6412
7641 6422
53137 6161
32993 7859
32993 6474
32993 4802
38200 3635
7641 6386
7641 6507
7641 6259
53137 3919
7641 6854
53137 3656
53137 3647
38200 3642
38200 6192
38200 3936
32993 1722
38200 3670
38200 5234
32993 4951
7641 3575
32993 3639
32993 3892
32993 6383
38200 6188
32993 6411
32993 6788
38200 5047
32993 6888
32993 6786
38200 5170
32993 6395
32993 6625
38200 5454
32993 1728
38200 3647
38200 4669
32993 4993
155 3575
26076 3773
4915 3650
4915 617
2703 3603
2703 3623
4915 4686
42675 3756
39032 5167
59001 3685
59364 4342
20258 3721
20258 3619
47646 3635
20258 3722
47646 3581
47646 4613
20258 4952
44875 3683
44875 3701
59128 3597
59128 3608
44875 4766
37764 3655
23189 5031
59128 3738
13642 3795
51531 3673
44875 3582
36171 4083
40120 6318
51531 3698
51531 6983
3257 3903
13642 3653
13642 6881
10870 3693
49780 3653
34420 3907
27832 3767
36171 3628
36171 6591
40120 5442
40120 7898
40120 6597
40120 6693
51531 5138
3257 3670
3257 7225
3257 6422
3257 6910
13642 5158
51531 3821
13642 5236
51531 5336
47091 4819
55287 3805
10231 5039
54903 3621
27832 3634
27832 7222
27832 6486
27832 6237
36171 4843
36171 3716
40120 6124
3257 3777
40120 3623
13642 3647
51531 4066
10226 4963
37495 5119
40120 3826
44875 4656
44875 6091
59128 3622
59128 3647
51531 3728
27832 6107
44875 3615
55282 3926
36171 3598
59128 3961
44875 3607
31349 3601
19060 4613
6776 4999
46709 3691
41593 3784
47094 3896
30708 3700
30693 3844
59381 3676
24184 3693
6116 4733
34789 3714
43955 4903
5042 3623
64541 4005
39964 3788
61363 3634
1922 3693
64387 3590
3101 3664
27741 4728
52098 3681
39240 5635
64604 3708
15454 3676
27198 3606
19379 3720
40125 3671
39240 3680
39240 7200
40125 3642
40125 7501
40125 6393
40125 6204
39240 7942
39240 3743
39240 6330
22450 3588
27676 4984
40125 518
39240 3616
55484 3598
40125 6390
40125 6367
40125 7025
40125 6382
40125 6371
39240 6194
14085 4059
4002 3702
34136 3596
40341 3824
24908 3836
49775 4259
39240 6187
56648 3975
8521 3678
21832 4678
43337 3890
60745 4999
44875 3794
44875 979
44875 6152
44875 3639
44875 3723
44875 3737
44875 6149
59128 3607
59128 3677
59128 3760
59128 3626
44875 3731
59128 3774
59128 6063
44875 3698
28711 3875
27837 3819
56648 3601
56648 7154
52414 4395
21832 3749
21832 6858
64700 3857
8521 3703
8521 7007
23743 3699
43337 3598
43337 7076
40125 5238
44223 3683
60745 3691
60745 6622
59128 6039
51705 3861
44875 3631
15129 4298
51705 3703
51705 6764
40125 6421
40125 6363
40125 6390
40125 6558
40125 6637
40125 5625
39240 3833
39240 6165
15129 3587
15129 7690
15129 6409
15129 6218
51705 3597
51705 3745
51705 6191
27837 4098
27837 7326
27837 6444
27837 7342
56648 5971
56648 3707
56648 6173
52414 3594
52414 7059
21832 3700
21832 6571
64700 3568
64700 7364
64700 6403
64700 6248
8521 5139
8521 3761
8521 6152
23743 3610
23743 7505
23743 6459
23743 6373
43337 3611
43337 3725
43337 6149
44223 3780
44223 7375
44223 6689
44223 4043
60745 3606
60745 3747
60745 6190
44875 3687
44875 6079
15129 3646
15129 4553
59128 3600
59128 4632
51705 4946
44875 3613
40125 3597
27837 3703
27837 3770
52414 3628
64700 4726
64700 5298
23743 4059
23743 6135
44223 3754
44223 3800
56648 4026
59128 6540
51590 3763
8521 3623
43337 3615
60745 3647
44875 3572
15129 6272
27837 6416
27837 6392
56648 6255
44875 4935
44875 3647
44875 3723
40125 6390
40125 6410
40125 6409
40125 6934
40125 6516
40125 6411
39240 6146
40125 6369
40125 6372
40125 6358
40125 6435
39240 4892
40125 6376
40125 6628
40125 6634
39240 5046
56648 6161
39240 4812
52414 6476
52414 3860
21832 3607
21832 6358
44875 3626
44875 3656
44875 5982
44875 3856
64700 6411
64700 6530
8521 5142
23743 6393
23743 6886
23743 6661
23743 5976
43337 3603
8521 6665
51705 3846
43337 6187
59128 3582
59128 3652
44875 3690
44875 6166
59128 3794
51705 6231
59128 4044
59128 3685
59128 3725
59128 3723
44875 3633
44223 6449
44223 6536
44223 6447
44223 6587
44223 6691
44223 6384
44223 6396
44223 6950
60745 4918
13703 3920
15129 4650
37705 5255
51590 3783
51590 7978
44223 6416
44223 6878
60745 4942
40125 3744
59128 6783
26358 4257
27837 3601
39671 3666
52414 3583
64700 3603
23743 3664
44875 4582
44223 6419
44223 6382
44223 6467
44223 6473
44223 6421
60745 6264
44223 6715
44223 6422
44223 6434
44223 6388
44223 6552
44223 6904
44223 6491
60745 5176
60745 6477
52414 6291
40125 6358
40125 6407
40125 5581
39240 5030
64700 6444
64700 6136
8521 3631
21832 6667
39240 6179
23743 6365
23743 6405
43337 6231
23743 6434
23743 6195
43337 3618
8521 6272
840 3820
13703 3640
13703 7239
43337 6306
37705 3603
37705 7950
37705 6363
37705 6224
51590 3633
27837 6376
27837 6411
27837 6532
56648 6354
27837 6526
27837 7556
27837 6407
27837 6830
27837 6897
27837 6379
27837 7004
56648 5058
51590 3714
51590 3725
51590 6954
52195 3801
26358 3626
26358 7292
23522 3676
39671 3628
39671 7222
15129 6451
15129 6627
15129 6575
51705 6244
15129 6795
15129 6701
15129 6400
15129 6522
15129 6840
15129 6382
15129 7222
51705 5479
52414 4890
40125 3859
44223 3788
64700 3680
23743 3628
15129 6509
15129 6365
51705 6095
15129 6487
15129 7027
51705 5380
840 3783
840 8223
840 7826
840 6206
13703 3710
13703 4673
27837 6421
27837 6408
27837 6748
27837 6839
56648 5353
27837 6452
27837 6381
27837 6429
27837 6507
27837 6831
56648 6562
52195 4160
52195 7705
52195 6824
26358 5160
37705 8159
37705 3667
51590 3781
37705 3821
51590 3875
52195 6857
26358 5039
26358 6614
23522 3757
23522 7621
23522 7132
39671 5596
44223 6556
44223 8939
60745 6966
23522 6353
39671 5100
52414 6683
52414 4761
21832 3712
40125 6445
40125 6385
40125 6454
39240 3629
23743 6637
23743 6694
43337 5145
64700 6359
64700 6420
64700 4051
8521 3922
44875 3692
44875 6086
59128 3705
840 3780
840 3828
13703 3900
52195 4647
52195 5272
23522 6209
26358 3676
52195 4179
37705 3600
39671 3716
26358 3889
56648 9083
8521 6320
27837 3803
64700 3619
27837 6248
64700 6398
64700 6634
64700 6757
64700 6179
8521 4088
56648 3719
55669 3897
55669 3652
57855 3682
4017 3724
29289 6730
48594 4107
4358 4930
55388 3681
49125 3998
63903 3772
48564 3909
2574 3598
62583 3766
60987 3725
23391 3643
24669 4713
57316 5822
50097 5230
27947 3861
27947 3651
947 3819
947 5770
8810 3958
27947 3622
41682 4809
26777 4295
13306 5012
54407 3839
34870 3628
23277 3703
8633 3735
10457 3689
4061 3600
9705 3841
53855 3617
57041 4836
44875 5119
44875 3764
35706 3832
57855 3743
57855 4075
7351 3770
40927 778
35706 3769
35706 3624
59128 3857
59128 3800
214 3678
214 3828
7351 1024
44875 4712
55669 6919
57855 3607
59128 3765
54331 3960
13642 3613
10298 3929
51966 4840
54331 5273
54331 4685
23295 4842
10298 3704
10298 7254
51966 3613
23295 3609
44875 4039
51966 9343
51966 6710
51966 5086
54331 3889
23295 7456
23295 6935
23295 6041
10298 4217
54331 3891
10298 57
54331 4147
54331 8177
51550 5453
51966 6524
54331 3825
51966 3865
23295 997
10298 4482
10298 3638
51966 3663
2929 4145
51966 3815
51966 6209
51966 6346
54331 4242
51966 3667
51966 3955
54331 3642
54331 3856
10191 3736
51966 3669
36171 4734
44875 5131
44875 3886
30369 3669
33583 3874
3257 4169
13642 4653
59128 3705
59128 5186
56420 3973
59128 4044
44875 3749
33750 3882
5413 4122
27832 4634
36171 5057
44875 5598
44875 3882
44875 3676
44875 4713
44875 5194
44875 3916
59128 3769
59128 227
59128 796
59128 5484
44875 3607
59128 3767
59128 6093
44875 3619
60066 3641
35938 4285
52641 3757
47520 3787
21278 3977
12704 3786
25372 3857
49951 3784
30112 5471
13087 5304
44875 4241
48247 3805
32507 4159
55502 3782
31825 3803
2449 3888
7102 6971
58149 4181
60633 5033
60532 3742
32510 3792
39032 3710
39032 3703
42675 3786
42675 3782
39032 3700
58170 4650
16274 5357
57167 3807
47938 3946
62635 3761
37925 3834
29351 3642
57513 3888
43587 3593
1196 3764
54421 3773
43160 4674
48782 5700
60995 4302
26296 3791
62636 3864
33781 3839
52364 3673
59467 3783
27838 3940
56898 3661
39490 4848
17687 6924
13486 4232
50350 3762
37542 3773
44875 3867
44875 3696
47798 4715
39671 3710
13703 5465
59128 3617
59128 3735
59128 3711
59128 4772
44875 5318
11389 4037
53372 3746
50055 3778
50055 3744
47798 679
9839 3846
46702 3778
11389 4682
53372 5142
53372 5876
11389 5973
55380 5304
46702 22760
46702 6497
46702 6677
53372 5057
9839 7269
9839 8633
9839 6952
11389 5034
53372 4678
11389 4978
53372 6343
8315 4366
44180 3908
46702 3805
46702 3701
53372 3711
9839 4949
9839 5138
11389 3702
12445 3965
46702 3717
46702 6484
46702 6451
46702 6488
46702 6556
46702 6685
46702 6406
53372 4040
46702 6542
46702 6549
46702 6491
46702 7018
53372 5201
46702 6546
46702 6387
46702 6623
53372 5151
46702 8737
46702 6498
46702 6462
46702 6506
46702 6691
46702 6763
46702 6756
46702 6727
46702 6410
46702 6684
46702 6417
53372 4116
46702 6510
46702 6387
46702 7884
46702 6325
53372 4287
23522 3635
39671 3618
44875 3687
44875 3822
840 3755
13703 4614
59128 4953
59128 3628
59128 3869
44875 3911
59663 4878
5390 5279
24847 3736
40206 3711
55566 5524
9487 3776
44875 3763
44875 6087
12547 16135
44875 312
44875 3928
44875 6244
56036 3888
59663 3696
59663 7231
60134 3878
40206 3608
19173 4119
5390 3740
31463 3692
5390 7018
24847 3713
6886 3710
55566 4763
35559 4984
40206 7141
9487 4547
24847 5648
55566 6916
9487 5630
31478 4862
12547 3787
12547 6280
59128 4959
59128 3784
59128 6604
44875 3856
59128 3795
59128 1279
59128 3957
59128 6122
44875 4800
56036 3790
44875 3670
60134 5453
19173 3712
44875 3607
56036 9324
56036 6372
56036 6410
44875 3974
59663 5100
31463 5077
6886 3589
35559 3614
44875 3988
19173 8137
19173 6916
19173 6280
44875 4715
5390 5722
60134 7668
60134 6491
60134 6513
31478 5573
40206 5504
31463 10139
31463 6513
31463 7036
24847 5245
6886 8087
6886 6567
6886 6403
55566 5357
31478 7599
35559 7176
31478 6602
12547 5385
31478 6460
35559 6730
35559 7025
9487 5619
59663 3848
5390 3856
40206 4818
24847 5292
55566 3874
9487 3948
12547 4822
5390 4351
24847 3827
55566 5140
9487 3766
12547 3849
59663 3856
40206 4339
59663 6455
59663 4005
59663 6063
59663 4880
40206 5257
40206 4013
40206 6152
56036 3877
19173 7011
5390 5307
60134 3940
31463 6913
24847 5193
59128 3765
59128 3773
59128 6435
44875 3819
6886 4141
55566 3832
59128 4817
59128 5259
44875 4439
59128 3928
59128 5695
59128 6336
44875 3851
35559 4796
9487 5197
31478 4016
12547 3760
19173 3768
5390 3811
19173 4761
5390 7188
31478 3804
31478 3754
12547 3762
12547 3755
60134 3822
6886 3791
55566 3814
40206 4960
31463 5136
6886 3849
24847 4207
55566 3717
31463 3888
24847 3740
56036 3754
35559 1559
9487 3818
9487 5057
59663 3879
56036 3662
40206 3821
59663 3951
60134 3739
56036 6787
59663 4275
56036 6568
56036 6761
56036 7846
56036 6545
59663 5287
56036 9618
59663 7064
56036 6640
56036 6549
60134 6482
59663 5089
60134 6479
60134 7402
40206 7031
60134 6615
60134 7001
60134 6545
60134 6501
60134 6561
40206 5364
40206 3948
40206 3824
40206 3793
40206 7614
40206 4263
40206 3951
40206 3788
40206 4891
40206 5314
40206 3828
40206 3785
40206 5029
40206 5478
40206 3858
40206 3794
40206 3856
40206 6366
40206 5793
40206 3821
40206 4216
40206 4807
40206 5645
40206 3879
59663 3950
60134 7066
60134 6534
60134 6345
56036 6934
56036 6886
40206 6725
59663 4192
56036 6597
56036 6619
56036 6707
56036 6979
59663 5559
56036 6530
56036 6601
56036 6526
56036 6486
59663 5294
56036 6759
59663 4485
56036 7090
59663 5649
56036 6658
56036 6537
56036 6653
59663 4589
56036 9176
59663 7745
56036 6626
59663 3918
56036 6936
59663 5085
56036 7069
56036 7264
59663 5434
60134 26
60134 6505
40206 5120
60134 6466
60134 7622
60134 6714
60134 6277
40206 3777
60134 6513
60134 6547
60134 6610
40206 5128
60134 6532
40206 5153
60134 6597
60134 6502
60134 7134
60134 6540
60134 6538
60134 6585
40206 4320
60134 6519
60134 6107
40206 4361
60134 3806
60134 599
60134 3977
60134 3838
60134 3805
60134 439
56036 6554
60134 6581
60134 6615
56036 6888
40206 5633
59663 4020
60134 6502
60134 6469
60134 6535
60134 6506
40206 5025
56036 6685
56036 6642
59663 5168
56036 6475
56036 6480
56036 6946
59663 5523
56036 6509
56036 6547
56036 6827
59663 5230
56036 8646
56036 7003
59663 5138
56036 6554
56036 7169
59663 5304
56036 6684
56036 6540
59663 5287
56036 6748
56036 6539
59663 5332
56036 6576
56036 6549
60134 6562
60134 7073
40206 5238
60134 6394
60134 6597
60134 6581
40206 5360
60134 6418
60134 6518
60134 6526
56036 8309
40206 7040
60134 6467
60134 6519
56036 6519
59663 5453
40206 3737
60134 8333
60134 6403
40206 4952
60134 6546
60134 6681
60134 6827
40206 6424
60134 6516
40206 4384
60134 6507
60134 6416
60134 6553
60134 6518
60134 6587
60134 6522
60134 6588
60134 6539
40206 5183
60134 6508
60134 6555
60134 6578
60134 6489
60134 6646
60134 6518
60134 6417
60134 6383
40206 5168
56036 6554
56036 6552
56036 6479
56036 6500
60134 6545
60134 8411
59663 7115
40206 5654
56036 6435
56036 6476
59663 5273
56036 6627
56036 6980
56036 6972
56036 6524
59663 5304
56036 6707
56036 7077
59663 5328
56036 6418
56036 6413
59663 5180
56036 6936
56036 6881
59663 6435
60134 6390
60134 7065
60134 6452
40206 5174
60134 6549
40206 6219
60134 6479
60134 6393
60134 6911
40206 5819
60134 6404
60134 6627
60134 7731
60134 6552
40206 5313
56036 6857
56036 6464
59663 5015
56036 6850
56036 7054
59663 5090
56036 6391
56036 6601
59663 6412
56036 6726
56036 6908
59663 5079
56036 6404
56036 6406
59663 6251
56036 6424
56036 6490
59663 5017
56036 6605
56036 6589
59663 5168
56036 6487
56036 6943
59663 5320
56036 6785
56036 6565
59663 6155
56036 6527
56036 6500
59663 6306
60134 7594
60134 6594
40206 6322
60134 6574
60134 6518
60134 6440
60134 6565
40206 6179
60134 6481
60134 6436
40206 6157
60134 7067
40206 4924
60134 6391
60134 6549
60134 6407
60134 7784
40206 6288
60134 6578
60134 6566
40206 4847
56036 6546
56036 6413
59663 6301
60134 6459
60134 6350
60134 7026
40206 5105
60134 6441
40206 6216
60134 6408
60134 7729
60134 6951
40206 5342
60134 6459
60134 6418
60134 6645
40206 5051
60134 6410
60134 6475
60134 6500
60134 6472
40206 6191
60134 6563
60134 7121
40206 5086
56036 6415
56036 6999
59663 5802
56036 6426
56036 6388
59663 6229
56036 6378
56036 6496
59663 5489
56036 6349
56036 6409
59663 5077
56036 6480
56036 6866
59663 4971
56036 6426
56036 6524
59663 6222
60134 7261
60134 6544
40206 5485
60134 6619
60134 6411
60134 6848
40206 5223
60134 6604
60134 6546
40206 6243
60134 6708
40206 5049
60134 7340
60134 6373
60134 6351
60134 6520
60134 6536
40206 5044
56036 6462
56036 6376
59663 6222
56036 6676
56036 6933
59663 5188
56036 6480
56036 6522
59663 6305
56036 6489
56036 6409
59663 6177
56036 6422
56036 7179
59663 5690
56036 6553
56036 6755
59663 4951
56036 6404
56036 6534
59663 6377
56036 6424
56036 6398
59663 6170
56036 6400
56036 6398
59663 6166
56036 6408
56036 6455
59663 6303
60134 6378
60134 6955
40206 5182
60134 6399
40206 5212
56036 6450
56036 6481
59663 6048
60134 6394
60134 6425
60134 6825
40206 5219
60134 6560
60134 6370
60134 6421
60134 7051
60134 6415
60134 6404
60134 6427
40206 6164
60134 6386
56036 6742
56036 6533
59663 6165
60134 6624
40206 3657
60134 6395
60134 6781
60134 6512
40206 6149
56036 6390
60134 6363
60134 6458
60134 6411
40206 6268
56036 6829
60134 6619
60134 3849
59663 3817
40206 3621
56036 6965
56036 6648
59663 5029
60134 6391
60134 6374
60134 7011
40206 5129
60134 7145
40206 3599
56036 6393
56036 6487
59663 4672
56036 6384
56036 6427
59663 6241
56036 6600
56036 6548
59663 5020
56036 6395
56036 6411
59663 3741
56036 6437
56036 6920
59663 4906
56036 6393
56036 6371
60134 6453
59663 6261
60134 6575
60134 6423
60134 6349
60134 7450
40206 6182
60134 6807
60134 6958
40206 5218
60134 6400
60134 6361
60134 6524
60134 7577
40206 5949
60134 6380
60134 6431
40206 6026
60134 6667
40206 5734
60134 6361
60134 6373
60134 6811
40206 5019
60134 6529
60134 4151
40206 3777
56036 6396
56036 6409
59663 4862
56036 6552
56036 6469
59663 6050
56036 6779
56036 7356
59663 5721
56036 6372
56036 6828
59663 5555
56036 6360
56036 6461
59663 6156
56036 6350
56036 6596
59663 6415
56036 7112
56036 6975
59663 5092
56036 6426
56036 6855
56036 6395
56036 6458
59663 6307
56036 6465
56036 6364
56036 6574
59663 6292
60134 6370
60134 6418
60134 6415
60134 6533
60134 6830
40206 6408
60134 6385
60134 6421
60134 6542
40206 5057
60134 7196
40206 5273
56036 6380
59663 6116
56036 6383
56036 6404
60134 6474
60134 7058
40206 5133
60134 7438
60134 6529
60134 6388
40206 6151
60134 6667
60134 6410
60134 6438
60134 6430
40206 6226
60134 7123
40206 5175
60134 10731
60134 6402
60134 7047
60134 6243
40206 4927
56036 6400
56036 6894
56036 6671
59663 5032
56036 6420
59663 6293
56036 6390
56036 6844
59663 6686
56036 6495
56036 6399
59663 6244
56036 6377
56036 6717
59663 5088
56036 6409
56036 7525
59663 5060
56036 6506
56036 6388
56036 6387
59663 6172
56036 6366
56036 6404
56036 6869
59663 6464
60134 6540
60134 6398
40206 6093
60134 6711
60134 6371
60134 6545
40206 6321
60134 6449
40206 6026
60134 6341
60134 6467
60134 6786
60134 6675
60134 6376
60134 6381
60134 6591
40206 5417
60134 6391
60134 6550
40206 6359
60134 7446
60134 6414
60134 6413
60134 6381
40206 5117
60134 6403
60134 6412
40206 6220
56036 6477
59663 3673
56036 6377
22082 6161
4674 4945
56036 7797
59663 5149
56036 6378
56036 6704
59663 6142
56036 6471
56036 6363
56036 6385
59663 6475
56036 6672
59663 4981
56036 6360
56036 6567
59663 3743
56036 6530
56036 6418
56036 7029
59663 5286
56036 6728
59663 5165
56036 7093
56036 6521
59663 6027
56036 6374
56036 6401
56036 6391
59663 4803
60134 6412
60134 6466
60134 6404
40206 5006
60134 6392
60134 6879
40206 5233
60134 6407
40206 5354
60134 6496
60134 6502
40206 6246
60134 6454
60134 6448
60134 6974
40206 5181
60134 7299
40206 5505
60134 6420
60134 6394
60134 6436
40206 6202
60134 6409
40206 6236
60134 6937
60134 6406
60134 6965
40206 5207
60134 6454
40206 6065
60134 6414
60134 6833
40206 6688
60134 6608
60134 7028
40206 5067
60134 6481
60134 6402
40206 6227
60134 6494
60134 6397
60134 6396
60134 6926
40206 5079
60134 6439
60134 6416
40206 3643
60134 6577
60134 6393
60134 7260
60134 6506
60134 6352
60134 6428
60134 6541
60134 6420
40206 5322
60134 6896
60134 6509
60134 6516
60134 6366
40206 5274
43706 3734
60134 6499
60134 6416
40206 6162
60134 6370
60134 6421
40206 6270
60134 6419
60134 6429
60134 6413
60134 6591
60134 6845
40206 5188
60134 6379
60134 6438
60134 6821
40206 6450
60134 6458
60134 6427
60134 6375
40206 3700
60134 6397
60134 6433
60134 6388
60134 6664
40206 5250
60134 7051
60134 6671
40206 5003
60134 6886
60134 6395
60134 6425
60134 6447
60134 6808
60134 6553
60134 6345
60134 6388
40206 6222
60134 6391
60134 6362
60134 6560
60134 6568
40206 6171
60134 6448
60134 6398
40206 6223
60134 6768
60134 6908
60134 6397
60134 6383
60134 6375
60134 6370
60134 6831
40206 4905
60134 4808
40206 3749
60134 6385
40206 5361
60134 7109
60134 6458
60134 6427
60134 6540
60134 6487
60134 6390
60134 6563
40206 6365
60134 6569
60134 6392
60134 6400
40206 5198
60134 6366
60134 6371
60134 6759
40206 6397
60134 6401
60134 6404
40206 6143
60134 6102
40206 4065
59816 3659
14896 3801
38061 3876
25773 3666
17079 3585
51895 3767
14006 3625
29721 6086
5129 3801
46090 3705
9227 4204
40206 3878
40206 3707
40206 6031
44875 3616
44875 3735
60134 6481
60134 6407
60134 6831
60134 6851
40206 6566
60134 6390
60134 6422
60134 6559
60134 6385
60134 4104
40206 4146
60134 6116
60134 6370
60134 6752
40206 5050
60134 6434
60134 6383
60134 6496
60134 6401
40206 6121
60134 6410
60134 6395
60134 6486
60134 6817
40206 5073
60134 7603
60134 6183
60134 6378
60134 6372
60134 6508
40206 5029
60134 6361
60134 6546
60134 6402
60134 6513
40206 6324
60134 6480
60134 6387
60134 6569
60134 6561
60134 3784
60134 6833
60134 6539
60134 6978
40206 5063
60134 6655
60134 6826
60134 6466
60134 6353
60134 6798
60134 6539
60134 6408
60134 7207
40206 5169
59128 5329
59128 3794
44875 3598
65073 4365
47665 3630
17968 5145
12849 5273
52784 3684
35376 3690
41224 3657
20744 3661
24842 3669
52784 3616
65073 3642
47665 3577
49417 4723
17968 5618
61707 3832
12849 3559
37130 3696
35376 4085
12849 7260
17968 6499
47665 7445
52784 6370
65073 6429
35376 4051
61707 4643
49417 3707
24842 5112
20744 3591
41224 3624
61707 9450
61707 6378
61707 6408
37130 4187
12849 3599
49417 7179
49417 6508
49417 6333
17968 3606
20744 7261
20744 6545
20744 6525
47665 5237
24842 7234
24842 6397
24842 7273
52784 5321
37130 7206
37130 6378
37130 6890
35376 5179
41224 7184
41224 6820
41224 6285
65073 4831
12849 3826
17968 6022
47665 3694
52784 3709
35376 3887
65073 4698
17968 5011
47665 3716
52784 3602
35376 3658
65073 4236
12849 3685
12849 6183
12849 3758
12849 3669
12849 4688
12849 5107
12849 3703
61707 4799
49417 5241
17968 3583
20744 4773
47665 4946
24842 3786
52784 3609
37130 6142
35376 3712
24842 3646
24842 3699
52784 3800
52784 3600
41224 6162
65073 3590
17968 404
20744 2446
47665 4822
47665 3698
37130 2281
35376 46
41224 3620
41224 3589
65073 1092
61707 4896
61707 3669
12849 3624
61707 3621
61707 3652
12849 3713
61707 6831
12849 5128
61707 6388
61707 6398
12849 3638
61707 6574
61707 6944
12849 5172
61707 6430
61707 6411
61707 6651
12849 6539
61707 6641
61707 6410
12849 6239
61707 6435
61707 6408
12849 6284
61707 6434
61707 7234
12849 5820
61707 6431
61707 6397
61707 6386
61707 6406
12849 6183
61707 6393
61707 6479
12849 6181
61707 6387
61707 6509
12849 6124
61707 6415
61707 6439
12849 6058
61707 6467
61707 6436
12849 6197
61707 6399
61707 7244
12849 5639
61707 6379
61707 6396
12849 6194
61707 6438
61707 6708
12849 4914
61707 6419
61707 6842
12849 4914
61707 6521
61707 7668
12849 6039
61707 6591
61707 6545
61707 6641
12849 4948
61707 6445
12849 5367
61707 6642
61707 6406
61707 6402
12849 4864
61707 6650
12849 3686
61707 6400
61707 6930
12849 5080
61707 6416
61707 6498
12849 6242
61707 6372
61707 6414
12849 6156
61707 6708
61707 6349
61707 6453
12849 6121
61707 7096
12849 5345
61707 6372
61707 6448
12849 6289
61707 7360
61707 7212
12849 4930
61707 6496
61707 6367
61707 6864
12849 5609
61707 6803
12849 5211
61707 6430
61707 6774
12849 5061
61707 6403
61707 6931
12849 5057
61707 6408
61707 6401
12849 5765
61707 6393
61707 6381
12849 6183
61707 6468
61707 6430
12849 6286
61707 6827
61707 6416
61707 6572
61707 6425
61707 6574
12849 6400
61707 6553
61707 6422
61707 7469
12849 5602
61707 6516
61707 6393
61707 7036
12849 5046
61707 6511
12849 6285
61707 6424
61707 6383
61707 6514
12849 5381
61707 6410
61707 6393
12849 4869
61707 6795
12849 4977
61707 6354
61707 6471
61707 6644
12849 5041
61707 6385
61707 6394
61707 6410
12849 6006
61707 6393
61707 6872
61707 6400
12849 6221
61707 6414
61707 6556
12849 6427
61707 6925
61707 6363
12849 5060
61707 6646
12849 4946
61707 6467
61707 6391
61707 3701
12849 3691
61707 6897
12849 4904
61707 6411
61707 7062
12849 5453
61707 6439
61707 6402
12849 6240
61707 6385
61707 6912
12849 6770
61707 6371
61707 6540
12849 6371
61707 6397
61707 6673
12849 5215
61707 6507
61707 6458
61707 6610
12849 5034
61707 6585
12849 6466
61707 7394
61707 6600
61707 6403
61707 6404
12849 6163
61707 6430
61707 6395
61707 6418
61707 4144
12849 4037
61707 6452
61707 6408
61707 6567
61707 6375
61707 7323
12849 5402
61707 6996
12849 5183
61707 6354
61707 6947
12849 5558
61707 6415
61707 6604
12849 6426
61707 6419
61707 6921
12849 4962
61707 6855
61707 6703
61707 6373
61707 6393
12849 6210
61707 7179
61707 6535
12849 6300
61707 6378
61707 7054
12849 5204
61707 6439
61707 6391
12849 5030
61707 6361
61707 6440
61707 6393
12849 6236
61707 6356
61707 6417
61707 6406
61707 6367
61707 6381
12849 6221
61707 6963
61707 6401
61707 6860
12849 6636
61707 6393
61707 7577
12849 5830
61707 6501
61707 6387
12849 5160
61707 6641
61707 6479
61707 6454
12849 6140
61707 7071
61707 6518
61707 6517
12849 3772
61707 6421
61707 6430
12849 6273
61707 4899
12849 3638
61707 6474
61707 6400
12849 5029
61707 6479
61707 6446
61707 6487
12849 6247
61707 6594
61707 6493
12849 6328
61707 6423
61707 6407
61707 6689
61707 6384
61707 6497
12849 6061
61707 6360
61707 6381
12849 6152
61707 6368
61707 6544
12849 6379
61707 7070
61707 6372
61707 6410
12849 4869
61707 6767
12849 5162
61707 6463
61707 6384
12849 6246
61707 3843
61707 6512
12849 5052
61707 6377
61707 6326
12849 4858
61707 6667
61707 6452
61707 6379
61707 7082
12849 5596
61707 6523
61707 6365
12849 5331
61707 6363
61707 6408
12849 5368
61707 6411
12849 6271
61707 6384
61707 6659
12849 5076
61707 7172
61707 6662
12849 5187
61707 6747
61707 6795
12849 5050
61707 6456
61707 6404
61707 6693
61707 4368
12849 3613
61707 6521
61707 6918
12849 4916
61707 6432
61707 6698
61707 6883
12849 6440
61707 6509
12849 5074
61707 6409
61707 6410
61707 6376
12849 4848
61707 6958
12849 5086
61707 6517
61707 6997
12849 5273
61707 6463
61707 6416
12849 5242
61707 6890
61707 6543
12849 6307
61707 6388
61707 6362
61707 6595
12849 5135
61707 7052
12849 4926
61707 6507
61707 6549
12849 6379
61707 6487
61707 6450
12849 5289
61707 6470
61707 7459
12849 5539
61707 6363
61707 6406
12849 4852
61707 6380
61707 6394
12849 5065
61707 6375
61707 6384
61707 6423
12849 6166
61707 6425
12849 6123
61707 6385
61707 6426
61707 7091
61707 6975
12849 5082
61707 6381
61707 6361
12849 4858
61707 6398
61707 6384
61707 6827
12849 6561
61707 6377
61707 6178
12849 5420
61707 6484
12849 4780
61707 6872
61707 6506
12849 6286
61707 6380
61707 6846
12849 4894
61707 6420
61707 6839
12849 5170
61707 6427
61707 6522
61707 6981
12849 5109
61707 6959
12849 4941
61707 6792
61707 6512
61707 6813
12849 6628
61707 6825
12849 5223
61707 6479
61707 6384
61707 6375
61707 7292
12849 5400
61707 6473
61707 6541
12849 6133
61707 6729
61707 4686
12849 5143
61707 6533
61707 6371
61707 6404
12849 5013
61707 6425
61707 6412
12849 4994
61707 6615
12849 5168
61707 6849
61707 6458
61707 6375
61707 6726
12849 4727
61707 6826
61707 6785
12849 5192
61707 7152
61707 6391
12849 6271
61707 6525
61707 6636
12849 6461
61707 6475
61707 6503
61707 6397
61707 6494
12849 5015
61707 6406
61707 6445
12849 5175
61707 6208
61707 6546
12849 6392
61707 6397
61707 6370
61707 6430
61707 6480
12849 6230
61707 6376
61707 6693
61707 6486
12849 6328
61707 6399
61707 6428
12849 6153
61707 6437
12849 4804
61707 6400
61707 7308
61707 6803
61707 6419
12849 6239
61707 6842
61707 6516
12849 6329
61707 6385
61707 6595
12849 4840
61707 6370
61707 6393
12849 6180
61707 6485
61707 6573
12849 6322
61707 6561
61707 6362
61707 6351
61707 6427
12849 6042
61707 6779
61707 6577
12849 6182
61707 6868
61707 6440
12849 6095
61707 6412
61707 6827
61707 6416
12849 6194
61707 6418
61707 6997
61707 6461
12849 6179
61707 6349
61707 6804
12849 4997
61707 6381
61707 6398
61707 6651
12849 5078
61707 6453
61707 6560
12849 6268
61707 6450
12849 5055
61707 6405
61707 6476
61707 6590
61707 6578
12849 6425
61707 6434
61707 6608
12849 5028
61707 6595
61707 6398
61707 6446
12849 6096
61707 6439
61707 6516
12849 4812
61707 6793
12849 5099
61707 7388
61707 6388
61707 6443
61707 6464
12849 6298
61707 6526
61707 6421
12849 6226
61707 6368
61707 6397
61707 6793
12849 5193
61707 6454
12849 4987
61707 6379
61707 6417
61707 6395
61707 6394
12849 6252
61707 6383
61707 7225
61707 6373
61707 6628
61707 6412
12849 6277
61707 6383
12849 5254
61707 6444
61707 6529
61707 6541
12849 3605
61707 6729
12849 5089
61707 7492
61707 6546
61707 6646
61707 6909
12849 5199
61707 6377
61707 6426
61707 6360
12849 6148
61707 6403
12849 6190
61707 6794
61707 6871
61707 6558
61707 7022
12849 5288
61707 6419
61707 6517
12849 6164
61707 6539
61707 6375
61707 6396
12849 6234
61707 6347
61707 6403
61707 6495
61707 6394
61707 6430
12849 6270
61707 6412
61707 6384
12849 6204
61707 6874
61707 6425
61707 7445
12849 6191
61707 6492
61707 6384
12849 5015
61707 6382
12849 6252
61707 6456
61707 6465
12849 6177
61707 6520
61707 6606
12849 4911
61707 6842
61707 6680
12849 5024
61707 6446
61707 6867
61707 6574
12849 6487
61707 6379
61707 6454
12849 5470
61707 6427
61707 6504
61707 6654
12849 4962
61707 6368
61707 6416
12849 5093
61707 7178
61707 6449
61707 6661
12849 6335
61707 6528
61707 6827
12849 4934
61707 6823
12849 5113
61707 6396
61707 6801
61707 6855
12849 5071
61707 6953
12849 5207
61707 6367
61707 7434
12849 6460
61707 6360
61707 6487
61707 6427
12849 6326
61707 6784
12849 5066
61707 6858
61707 6345
61707 6429
61707 6508
12849 6383
61707 6388
61707 6549
61707 6450
12849 6087
61707 7333
12849 5156
61707 6510
61707 6409
61707 6370
61707 6401
12849 6130
61707 6770
61707 6379
12849 6191
61707 7180
61707 6503
61707 6662
12849 5199
61707 6982
12849 5244
61707 6378
61707 6807
61707 6425
61707 6418
12849 6148
61707 6350
61707 6612
61707 6400
61707 6395
12849 6252
61707 6409
61707 6803
12849 5226
61707 6397
61707 7191
61707 6425
12849 6213
61707 6362
61707 6423
12849 4820
61707 6373
61707 6909
12849 5191
61707 6359
61707 6889
12849 5359
61707 6456
61707 6533
61707 6475
12849 5340
61707 6399
12849 3617
61707 6359
61707 6441
61707 6431
12849 5282
61707 6846
12849 6564
61707 6821
61707 6631
12849 5157
61707 6393
61707 6392
12849 6211
61707 6535
61707 6433
12849 5354
61707 7417
61707 6728
12849 5114
61707 6579
61707 6386
61707 6554
12849 5043
61707 6523
61707 6411
61707 6854
12849 5067
61707 6519
61707 6408
12849 5120
61707 6482
61707 6465
12849 6333
61707 6394
61707 6508
61707 6405
61707 6358
12849 3742
61707 7089
61707 6530
12849 6363
61707 6760
61707 6392
12849 6230
61707 6414
61707 6406
12849 5233
61707 7283
61707 6389
12849 4773
61707 6503
61707 6437
61707 6408
12849 6241
61707 6686
12849 5092
61707 6434
61707 6566
61707 6587
12849 4083
61707 6517
12849 5311
61707 6393
61707 6855
12849 5556
61707 6616
61707 6517
12849 6395
61707 6362
61707 6392
61707 6564
12849 6426
61707 6913
12849 5245
61707 6420
61707 6508
61707 6379
12849 6239
61707 6528
12849 5051
61707 7369
61707 7012
12849 5097
61707 6447
61707 6356
61707 6618
12849 5040
61707 6385
12849 5328
61707 6373
61707 6746
12849 6581
61707 6418
61707 6535
61707 6722
12849 6556
61707 6572
12849 5274
61707 6942
61707 6384
61707 6507
61707 6374
61707 6746
12849 4937
61707 6394
12849 6169
61707 6392
61707 6399
12849 5413
61707 6397
61707 6456
61707 6910
12849 6599
61707 6949
12849 4554
61707 6395
61707 6355
61707 6782
12849 5192
61707 6901
12849 6582
61707 6553
61707 6375
61707 6766
12849 6402
61707 6384
61707 6385
61707 6368
61707 6429
12849 6281
61707 6389
12849 3768
61707 6371
61707 6758
61707 6509
12849 6313
61707 6467
61707 6405
61707 6920
12849 4954
61707 6400
61707 6374
61707 6559
12849 6132
61707 6914
61707 6390
12849 6161
61707 6511
61707 6451
61707 6407
61707 6483
12849 6200
61707 6641
12849 6322
61707 6541
61707 6382
12849 6107
61707 6437
61707 6980
61707 6646
12849 6513
61707 6905
12849 5182
61707 6400
61707 6577
61707 6374
12849 6218
61707 6382
61707 6794
12849 5462
61707 6407
61707 6998
12849 5224
61707 6574
61707 6867
12849 5065
61707 7021
61707 6393
12849 6211
61707 6381
61707 6471
12849 5010
61707 6442
61707 6440
61707 6859
61707 6647
12849 6571
61707 6415
61707 6954
12849 4981
61707 7097
12849 5150
61707 6410
61707 6480
12849 6257
61707 6451
61707 6434
61707 6834
12849 6378
61707 6501
12849 3608
61707 6392
61707 6835
61707 6449
61707 6363
61707 6582
12849 6407
61707 6587
12849 3736
61707 7459
61707 6490
12849 6315
61707 6377
61707 6499
12849 6204
61707 6385
61707 6878
12849 5048
61707 6739
61707 6424
61707 6616
12849 5051
61707 6380
61707 6403
12849 5278
61707 6455
61707 6572
12849 6329
61707 6393
61707 6406
12849 6291
61707 6946
12849 5058
61707 6433
61707 6417
61707 6392
12849 6119
61707 6529
12849 6378
61707 7095
61707 6959
12849 5243
61707 6385
61707 6427
12849 4938
61707 6451
61707 6808
12849 5229
61707 6416
61707 6401
12849 5298
61707 6420
61707 6381
61707 6806
12849 5176
61707 6553
12849 6248
61707 6421
61707 6409
61707 6755
12849 5171
61707 6505
61707 6833
12849 5082
61707 6560
61707 6385
12849 6267
61707 6378
61707 6403
12849 6125
61707 7045
61707 7279
12849 5507
61707 6420
12849 6228
61707 6375
61707 7036
12849 5196
61707 6372
61707 6967
12849 5091
61707 6564
61707 6503
12849 5195
61707 6866
61707 6562
12849 6407
61707 6396
61707 6428
12849 6278
61707 6537
61707 6400
12849 4742
61707 6389
61707 6413
61707 6431
61707 6643
12849 6305
61707 6484
61707 6669
12849 5029
61707 6404
61707 6825
12849 5265
61707 6831
61707 6928
12849 5096
61707 6428
61707 6350
61707 6456
61707 6417
61707 6392
61707 7068
12849 5296
61707 6498
61707 6842
12849 4970
61707 6549
61707 6716
12849 5055
61707 6677
61707 6509
61707 6669
12849 4968
61707 6414
12849 5476
61707 6486
61707 6422
61707 6354
61707 6375
61707 6418
12849 6084
61707 6532
12849 5066
61707 7356
61707 6793
12849 5176
61707 6483
61707 6528
61707 6435
61707 6377
12849 6220
61707 6367
61707 6570
12849 6144
61707 6399
61707 6833
12849 5039
61707 6419
61707 6432
61707 6468
12849 6238
61707 7649
12849 5963
61707 6400
61707 6477
61707 6709
12849 5063
61707 6424
61707 6522
12849 6380
61707 6391
12849 4809
61707 6417
61707 6414
12849 5313
61707 6924
61707 6420
61707 6804
12849 5179
61707 6427
12849 3744
61707 6837
61707 6622
12849 6280
61707 6479
61707 6417
12849 4944
61707 6548
61707 6418
12849 6053
61707 6841
61707 6782
61707 6395
61707 6899
12849 5174
61707 6812
61707 6419
12849 6247
61707 6352
61707 6516
61707 6432
12849 6229
61707 6419
61707 6431
12849 6181
61707 6911
12849 5241
61707 6978
61707 6845
12849 4919
61707 6388
61707 6384
61707 6672
12849 5039
61707 6400
12849 6120
61707 6493
61707 6398
61707 6601
12849 6320
61707 7556
12849 5742
61707 6388
61707 6931
12849 5054
61707 6523
61707 6480
61707 6458
61707 6950
12849 5096
61707 6410
61707 6419
61707 6900
12849 5083
61707 6423
61707 6764
61707 7020
12849 5097
61707 6488
61707 7363
61707 6524
61707 6383
61707 6380
61707 6403
61707 6357
61707 6785
61707 6424
61707 6380
61707 6379
61707 7045
12849 5045
61707 6373
61707 6388
61707 6403
12849 6208
61707 6382
61707 6404
12849 4917
61707 6431
61707 6378
61707 6356
12849 4895
61707 6459
61707 6833
12849 6405
61707 6533
61707 6416
61707 6449
61707 6762
12849 4925
61707 6446
61707 6934
61707 6401
12849 3665
61707 6458
12849 6161
61707 6490
61707 6381
61707 6363
61707 6383
61707 6451
12849 5461
61707 6407
61707 6362
12849 6215
61707 6530
61707 6609
61707 6940
12849 5050
61707 6396
61707 6408
12849 6159
61707 6345
61707 6471
61707 6493
61707 6403
61707 6428
12849 6258
61707 6510
61707 6421
12849 4850
61707 6861
61707 6441
12849 4928
61707 7025
12849 5957
61707 6392
61707 6386
61707 6822
12849 5174
61707 6412
61707 6421
61707 6979
12849 5329
61707 6424
61707 6403
12849 6221
61707 6854
61707 6380
12849 5205
61707 6522
61707 6824
12849 5361
61707 6528
61707 6435
12849 6124
61707 6452
61707 6424
61707 6758
12849 5044
61707 6474
61707 6398
61707 6866
61707 6415
12849 6204
61707 6960
61707 6753
12849 5090
61707 6418
61707 6385
61707 7057
12849 5286
61707 6810
61707 6803
12849 5171
61707 6383
61707 6447
12849 6318
61707 6370
61707 6356
61707 6416
12849 4863
61707 6388
61707 6413
61707 6434
12849 6262
61707 6376
61707 7012
61707 6495
12849 6059
61707 6413
61707 6959
12849 5049
61707 6557
12849 3639
61707 6354
61707 6440
61707 7025
12849 5616
61707 6547
61707 6454
12849 6133
61707 6532
61707 6503
61707 6412
12849 5407
61707 6539
61707 6423
12849 6142
61707 6687
61707 6372
61707 6431
61707 6350
61707 6442
12849 6213
61707 6396
12849 4953
61707 6548
61707 6685
61707 6414
12849 6244
61707 6385
12849 5311
61707 6420
61707 6387
12849 6120
61707 6482
61707 6378
61707 6839
61707 6879
12849 6719
61707 6372
61707 6482
12849 6308
61707 6389
61707 6700
12849 5029
61707 6794
61707 6697
12849 6483
61707 6486
61707 6367
61707 7274
12849 5428
61707 6382
61707 6501
12849 6371
61707 7269
61707 6390
12849 6043
61707 6374
61707 6449
61707 6364
12849 6250
61707 6405
61707 6919
12849 5199
61707 6546
61707 6369
61707 6982
12849 5237
61707 7087
61707 6445
12849 6170
61707 6437
12849 6260
61707 6500
61707 6669
61707 6412
12849 6090
61707 6492
12849 3705
61707 6344
61707 6401
61707 6484
61707 6895
12849 4936
61707 6534
61707 7014
12849 5089
61707 6397
61707 6372
61707 6384
61707 6357
61707 6557
12849 6399
61707 6383
61707 6448
12849 6325
61707 6434
12849 4948
61707 6381
61707 6558
61707 7081
61707 6380
12849 6193
61707 6446
61707 6419
61707 6514
12849 6309
61707 6747
61707 6413
61707 6511
61707 6359
12849 6200
61707 6399
12849 6025
61707 7246
61707 6382
61707 6640
61707 6376
61707 6946
12849 5479
61707 6939
12849 5325
61707 6469
61707 6384
12849 6201
61707 6428
61707 6409
12849 6282
61707 6439
61707 6687
12849 5063
61707 6488
61707 7397
12849 5369
61707 6399
61707 6386
61707 6424
12849 6029
61707 6373
61707 6989
12849 5069
61707 6417
61707 6475
61707 6375
61707 6728
12849 5161
61707 6578
61707 6560
61707 6778
12849 5313
61707 6444
12849 5017
61707 6351
61707 6376
61707 6386
12849 6248
61707 6417
61707 6567
12849 5806
61707 6380
61707 6367
61707 6385
12849 6263
61707 7308
61707 6424
61707 6403
12849 6271
61707 6590
12849 5248
61707 6518
12849 5204
12849 5096
12849 3692
61707 4003
61707 6802
61707 6372
12849 6193
61707 6431
61707 6386
12849 6130
61707 6430
61707 6382
61707 6378
61707 6564
12849 6239
61707 6848
61707 6815
12849 6653
61707 6464
61707 6437
61707 6449
12849 6065
61707 6929
12849 5179
61707 7014
61707 6443
61707 6399
12849 6254
61707 6483
12849 3619
61707 6395
61707 6898
12849 5191
61707 6420
61707 6370
12849 4843
61707 6508
12849 6363
61707 6391
61707 6658
12849 6543
61707 6392
61707 6445
12849 6191
61707 6501
61707 6592
12849 5032
59663 4779
59663 5093
56036 3758
56036 6397
56036 6367
56036 6546
59663 6159
56036 6410
59663 6099
56036 6872
56036 6534
56036 6815
59663 5269
56036 6500
56036 6361
56036 6399
59663 6165
56036 6416
56036 6427
59663 6255
56036 6370
56036 6404
56036 6449
56036 6430
59663 6574
56036 6424
56036 6752
56036 6502
59663 6225
56036 9240
59663 7581
56036 6631
56036 6887
59663 5268
56036 6967
56036 7304
59663 5444
56036 6680
56036 6859
59663 6703
56036 9221
56036 7334
59663 5438
56036 6449
56036 6428
56036 6552
59663 5389
56036 6543
59663 5259
56036 6893
56036 6848
59663 5686
56036 6889
56036 7175
59663 5565
56036 6703
56036 6672
59663 5383
56036 7161
56036 6581
56036 7250
59663 5765
56036 6990
59663 5268
56036 6746
56036 6506
59663 5309
56036 10448
56036 6693
59663 5014
56036 6560
56036 6606
59663 5194
56036 15470
56036 7278
59663 7069
56036 6537
56036 6593
56036 7162
59663 6092
56036 6634
59663 4408
56036 6806
56036 6547
59663 5125
56036 6522
56036 6691
59663 5482
56036 6632
56036 9140
59663 6398
56036 6556
56036 6663
56036 6482
59663 5198
56036 7128
59663 5344
56036 6738
56036 7036
59663 6863
56036 6890
56036 6392
56036 7115
59663 5535
56036 9643
59663 8000
56036 6600
56036 7081
59663 5175
56036 6527
56036 6401
56036 6679
59663 4169
56036 6835
56036 6404
59663 5189
56036 6492
59663 3755
56036 6616
56036 6579
56036 6670
56036 6659
59663 5530
56036 6380
56036 6678
56036 6767
59663 5641
56036 7017
59663 5279
56036 7565
56036 6617
59663 5238
56036 6650
56036 6608
59663 6297
56036 9378
56036 7479
59663 5590
56036 6431
59663 5203
56036 6689
56036 6551
59663 5465
56036 6705
56036 6625
56036 6827
59663 5655
56036 6627
56036 7685
59663 5479
56036 7719
59663 6453
56036 6714
56036 7436
59663 5725
56036 6612
56036 6490
56036 6617
59663 5459
56036 6885
59663 5201
56036 6575
56036 6667
59663 5370
56036 6397
56036 6550
56036 6947
59663 5550
56036 10215
59663 8052
56036 6877
56036 7084
59663 5476
56036 6554
56036 6599
56036 6932
59663 5186
56036 6524
56036 6512
56036 7373
59663 5593
56036 6730
56036 6676
56036 6765
56036 6720
59663 5592
56036 6778
56036 6546
59663 6184
56036 6710
56036 6642
59663 5572
56036 6567
56036 6808
59663 4479
56036 6389
56036 6869
56036 6843
59663 5275
56036 9070
56036 6576
56036 6895
59663 5731
56036 6515
56036 6480
56036 6913
59663 4939
56036 6352
59663 5890
56036 6720
56036 6902
59663 4960
56036 6649
56036 6933
56036 6537
59663 6259
56036 6461
59663 5221
56036 6494
56036 6949
56036 7103
59663 5298
56036 6445
59663 5028
56036 6508
56036 7457
59663 5582
56036 6688
56036 6465
56036 7119
59663 5975
56036 9502
59663 7140
56036 6825
56036 6654
56036 6996
59663 5384
56036 6597
56036 6863
59663 5668
56036 6765
59663 5895
56036 6621
56036 6570
59663 5350
56036 6510
56036 6703
59663 6584
56036 6543
56036 6892
59663 6754
56036 6956
56036 6691
56036 6930
59663 5307
56036 7551
59663 5900
56036 6624
56036 7082
59663 5627
56036 6446
56036 6526
59663 5171
56036 9705
56036 7312
59663 5441
56036 6499
56036 7380
59663 5486
56036 6507
56036 6944
56036 6582
59663 5366
56036 6917
59663 5287
56036 6656
56036 6427
59663 6225
56036 6432
56036 6669
56036 6450
59663 5425
56036 7197
59663 5585
44875 3634
59128 2384
59128 5590
44875 2990
44875 3830
59128 3727
59128 4924
59128 5242
44875 5885
17729 3790
50980 3839
17729 3743
17729 7625
50980 12136
50980 6671
50980 6910
17729 5095
17729 4005
17729 6539
17729 6527
50980 3911
50980 5357
17729 3849
50980 3749
50980 3657
17729 7191
50980 5292
50980 7062
17729 5099
6813 3741
43434 3966
53372 6376
11389 6375
40206 3781
60134 6532
60134 6533
40206 5023
60134 6621
60134 6473
60134 6653
40206 5199
46702 5674
46702 6300
9839 6430
9839 6591
9839 3805
11389 3761
53372 4710
53349 5201
4859 3967
39984 3740
43748 3932
12367 3765
16427 3832
56198 3735
39008 4048
4230 3792
38274 5598
28697 4939
40829 3639
1531 3661
6734 3868
7049 3616
12370 3768
44875 3698
44875 6073
59128 3645
59128 3624
59128 3768
44875 4656
40805 4331
25444 5127
18060 3661
40805 5153
40805 6848
54925 5688
25444 3723
25444 6705
18060 3744
54925 4063
18060 7818
18060 6537
40805 5084
54925 7090
54925 6825
25444 6527
18060 6416
18060 3971
40805 3780
54925 6829
54925 4350
25444 3597
782 4092
51791 3932
18336 4655
65487 4959
40805 3785
25444 3677
18060 3617
18060 3672
18060 4610
40805 5045
40805 6186
54925 1933
54925 5147
25444 4074
18060 3755
18060 4827
18060 3651
40805 1086
18060 3769
64913 3697
52032 3854
44434 3809
52037 3807
65487 3994
65487 3711
44875 4667
44875 5167
59128 3748
59128 3690
59128 4880
44875 5400
659 3987
39342 3591
659 3785
659 7419
39342 5731
39342 7585
39342 6773
659 5091
39342 6402
39342 5132
659 3758
659 5054
44062 4898
39342 3604
39342 3628
39342 3657
659 3729
659 6294
49616 3842
39342 3752
39342 6377
39342 6677
659 5047
39342 6557
39342 6644
39342 2661
659 3586
39342 6398
39342 6452
659 5239
39342 6542
39342 6431
39342 6395
39342 6369
39342 6562
39342 6923
659 5722
44875 4615
44875 5063
44875 3741
44875 3656
44875 4689
44875 5208
659 7510
65170 4662
10901 3960
54932 3754
37524 3709
59128 207
59128 4786
44875 5899
59128 4286
44875 3767
44875 6069
39342 3608
2479 3609
65170 3666
65170 7185
14759 3667
10901 3611
39342 6372
43430 3740
54932 3804
39342 6491
659 3760
39342 6530
39342 6384
659 6227
39342 6416
39342 6382
39342 6241
659 5320
39342 6490
39342 6864
39342 7403
10901 7609
659 6017
39342 6408
39342 6458
39342 3765
659 6632
22950 5263
37524 3735
54932 5758
37524 6651
59128 5208
35534 3697
59128 4759
44875 3662
61650 5143
59128 3732
59128 3670
59128 3725
44875 4640
46228 4041
2479 4953
2479 4892
2479 3832
65170 3621
39342 7022
659 5134
39342 6475
39342 6360
39342 6361
39342 6429
39342 6422
659 6226
39342 7113
39342 6343
39342 6403
39342 6634
39342 6885
659 5167
14759 3625
39342 6391
39342 6457
43430 4838
39342 6432
39342 6379
39342 6095
43430 4843
659 3737
43430 3760
54932 3774
14759 6982
14759 3654
10901 4248
22950 3644
22950 4674
22950 3689
37524 4652
65170 4959
54932 3670
10901 3676
37524 3620
65170 6147
54932 6208
10901 6600
37524 6323
17809 3947
61650 3692
61650 7044
56052 5037
35534 3618
35534 5717
17412 5008
46228 3627
46228 7135
2479 939
43430 3645
43430 3626
14759 3633
14759 3772
22950 3632
22950 4630
2479 3663
43430 4938
14759 3638
22950 3658
43430 6382
2479 6546
43430 5190
54932 3818
2479 6404
2479 3774
65170 4612
14759 6420
14759 6419
14759 5262
10901 5696
22950 6434
22950 6355
22950 6095
37524 3576
17809 3625
17809 7409
17809 6899
61650 4942
17412 3645
17412 7742
17412 6364
17412 6610
46228 5041
17412 6457
46228 5007
46228 4521
43430 6401
2479 6344
43430 6432
43430 6397
43430 6381
54932 5232
65170 3706
2479 6375
2479 6393
2479 6250
56052 4768
65170 4047
14759 6700
14759 6455
14759 6617
14759 7512
10901 5966
22950 6521
37524 6695
22950 6376
22950 6396
22950 6204
37524 5051
56052 7392
56052 6493
35534 6338
17809 6525
17809 6169
61650 5407
2479 6423
2479 7025
65170 5441
2479 6749
65170 6299
2479 6391
2479 6405
2479 6415
2479 6419
65170 5025
17412 3778
14759 6433
14759 6420
14759 6368
14759 6426
14759 6422
14759 6687
10901 5060
22950 7745
37524 5746
22950 6387
22950 6399
22950 6431
22950 6398
22950 6394
37524 4062
56052 6344
56052 3810
35534 3638
2479 6385
2479 7150
2479 6392
2479 6518
2479 6388
2479 6528
2479 6555
2479 6909
2479 5824
65170 5137
22950 6453
14759 6414
14759 6530
14759 6399
14759 6394
14759 6450
14759 6524
14759 6673
14759 6772
37524 5067
10901 3634
22950 6866
22950 6405
37524 5053
22950 6413
22950 6364
37524 6199
22950 6570
22950 6406
22950 6424
22950 6277
37524 6115
46228 3602
2479 7053
65170 6054
2479 6387
2479 6891
65170 5052
2479 6468
2479 6415
2479 6535
2479 7335
65170 4878
2479 6512
2479 6500
2479 6825
65170 5142
22950 6562
22950 7083
37524 5779
14759 6833
22950 6426
22950 7593
14759 6393
14759 6437
14759 6415
37524 4931
10901 3599
22950 6382
22950 7089
37524 5476
22950 6902
22950 6369
22950 6506
22950 6435
22950 6554
37524 5016
22950 6371
22950 6762
22950 6402
22950 6482
22950 6437
22950 6670
37524 5051
3096 3596
22950 6553
37524 6113
22950 6462
22950 6495
22950 6967
37524 5103
22950 6405
22950 6272
22950 6398
22950 7006
22950 6422
22950 6603
37524 5038
22950 6436
22950 6404
37524 6204
22950 6346
22950 6402
22950 6485
22950 6228
22950 6395
37524 6223
22950 6771
37524 5510
22950 6412
22950 6401
37524 6233
22950 6366
22950 6406
37524 5261
22950 6450
22950 6430
37524 5357
49626 3884
22950 6420
22950 6828
37524 5174
22950 6796
22950 6413
22950 7317
22950 6222
37524 4073
61650 3779
44875 3771
44875 6044
17809 888
17809 3658
61650 3597
59128 3658
59128 3638
59128 6562
44875 3637
23781 3984
62751 4041
23781 3646
23781 7340
35534 3676
62751 4613
62751 8321
62751 6439
23781 6283
56052 3631
56052 3603
56052 3680
35534 4606
62751 6377
62751 3833
23781 4658
37524 6271
10901 6437
65170 7190
54932 6316
46228 6242
46228 3862
22950 3775
22950 6497
22950 6939
37524 4914
22950 6437
22950 6747
22950 6396
22950 6636
37524 5054
659 6542
2479 4921
14759 3706
43430 3679
14759 6402
2479 6355
14759 6565
10901 5390
14759 6390
14759 6395
14759 6379
14759 6375
10901 3632
14759 6371
14759 6499
10901 5200
14759 6507
14759 6278
2479 7087
10901 6748
65170 4888
2479 6400
2479 6401
2479 6390
2479 6388
2479 6513
2479 6155
2479 6855
65170 6973
2479 6385
2479 6378
2479 6374
2479 6411
2479 6346
2479 6864
2479 6418
65170 6207
2479 6701
17412 4049
46228 5129
17412 6272
17412 6375
46228 5321
43430 6418
43430 6452
43430 6345
43430 6942
54932 5234
43430 6410
43430 6518
43430 6763
54932 4193
39342 3582
39342 6548
39342 3861
659 3604
2479 6654
2479 6423
65170 6287
2479 6564
2479 6339
65170 6168
2479 6419
2479 6400
2479 6433
2479 6391
2479 6551
2479 6114
65170 5376
43430 6758
54932 4932
43430 6393
43430 6542
43430 6304
54932 5466
17412 4093
23781 4713
19095 3848
37524 6277
659 6326
10901 6183
54932 6263
65170 6766
62751 3632
63904 3674
19095 3605
62751 3586
19095 7200
22950 3638
22950 6857
22950 6431
22950 6351
22950 6408
22950 6407
22950 6905
22950 6386
22950 6381
22950 6604
22950 6708
37524 5038
14759 3576
22950 6482
22950 4877
62751 5245
39342 3609
37524 3607
23781 3605
39342 6395
39342 6458
39342 6391
39342 6528
39342 6374
659 4846
39342 6372
39342 6842
39342 6402
39342 6377
659 6153
39342 6382
39342 6305
14759 6356
659 4927
43430 3620
23781 6292
43430 4842
54932 4886
2479 3708
2479 6469
63904 5192
63904 4843
63904 4690
19095 5034
19095 3621
62751 3592
62751 6785
63904 1009
10901 3724
65170 3648
23781 6258
65170 6315
659 6221
54932 6359
37524 6185
62751 5432
46228 6797
62751 6497
2479 5368
39342 3584
43430 3624
2479 6160
22950 3711
39342 6409
39342 7003
39342 3891
659 3576
43430 6418
43430 6460
43430 6841
54932 4975
10901 6234
22950 6849
17412 4934
17412 6320
17412 6302
17412 6468
17412 6839
46228 4903
17412 6537
17412 6387
17412 6401
17412 6393
17412 6832
46228 5223
17412 6448
17412 6359
17412 6395
17412 7169
17412 6392
17412 6360
46228 6091
17412 6844
17412 6564
17412 6495
46228 5318
14759 4842
14759 6414
14759 6519
14759 5885
10901 5184
23781 3671
17412 6685
17412 5380
46228 3607
65170 5208
37524 3579
44875 3812
44875 3726
44875 4170
44875 6190
4230 3881
4230 3745
43160 4655
43160 5028
43160 3829
27857 3822
59128 3587
59128 3805
26296 1911
26296 4666
26296 5006
26296 3663
43160 3699
26296 3710
26296 5993
43160 3595
38274 3625
38274 3761
38274 3667
59128 6642
44875 5040
59128 3920
201 4018
38274 6162
4230 3774
5527 3803
27857 3750
27857 7124
10901 7607
17846 4958
201 4954
201 5899
5527 4944
5527 7414
5527 6861
14759 4929
27857 3771
14759 6368
14759 6525
14759 6604
14759 7344
14759 6791
10901 5109
14759 6367
14759 6359
14759 6442
10901 6266
14759 6700
14759 6441
10901 6209
14759 6517
44875 6349
17846 3628
17846 7612
17846 6919
201 5215
5527 6399
5527 3957
27857 4084
27857 6073
17846 6401
17846 4770
201 3790
201 5098
5527 3600
5527 4060
5527 3824
27857 3650
27857 6748
10901 3639
17846 3733
17846 3726
17846 4524
201 3637
201 6396
5527 3695
17846 3627
5527 6389
5527 6087
27857 3684
17846 6385
17846 6634
201 4862
16274 3669
16274 3692
16274 3871
58170 3609
58170 4759
16274 5804
62165 4068
46805 3739
19156 4137
16085 3809
49876 3830
34516 3838
31440 3651
62165 3670
62165 6716
6865 3646
35536 4606
19156 4947
46805 3604
19156 6879
46805 6433
10963 4890
16085 4357
16085 6629
47826 3763
49876 3614
19154 3715
34516 3723
49876 6513
34516 6451
31440 3629
6865 3622
35536 3582
10963 3657
19154 3764
31440 7465
6865 7088
6865 6419
47826 6143
31440 6371
62165 5258
19156 3783
35536 7349
35536 6394
46805 4874
10963 7448
10963 6432
16085 6152
19154 7145
19154 6802
34516 6495
47826 7228
47826 7038
49876 5099
6865 7041
6865 6123
19156 3673
31440 6446
31440 6443
62165 3595
35536 6398
35536 6669
46805 5143
19154 6878
19154 6098
34516 4291
10963 6391
10963 6153
16085 3627
19156 3780
47826 6718
47826 5979
49876 3593
62165 3698
46805 6154
34516 3773
16085 4159
49876 4834
6865 5026
6865 3676
6865 3789
19156 3804
19156 6184
31440 1427
31440 3786
62165 4463
62165 6226
35536 922
35536 5976
46805 3660
46805 6159
19154 826
19154 3759
34516 4058
34516 6732
10963 586
10963 3654
16085 4555
16085 6254
47826 294
47826 3663
49876 3580
49876 6419
6865 3630
6865 6440
6865 6865
31440 5060
19156 3623
6865 6571
35536 4970
19156 6381
31440 6415
31440 4981
62165 6485
19154 3581
35536 6583
35536 6741
46805 4308
10963 3612
19154 7021
19154 7641
34516 5593
47826 3612
10963 6409
47826 6926
6865 5146
6865 6504
16085 5053
49876 3782
19156 3613
23781 6321
23781 6523
35534 6889
10901 6631
61650 6250
31445 3981
62165 6304
46805 6314
34516 6265
16085 6315
49876 6545
19156 6233
62751 2
62751 6470
14759 5520
17809 3591
56052 3598
56019 4794
31445 4999
31445 7349
17809 3929
56052 6517
56052 6860
35534 4917
56052 6401
56052 6424
56052 6414
56052 3730
35534 4023
19154 3697
31440 4877
35536 3639
6865 4914
10963 3656
47826 3832
14759 6364
19154 6505
31440 6800
6865 6465
35536 6417
10963 6294
47826 7183
28374 5457
37591 3869
54999 3676
23781 3676
56019 2269
31445 3481
31445 6362
56052 6632
35534 6241
10966 3678
28374 3668
28374 7076
47831 3800
37591 3631
37591 7116
10901 3717
62165 3670
46805 3665
16085 4802
61650 4948
19159 4639
54999 3755
54999 7169
34516 4880
19156 3617
49876 3817
56019 658
56019 2259
56052 3602
56019 6492
56019 6984
31445 5312
56052 7909
56052 7048
35534 5085
56052 6527
56052 6559
56052 6402
56052 6790
35534 6541
56052 6571
56052 6419
56052 6541
56052 6960
56052 4100
35534 3748
10966 3754
10966 5737
10966 5671
28374 4388
47831 3735
47831 4650
47831 3785
37591 3902
28374 4640
19159 5301
37591 3740
19159 4659
19159 3865
54999 3613
28374 6237
54999 3875
37591 6530
56019 6421
56019 8027
31445 7849
56019 6416
56019 6817
31445 4927
56052 6449
35534 3609
56052 6380
56052 6630
35534 6473
56052 6566
56052 6723
56052 6417
35534 4939
56052 6452
56052 7405
56052 6843
35534 6561
56052 6450
56052 6486
56052 6614
56052 6372
56052 6378
56052 4879
35534 4971
10966 3596
10966 3771
47831 3608
47831 3621
10966 3723
47831 3735
19159 3781
19159 4928
10966 6370
10966 6385
10966 3890
28374 4723
47831 6414
47831 6422
37591 5172
56019 6899
56019 6729
31445 5348
56019 6396
56019 6833
56019 3830
56019 6634
56019 6556
31445 5159
56052 6834
56052 6408
35534 6219
56052 6419
35534 6274
56052 6508
56052 6414
56052 6534
56052 6260
35534 5036
56052 6496
56052 6392
56052 6390
35534 6128
56052 7551
56052 6334
56052 3756
35534 4613
56052 6532
56052 6982
35534 5219
56052 6591
56052 6842
35534 5148
56052 6559
56052 7201
56052 6682
35534 6433
10966 6403
10966 6515
28374 6356
10966 6487
10966 6537
28374 6390
47831 6353
47831 6485
47831 6413
47831 6803
37591 5059
56052 6548
35534 3631
10966 6837
10966 6381
10966 6460
10966 6712
28374 5011
10966 7384
10966 4947
28374 3903
47831 6368
47831 6784
37591 5186
47831 6413
47831 6392
47831 6462
47831 6412
37591 5040
10966 6385
10966 6376
10966 6527
10966 7003
28374 5304
10966 6385
10966 6632
10966 6837
10966 6368
10966 6386
10966 1501
28374 3727
47831 6633
47831 6465
37591 3620
10966 6704
10966 6348
10966 6421
28374 4315
10966 7922
10966 6425
10966 6419
10966 6525
10966 6443
10966 6524
10966 6380
10966 7117
10966 6420
10966 3850
28374 4200
10966 6412
28374 4975
10966 6509
10966 6508
10966 6504
10966 6377
10966 6403
28374 5292
10901 6452
9419 3930
20682 3718
61650 6602
37524 6425
54932 6352
14759 3630
30129 3796
9419 3795
17843 6077
20682 3762
9419 6977
20682 5713
43430 5306
17809 5977
22950 3594
43430 4870
22950 5191
17809 6032
14759 3774
30129 3609
17843 3801
17843 7380
30129 4314
30129 3742
17843 3687
20682 3635
9419 4598
20682 5014
9419 3873
20682 6298
9419 6303
54932 5259
37524 3703
17843 4968
17843 3633
17843 3626
30129 1189
30129 3618
10901 3654
61650 3592
17843 6117
30129 3843
9419 3660
20682 4590
5764 3798
47922 4950
57513 212
57513 143
29351 3899
29351 3618
47753 3713
57513 4105
11042 3964
24402 3592
19371 3862
26822 4727
21456 5043
22727 3682
37842 3950
19876 3601
12530 3840
64513 4092
8978 3633
44875 4766
44875 5106
59128 3630
59128 3647
59128 4982
44875 3601
19153 5121
3793 3752
51796 4125
14932 3644
3793 3637
19153 4641
19153 7219
3793 7197
51796 5393
14932 4055
51796 7246
51796 6558
51796 6846
3793 5192
14932 7721
14932 6432
14932 6950
19153 4953
3793 3762
19153 3703
51796 3784
51796 6315
51796 4069
51796 3785
3793 3691
14932 3802
14932 6588
14932 3693
14932 3752
19153 3701
23781 7203
62751 5527
62751 6838
23781 4941
23781 6880
62751 493
62751 9461
23781 7509
43955 4177
19153 4711
3793 5184
3793 3827
3793 4801
64541 1943
43955 3634
43955 3642
51796 3761
51796 290
14932 3784
14932 6409
19153 5175
51796 3858
14932 3920
19153 3918
51796 3650
51796 3682
3793 3893
51796 4821
51796 5040
3793 4109
51796 3930
14932 3626
19153 3791
3793 4075
44875 6025
44875 4342
59128 569
59128 6127
44875 3773
38310 3850
52734 3853
38310 3750
38310 7428
52734 6672
52734 8258
52734 6407
52734 6495
38310 6213
52734 7293
38310 5251
52734 6339
38310 3777
38310 3720
38310 3709
38310 6288
52734 3759
52734 4902
52734 5049
38310 3825
38310 3934
52734 3620
52734 6590
52734 6533
52734 3893
38310 3689
38310 6620
52734 5282
49210 4632
45653 5306
937 3751
5629 3781
52734 6403
52734 6315
52734 6326
52734 7104
38310 5428
52734 6548
52734 6752
52734 6908
52734 6517
52734 6295
52734 6312
52734 6533
38310 5215
5042 3744
1922 3604
52098 4609
64387 3658
22450 4992
61363 3643
44875 3655
44875 3909
44875 4067
44875 6072
39964 3663
27741 3746
27741 3641
5042 3891
1922 3691
39964 5160
1922 4879
5042 5061
64604 622
27676 3634
27676 3692
64387 3764
64387 3794
22450 3621
22450 3722
3101 4861
3101 5011
61363 1980
15454 3617
52098 3645
15454 3734
52098 3575
59128 3656
59128 3746
59128 6087
44875 3611
48544 3842
63904 3790
38310 4898
38310 4974
38310 3864
38310 3830
38310 4726
38310 4996
59128 3620
59128 5630
28151 3851
48544 3883
40439 3911
63904 3696
48544 7081
52734 3719
52734 5278
52734 5013
52734 3735
63904 7762
52734 2298
59128 3910
44875 3722
28151 3750
40439 4703
28151 7406
28151 6497
28151 6511
48544 5324
40439 7436
40439 6577
40439 6458
63904 4575
40439 12964
63904 10996
28151 6987
48544 6773
28151 6400
40439 6296
48544 3786
63904 2415
48544 4715
48544 5218
48544 3806
28151 6123
13224 3873
28151 3769
48544 3775
48544 4506
40439 5785
63904 4051
40439 3667
63904 3598
40439 3773
40439 4852
63904 3463
28151 6668
28151 6316
28151 6886
48544 5265
28151 7000
28151 6395
28151 6407
28151 6619
48544 4967
28151 6615
28151 6343
48544 4984
28151 6526
28151 6219
28151 8220
28151 6821
28151 6586
48544 5340
52734 6319
52734 6283
52734 6298
38310 4977
3317 3771
28151 6438
28151 6677
48544 6107
47108 4110
28151 6436
28151 6518
28151 6855
28151 6530
28151 6431
28151 6600
48544 6023
28151 6534
28151 6404
28151 6367
28151 6861
28151 6635
28151 6544
28151 6426
28151 5978
48544 4992
52734 6691
38310 5093
27852 3751
39595 5061
52734 6387
52734 6482
52734 6644
52734 6494
38310 5075
52734 6884
52734 6974
38310 5003
52734 6464
52734 6377
52734 6739
52734 6479
52734 6388
52734 6678
38310 5502
52734 6407
52734 6367
52734 6298
38310 5093
52734 6479
52734 6684
38310 6515
52734 6622
38310 5475
52734 6384
52734 6226
38310 4868
52734 3739
54453 4817
52734 6314
52734 6331
52734 8349
38310 6634
52734 6389
52734 6558
38310 4977
52734 6416
52734 6807
52734 3775
38310 3619
52734 7222
38310 4983
52734 6386
52734 6580
38310 4910
52734 6394
52734 7356
52734 6772
38310 5159
52734 6727
38310 5623
52734 6390
52734 6365
38310 6035
52734 6548
52734 6401
52734 6540
38310 6378
38310 3791
38310 4672
38310 5069
38310 3693
52734 6454
38310 6257
52734 7449
52734 6469
38310 6026
52734 6400
38310 6247
52734 6391
52734 6569
38310 6413
52734 6524
38310 6215
52734 6401
52734 6406
38310 6126
52734 7316
38310 6204
52734 6697
52734 6441
38310 6262
52734 6374
52734 5068
38310 3666
52734 5320
38310 4850
52734 6720
38310 5713
52734 6534
52734 6369
38310 5198
52734 6540
38310 4953
52734 7097
52734 6417
52734 6265
38310 4849
52734 6393
38310 6210
52734 6392
52734 6476
52734 6493
38310 6052
52734 7358
38310 5586
52734 6436
52734 6369
52734 6617
38310 6285
52734 6412
52734 6392
52734 6359
52734 6459
38310 6288
52734 6576
38310 6120
52734 6436
52734 6394
52734 6862
38310 4920
52734 6516
38310 5059
52734 6398
52734 6553
52734 6355
52734 718
52734 2166
52734 5093
38310 3637
52734 6438
52734 6463
52734 6389
52734 6534
52734 3729
38310 3597
47938 3793
47938 4662
57167 2045
38310 3761
52734 6321
44875 4072
52734 6781
38310 4888
44875 3702
52734 6391
52734 6667
38310 5069
52734 6417
38310 5275
52734 6454
52734 6385
52734 6327
38310 6127
52734 6410
52734 7179
38310 5586
52734 6415
52734 6408
52734 7090
38310 5075
38310 3864
52734 6788
38310 5498
52734 6397
38310 5134
52734 6367
52734 6372
38310 6105
52734 6419
52734 6860
38310 5229
52734 6373
38310 6232
52734 6407
52734 6408
52734 6853
38310 5002
38310 6019
52734 6443
38310 6272
52734 6391
52734 6514
52734 6402
38310 3620
52734 6442
52734 7753
38310 7506
52734 6409
52734 6550
38310 6369
52734 6366
52734 6447
52734 4243
52734 6652
38310 4010
47938 3593
59128 4977
59128 3748
59128 4973
44875 4803
55765 3856
4839 4923
4839 4024
46828 4070
46828 3625
1836 3882
55765 3660
55765 7039
52734 6307
52734 6311
52734 6937
38310 5089
52734 6329
52734 6385
52734 6215
38310 4093
52734 6950
52734 6371
52734 6396
52734 7006
38310 4930
52734 6376
52734 6394
38310 6059
52734 6398
52734 6475
52734 6706
52734 6421
38310 6228
52734 6413
52734 6434
52734 6399
52734 4158
38310 4055
4839 3606
1836 4045
1836 7646
1836 6533
1836 6406
55765 5379
55765 4707
52734 5160
55765 3920
55765 6134
52734 6905
38310 5228
52734 6190
52734 6419
52734 4510
38310 3605
1836 3641
1836 6213
1836 3781
55765 3627
1836 4813
55765 5033
1836 6563
1836 6354
55765 5457
1836 6432
1836 6362
1836 6379
55765 5183
1836 6499
1836 6535
1836 6759
55765 5191
1836 6434
1836 6675
55765 4896
1836 6590
55765 6323
1836 6381
1836 6700
55765 5041
52734 6772
38310 3747
52734 6382
52734 6556
52734 6289
38310 3661
52734 6895
38310 5397
52734 6364
52734 6381
52734 6303
38310 3619
52734 6371
38310 5124
52734 6400
52734 6398
38310 5319
52734 6513
52734 6472
52734 6725
38310 6008
52734 6517
38310 6043
52734 6535
52734 6523
52734 6500
52734 6498
38310 3627
52734 6364
52734 6472
52734 6812
52734 6909
38310 5177
52734 6429
52734 6395
52734 6284
38310 6122
52734 7128
52734 6392
52734 6626
38310 5029
52734 6375
52734 6486
52734 6466
38310 6220
52734 6837
38310 4926
52734 6422
52734 6482
52734 6366
52734 6406
52734 6652
38310 5065
52734 6400
38310 6175
52734 6404
52734 6395
52734 6420
38310 5997
52734 6417
52734 6659
38310 5072
52734 6750
38310 5048
52734 6429
52734 6402
52734 6810
52734 6802
52734 6394
38310 6033
52734 7045
52734 6407
52734 6433
52734 6385
52734 6412
52734 6410
38310 6235
52734 6459
52734 6397
38310 5366
52734 6540
52734 6368
52734 6487
38310 5389
52734 6419
52734 6392
52734 6580
52734 6486
52734 6380
52734 6426
52734 6808
52734 6730
38310 5089
52734 6377
52734 6572
52734 6376
38310 6262
1836 6511
1836 6396
55765 6080
1836 6940
55765 6744
1836 6600
1836 6519
1836 6362
1836 6385
1836 6801
55765 5195
1836 6400
1836 6569
1836 6398
1836 6360
1836 6445
55765 6115
1836 6515
1836 6380
1836 6539
1836 6446
55765 5385
1836 6379
1836 6343
1836 6518
1836 6489
55765 6338
1836 6510
1836 6386
1836 6474
1836 6365
1836 6415
1836 6361
1836 6509
1836 6432
55765 6197
52734 7838
38310 5943
52734 6487
52734 6371
52734 6366
52734 5038
38310 4016
52734 6495
52734 6463
38310 4931
52734 6483
52734 6437
52734 6392
52734 6398
52734 6289
38310 4872
52734 6425
38310 5302
52734 6442
52734 6406
52734 7453
38310 4966
52734 6365
52734 6211
38310 4999
52734 7152
38310 4973
52734 6412
52734 6380
52734 6502
38310 6389
52734 7699
38310 5825
52734 6390
38310 6250
52734 6371
1836 6455
1836 6372
1836 6977
55765 5185
52734 6443
38310 6235
52734 6409
52734 6394
52734 3865
38310 3748
1836 6938
55765 5192
1836 6385
1836 6812
55765 6626
1836 6830
1836 6464
1836 6553
55765 6325
1836 6386
1836 6408
1836 6941
55765 5066
1836 6385
1836 6392
1836 6471
55765 6334
1836 7070
55765 6675
1836 6512
1836 6387
1836 6468
55765 5013
52734 6387
52734 6301
38310 6059
1836 6407
55765 6160
1836 6399
1836 6374
1836 6913
55765 5185
1836 6451
55765 6204
1836 6507
1836 6792
1836 6775
55765 5159
52734 6422
38310 6038
52734 6412
52734 6928
38310 4956
52734 6432
52734 6549
52734 6506
52734 6376
38310 6216
52734 7320
52734 6415
52734 4743
38310 4940
1836 6437
55765 6191
1836 6417
1836 6442
1836 6426
55765 5084
1836 6741
1836 6535
55765 6305
1836 6367
1836 6533
1836 6420
55765 6235
1836 6876
55765 6582
1836 6381
1836 6396
1836 6405
1836 6415
55765 6177
1836 6453
1836 6373
1836 6876
55765 5084
52734 6413
38310 5358
52734 6394
52734 7070
38310 6821
52734 6385
52734 6455
52734 6309
38310 3609
1836 6522
55765 5049
1836 6387
1836 7031
55765 5059
1836 6407
1836 6840
55765 6589
1836 6389
1836 7300
1836 6643
1836 6403
55765 6198
1836 6477
1836 6505
55765 5649
1836 6447
1836 6507
55765 5041
1836 6499
1836 6234
55765 3904
1836 6558
1836 6438
1836 6648
1836 4641
55765 4443
44084 3765
49376 3764
48544 3807
48544 6028
28151 3602
28151 6373
28151 6320
28151 6450
48544 4240
28151 6632
28151 6280
48544 5185
28151 6484
48544 3612
28151 6864
28151 6298
48544 5330
28151 6500
28151 6530
28151 6381
48544 5377
28151 6407
28151 6410
48544 6078
28151 6698
48544 5065
28151 6380
28151 6392
48544 6227
28151 6509
28151 6448
28151 6852
28151 6374
48544 5095
28151 6303
28151 6423
28151 6208
48544 3772
28151 6836
28151 6369
48544 6269
28151 8100
48544 5631
28151 6372
28151 6563
28151 6384
48544 6266
28151 6416
48544 4934
28151 6365
28151 6395
48544 4801
28151 6412
28151 6478
48544 6293
28151 6403
28151 6390
28151 6587
28151 6483
48544 5077
28151 6408
28151 6488
28151 6436
48544 6201
28151 7009
48544 5584
28151 6776
28151 6359
48544 6197
28151 6457
28151 6438
48544 6199
28151 6383
28151 6407
28151 6771
48544 5789
28151 6531
28151 6391
28151 6721
48544 5083
28151 6392
48544 6145
28151 6371
28151 6474
28151 6406
28151 7041
48544 5092
28151 6380
28151 6500
48544 6361
28151 6460
28151 6614
48544 4928
28151 6737
28151 7501
28151 6372
48544 6193
28151 6789
48544 5097
28151 6413
28151 6367
48544 5657
28151 6465
28151 6458
48544 6316
28151 6374
28151 6541
48544 6340
28151 6370
28151 6391
48544 6049
38418 5104
28151 6820
28151 6458
28151 4744
48544 4956
28151 6354
28151 6918
48544 5265
28151 6863
48544 4911
28151 6453
28151 3917
48544 3598
38310 6106
48544 3755
65055 4546
28151 6317
28151 6437
28151 6306
48544 3719
28151 6416
48544 6048
28151 6804
28151 6385
48544 5158
28151 6377
28151 6384
28151 6396
28151 6414
48544 5009
28151 6420
52734 6231
48544 5154
48850 3594
52734 6298
52734 6405
52734 6321
38310 5280
21233 3815
19263 3727
51468 3663
17496 3594
6308 3636
38310 6015
25444 4085
44875 3645
44875 3753
48544 5264
48544 4996
48544 3718
54925 714
25444 3616
52734 3792
59128 3626
59128 4655
59128 5114
44875 3597
52734 6149
44875 3650
44875 3687
28151 6340
28151 7014
48544 5419
28151 6369
28151 6228
48544 4105
28151 5149
28151 6332
28151 6829
48544 5040
28151 6487
28151 6540
48544 5000
28151 6591
28151 6719
48544 5900
28151 6561
48544 6384
28151 7480
28151 6396
48544 5078
28151 6262
28151 6553
28151 7032
48544 5961
28151 6403
48544 3652
28151 6401
28151 6902
48544 4942
28151 6433
28151 6806
28151 6527
48544 6382
28151 6664
28151 6384
48544 6215
28151 6869
48544 4919
28151 6451
28151 6929
48544 4933
28151 6369
28151 6763
28151 6423
48544 6228
28151 6349
28151 6433
48544 6236
59128 3662
59128 5389
59128 5572
44875 3605
38310 3831
38310 6187
43160 3853
52734 6394
52734 6801
52734 6366
38310 5009
52734 6299
52734 6529
52734 6276
38310 3665
52734 6289
52734 7503
38310 5936
52734 6736
52734 6439
38310 4058
52734 6844
52734 6559
38310 5047
52734 6360
52734 6409
52734 6374
52734 6826
38310 5054
26296 3641
26296 3742
43160 3610
52734 6460
52734 6906
52734 6364
52734 6409
38310 6131
22836 3687
36302 3782
34355 3614
60673 3611
31048 3769
9218 3618
41100 3663
51873 3766
63700 681
55467 3690
55467 3598
63700 3573
43223 3653
43223 3725
5291 3604
5291 3677
42293 3610
43223 4619
7631 3814
48028 5122
64180 4048
7915 3614
13542 3808
13783 3779
29800 3571
34921 3657
40042 4194
42282 3779
50478 4806
13611 5267
8310 3731
60274 3684
47079 3604
13748 3714
9048 3969
14226 3658
43184 3834
61010 3936
34294 4675
42901 5101
60234 3598
27755 3872
22425 3647
25564 3668
2293 3664
33031 3766
17 3777
61573 3695
36016 3597
25203 4608
61938 5209
63570 3735
28673 3720
19267 3634
6166 3792
49715 3622
35144 3922
22298 3606
64404 4408
33595 4744
26920 4963
37116 3813
8781 3734
62309 3607
11161 3865
44875 3709
44875 6099
54999 4154
19095 3569
63904 3701
63904 3637
19095 3592
59128 3620
59128 3706
19159 571
54999 4571
9705 700
4061 3584
59128 3912
44875 3642
40338 3790
4061 4600
4061 4956
35217 3771
9705 3600
4061 3599
38267 3984
40338 3700
40338 7613
25982 4400
35217 3720
35217 7075
38267 3614
38267 7908
38267 6365
38267 7095
40338 4997
25982 3749
38267 7242
40338 5484
25982 6357
25982 6832
35217 5198
25982 6407
35217 6242
40338 3765
35217 1056
40338 6451
40338 3845
38267 3598
38267 6094
38267 3673
40338 3767
40338 3707
38267 4116
25982 3610
25982 4755
35217 1595
38267 6164
38267 3823
40338 3672
16901 3576
38267 3733
23495 4883
44875 5017
44875 4167
43043 3687
59128 3588
59128 4627
59128 5297
44875 4901
45037 3861
25158 3788
45037 3589
45037 7445
25158 5591
25158 7321
25158 7109
45037 5238
25158 6366
25158 6676
45037 5059
25158 6344
45037 5017
45037 3821
45037 6331
64004 3676
15302 4446
25158 3733
25158 3744
25158 3877
45037 4833
45037 5016
25158 359
25158 6421
25158 6410
25158 6380
45037 6078
25158 6508
25158 6463
25158 6429
45037 6302
25158 6522
25158 6533
45037 5443
25158 6418
25158 6551
45037 6369
25158 6570
25158 7020
45037 5410
25158 6377
25158 6387
45037 4941
25158 6402
25158 6528
45037 6395
25158 7660
25158 6409
45037 4883
44875 4643
44875 5144
44875 3774
44875 3723
44875 4900
44875 5019
44875 4099
44875 3704
25158 6412
25158 6485
45037 5259
13748 3851
13748 3684
25158 6407
25158 6475
45037 6297
25158 6810
25158 7094
45037 5813
25158 6389
25158 6427
45037 6051
59128 3649
59128 4655
44875 4939
25158 6353
25158 6987
45037 5204
59128 3710
59128 6997
44875 3745
59128 6123
29898 4161
35019 3659
64714 3620
203 3660
17611 3672
47306 3638
59128 6164
44875 3803
46838 3788
59128 3768
30913 4622
5319 5139
44875 4401
44875 3847
49344 3918
25158 6402
25158 6634
45037 5033
14226 3592
14226 3619
25158 6528
25158 6422
45037 6269
59128 3712
35690 3895
25158 6436
25158 6853
45037 5202
14226 6338
14226 6960
13748 3595
14226 6318
14226 6793
14226 6683
13748 5152
14226 6532
14226 6388
14226 3889
14226 6558
14226 6209
14226 6367
14226 6670
14226 6435
13748 6267
14226 6419
14226 3798
13748 3652
14226 6521
14226 6386
14226 6341
14226 6572
14226 6391
14226 6464
14226 6395
13748 6232
14226 6517
14226 6818
14226 6255
14226 6370
14226 6343
14226 6587
14226 6746
14226 6355
13748 4891
25158 6376
25158 6421
45037 6257
2172 3863
39037 3683
29898 3605
35019 3605
43135 6114
64714 4293
25158 6374
25158 6411
14462 5153
45037 3645
203 3666
51326 4768
17611 5124
22655 3809
47306 3717
35019 7108
29898 6664
64714 5219
28480 5490
46838 3656
47306 6477
17611 6365
203 5036
47343 3733
30913 5094
46838 6746
30913 6251
51311 5155
5319 4378
5319 6661
59128 4024
59128 3651
44875 3596
55534 4392
49344 3757
49344 6833
25158 6488
25158 7228
45037 7124
25158 6549
25158 6447
45037 4017
25158 6431
25158 6435
45037 6138
25158 6375
25158 6498
45037 6528
39037 4626
2172 4968
43135 3620
22655 3614
51326 3597
49404 3695
14462 3621
35690 3593
28480 3603
39037 7677
39037 6903
39037 6844
39037 3841
47343 3604
35019 3578
35690 6765
2172 7036
2172 7746
29898 5906
2172 6804
2172 3832
51311 3592
25158 6405
25158 6360
45037 6184
29898 3712
28480 7335
28480 6372
28480 6334
46838 4944
22655 7470
22655 6397
47306 5272
22655 6366
22655 6187
47306 3598
51326 7338
51326 6373
51326 6449
51326 6096
17611 4091
43135 7465
43135 7055
43135 6373
43135 6165
64714 3961
14462 7416
14462 6369
14462 6344
14462 4867
203 5016
28480 6359
55534 3728
46838 3557
47343 7407
47343 6432
47343 6767
47343 3744
30913 3622
51311 7833
51311 6379
51311 6319
51311 5051
5319 3749
55534 7296
55534 6380
55534 6720
55534 4344
49344 3596
25158 6403
25158 6494
45037 6207
30913 3896
49344 3884
35019 5431
25158 6414
25158 6600
45037 5125
29898 3691
47306 6446
17611 3791
25158 6440
25158 6626
45037 6447
64714 5055
203 6993
5319 4925
29898 3727
47306 3684
25158 6579
25158 6543
45037 5151
17611 3644
64714 4700
203 3598
30913 6170
35019 5077
35019 4227
35019 3696
35019 6047
35019 3681
35019 3867
35019 3698
35019 4738
25158 6369
25158 6699
45037 5097
28480 6961
59128 6144
25158 6391
25158 6410
45037 6250
11858 3799
25158 6405
25158 6447
45037 6283
47343 4753
55534 5355
25158 6417
25158 7719
45037 6437
39037 4360
2172 4832
29898 3681
22655 5084
47306 3781
25158 6362
51326 6155
17611 3646
49404 7404
49404 6385
49404 6766
35690 5186
43135 3790
64714 3749
14462 6261
203 3626
51311 3791
2172 5182
29898 5458
2172 3632
2172 4058
29898 2262
22655 3622
22655 3648
47306 1756
22655 4950
47306 3738
51326 3782
17611 3627
51326 3629
17611 4110
51326 3623
17611 3749
43135 4652
43135 5000
64714 3623
64714 3662
43135 3616
64714 3613
14462 4104
14462 3791
203 3607
14462 5831
203 4981
39037 3732
35019 3765
35019 3690
47343 7165
30913 6970
47343 6395
47343 6364
47343 7255
30913 6829
47343 6555
30913 5163
47343 6370
47343 6536
47343 6411
39037 5282
30913 3778
39037 6309
39037 6339
39037 6600
35019 5462
39037 6392
39037 6181
39037 6848
35019 6417
39037 6396
39037 6371
39037 6508
39037 6524
39037 6629
39037 6767
35019 4912
39037 6687
39037 6797
39037 6357
39037 6443
35019 6026
39037 7082
35019 5931
39037 6429
35019 5209
39037 7237
35019 5470
39037 6415
39037 6391
39037 6499
39037 7136
39037 6389
39037 6387
39037 6950
35019 5073
39037 6562
39037 5172
39037 6411
39037 6359
35019 6232
57121 3803
11858 3629
11858 7138
39037 6746
39037 6378
35019 5438
44875 3770
39037 6354
39037 6913
35019 6502
39037 6351
39037 6442
35019 5259
45037 4186
46838 3569
39037 6524
39037 6405
35019 6069
39037 6404
39037 6408
35019 6261
39037 6371
39037 6380
39037 7058
35019 5596
39037 6413
35019 5023
39037 6422
39037 6701
35019 6460
39037 6357
39037 6393
39037 6360
35019 5062
39037 6568
39037 6422
35019 6093
39037 6390
35019 3622
39037 6408
39037 6495
35019 6059
39037 6385
39037 6540
35019 5086
39037 7002
39037 6388
35019 4858
39037 6366
39037 6382
35019 5494
39037 6532
39037 6412
39037 6424
39037 6460
35019 6189
39037 6459
39037 6412
35019 6198
39037 6395
39037 6481
35019 6278
14226 6394
14226 6310
14226 6346
13748 5013
14226 6514
14226 6217
14226 6650
14226 6355
14226 6128
13748 3754
14226 6612
14226 6379
14226 6112
49404 6451
13748 5183
14226 9159
13748 7397
14226 6420
14226 6925
13748 5100
39037 6391
39037 6563
35019 5253
39037 6767
39037 6946
35019 5225
14226 6510
14226 6770
13748 6510
14226 6458
14226 7215
13748 5460
14226 6727
14226 7501
13748 6220
14226 6630
39037 6369
39037 6970
35019 5190
49344 4735
57121 3647
57121 8699
57121 6400
57121 6530
57121 6726
11858 4205
11858 3779
5319 4838
35690 4267
39037 6539
39037 6466
39037 7230
35019 6937
39037 6709
39037 6439
35019 6146
39037 6397
39037 6375
35019 6250
39037 7021
35019 4991
39037 6421
39037 6840
35019 5193
39037 7918
39037 6441
39037 6417
39037 6658
35019 6489
39037 6439
39037 7437
35019 6173
39037 6370
39037 6385
39037 6912
35019 4992
39037 6516
39037 7696
35019 6424
39037 8021
35019 6125
39037 3748
39037 6411
39037 6439
35019 5289
39037 6415
39037 6871
35019 6692
39037 6445
35019 6039
39037 6382
39037 7020
35019 5206
39037 6363
39037 6441
35019 5006
39037 6380
39037 6813
35019 5116
39037 6506
35019 5032
39037 6591
39037 6651
35019 6279
14226 6392
13748 5135
14226 6302
14226 6513
13748 3796
14226 6423
14226 7490
14226 6654
13748 5055
39037 6353
39037 6540
35019 6232
39037 6442
39037 6837
35019 5017
14226 6990
13748 5100
14226 6847
14226 6714
13748 6148
14226 6547
14226 6394
14226 7014
13748 5359
14226 6378
14226 6491
14226 6540
13748 6348
14226 6605
14226 6466
13748 5432
39037 6670
39037 6413
39037 6554
39037 3735
35019 3813
14226 6634
14226 6553
13748 5274
14226 7580
14226 6421
13748 6372
14226 6519
14226 6457
14226 6975
13748 5202
14226 6668
14226 6400
14226 6550
14226 6462
13748 6352
14226 6412
14226 6517
14226 6711
13748 4876
57121 3933
57121 4680
11858 3617
14226 6442
14226 6329
13748 5211
14226 6325
14226 6484
14226 6230
13748 3610
14226 6836
13748 5150
39037 6493
39037 6444
35019 6177
39037 7506
39037 6891
35019 4922
39037 6403
39037 6438
35019 6054
39037 6524
39037 6528
35019 5038
39037 7313
39037 6647
35019 6480
39037 6394
39037 6701
35019 6333
39037 6526
39037 6395
35019 6045
39037 6523
39037 6714
39037 6673
35019 6402
39037 6388
39037 6375
39037 6414
39037 6609
39037 6492
35019 6325
39037 6098
39037 6962
35019 4895
39037 6496
39037 7521
35019 6066
39037 6540
39037 6533
35019 6360
39037 6497
39037 6474
39037 6443
39037 6526
35019 5301
39037 6424
39037 6363
39037 6484
35019 6331
39037 6561
39037 6478
35019 6022
39037 6707
35019 6367
39037 6406
39037 6805
39037 6507
35019 6101
39037 7220
35019 5500
39037 6393
39037 6867
39037 6360
39037 6554
35019 5721
39037 6614
39037 6439
35019 6268
39037 7235
39037 6493
39037 7068
35019 5029
39037 7543
35019 6181
39037 6472
39037 6527
39037 6555
35019 5111
39037 6581
35019 6344
39037 6508
39037 6551
39037 6473
39037 6420
39037 6432
35019 4888
39037 6412
39037 6472
35019 6129
39037 6414
39037 6472
35019 6322
39037 6847
35019 6535
39037 6372
39037 6824
39037 6826
35019 5068
39037 7090
39037 6637
39037 6680
39037 6879
35019 5215
39037 6363
39037 6774
35019 5576
39037 6400
39037 6534
39037 6693
39037 6513
35019 6348
39037 6415
35019 4913
39037 6514
39037 6370
39037 6383
35019 5042
39037 6944
35019 4962
39037 6433
39037 6395
35019 6205
39037 6448
39037 6738
35019 5101
39037 6396
39037 6384
35019 4901
39037 3503
35019 5214
39037 6483
39037 6416
35019 6197
39037 6407
39037 6397
39037 6344
35019 4291
39037 6383
39037 6370
39037 6423
39037 6103
35019 3777
39037 86052
35019 82400
39037 6393
39037 6864
39037 8697
39037 6387
39037 1662
35019 3583
39037 6403
39037 6534
39037 6401
35019 6208
39037 6408
35019 5180
39037 6383
39037 6394
35019 6241
39037 6522
39037 7854
39037 3676
35019 3645
39037 6435
35019 3606
39037 6427
39037 6591
39037 6433
39037 6412
39037 6396
39037 6479
35019 4293
39037 6493
39037 6447
39037 6389
39037 6382
35019 6151
39037 6416
39037 6373
39037 6393
35019 6198
39037 6400
39037 6482
39037 6430
35019 6172
39037 6426
39037 6399
39037 6394
39037 6639
35019 5050
39037 6619
39037 6236
35019 3937
39037 7240
39037 6384
39037 6350
39037 6452
39037 6495
39037 6396
39037 6931
35019 5093
39037 6504
35019 5017
39037 6406
39037 6344
39037 6952
39037 6385
39037 6493
39037 6374
39037 6566
35019 5074
39037 6508
39037 6409
35019 4807
39037 6510
39037 6385
39037 6434
35019 6283
39037 6393
39037 3696
35019 4624
39037 6889
35019 5226
39037 7171
39037 6378
39037 6398
39037 6377
39037 6421
39037 6890
35019 5100
39037 6826
35019 6506
39037 6640
39037 6905
35019 4931
39037 6417
39037 6573
39037 6518
39037 6407
39037 6970
35019 5094
39037 6976
35019 5247
39037 6502
39037 6393
39037 6457
35019 6171
39037 6432
35019 6282
31723 3605
46838 3781
35690 6166
63077 3631
28480 3775
28480 7069
46838 5927
35019 3714
35019 3684
49404 3635
49404 4574
49404 5018
35690 3623
39037 3657
39037 6637
39037 6761
35019 5018
39037 6324
39037 6837
39037 6796
35019 5736
39037 6424
35019 3598
39037 6759
39037 6014
35019 3844
39037 6515
39037 6419
39037 6511
35019 6217
39037 6384
35019 3601
39037 6417
39037 5495
35019 4824
39037 6390
39037 6922
35019 5222
39037 6957
39037 6374
35019 6199
39037 6366
39037 6420
39037 6466
39037 6398
39037 6385
35019 6052
39037 6443
35019 6054
39037 6505
39037 6370
39037 6411
39037 6479
39037 4096
35019 3772
39037 6835
35019 6661
39037 6462
39037 6550
35019 6281
39037 6543
39037 6485
39037 6376
39037 6846
39037 6382
39037 6389
35019 6242
39037 6865
39037 6992
35019 5094
39037 7044
39037 6435
39037 6484
35019 6184
39037 7056
39037 6393
39037 6368
39037 6636
35019 4944
39037 6766
35019 6437
39037 6388
39037 6433
39037 6380
39037 6395
39037 6368
35019 6215
39037 6390
35019 4848
39037 6421
39037 6399
35019 6076
39037 6385
39037 6394
35019 6212
39037 6396
39037 6714
35019 6564
39037 6494
39037 6387
39037 6401
35019 6253
39037 7926
39037 6465
35019 5227
39037 6506
39037 6428
35019 6163
39037 6571
39037 6418
39037 6368
39037 6411
35019 6089
39037 6478
39037 6681
35019 5203
39037 6791
39037 6401
35019 6248
39037 6378
39037 6408
39037 6869
39037 6659
35019 5060
39037 6449
39037 6692
39037 6862
35019 5069
39037 6824
35019 5136
39037 6427
39037 6488
39037 6441
35019 6156
39037 6918
35019 6803
39037 6846
39037 6387
39037 6382
39037 6436
35019 5386
39037 6484
39037 6381
39037 6832
35019 5203
39037 6454
35019 6326
39037 6400
39037 6468
39037 7942
35019 6134
44875 3636
44875 3906
39037 6391
39037 5581
35019 3649
39037 7019
35019 5420
39037 6388
39037 6407
39037 6485
35019 6306
39037 6501
39037 6829
39037 6453
35019 5315
39037 7185
39037 6929
35019 5083
39037 6471
39037 6434
35019 6281
39037 6604
35019 5244
39037 6423
39037 6396
39037 7101
35019 5388
39037 6357
39037 6431
39037 6515
39037 6393
39037 6636
35019 4472
39037 6365
39037 6576
39037 6550
35019 5443
39037 6380
39037 6445
39037 3732
35019 3729
39037 6390
39037 6463
39037 6489
39037 6464
35019 6078
39037 7566
39037 6389
35019 6043
39037 6625
39037 6455
35019 6302
39037 6416
39037 6837
39037 6373
39037 6462
39037 6828
35019 6113
39037 6423
39037 6848
35019 5219
39037 6668
39037 6503
39037 6372
35019 4855
39037 3710
39037 6396
35019 6255
39037 6386
39037 6741
35019 4946
39037 6411
39037 6657
39037 6420
35019 6103
39037 6393
39037 6690
35019 5054
39037 7727
35019 5829
39037 6469
39037 6391
39037 6853
35019 5205
39037 6521
39037 6401
39037 6438
39037 6553
39037 6380
35019 5067
39037 6411
39037 6370
39037 6398
39037 6430
39037 6396
39037 6916
39037 6579
39037 6482
35019 6047
39037 6753
39037 6507
39037 6560
39037 6383
39037 6508
39037 6566
39037 6493
39037 6819
35019 5718
39037 6781
39037 6494
39037 8077
39037 6373
39037 6409
39037 6471
39037 6860
39037 6843
35019 5526
39037 6782
39037 6379
39037 6368
39037 6389
39037 6513
39037 6428
39037 6502
39037 6440
39037 6480
35019 6306
39037 6395
39037 6361
39037 6378
39037 6458
39037 6430
39037 6820
39037 6846
39037 6391
35019 5417
39037 6438
39037 6372
39037 6383
39037 6408
39037 6466
39037 7264
39037 6402
35019 6227
39037 6629
39037 6472
39037 6844
39037 6836
39037 6595
39037 6420
39037 6372
39037 6493
35019 5046
39037 6460
39037 6848
39037 6511
39037 6398
39037 6367
39037 6401
39037 6847
39037 6417
35019 5119
39037 6389
39037 6377
39037 6394
39037 6414
39037 6484
39037 6511
39037 6971
39037 6676
35019 5071
39037 6377
39037 6453
39037 7080
39037 6429
39037 6407
39037 7597
39037 6384
39037 6576
39037 7018
35019 5366
39037 6409
39037 5078
35019 3582
59128 3824
59128 4973
44875 3649
50887 5116
49868 3933
50887 3756
50887 7636
49868 6328
49868 9928
49868 6385
49868 6462
49868 6109
50887 4051
50887 3699
50887 3815
50887 6206
49868 5535
49868 4789
50887 3606
50887 3746
49868 6314
49868 7258
49868 6755
49868 6496
50887 4773
44875 3790
44875 6059
35019 3834
50887 3702
44875 4808
44875 5083
44875 3672
44875 3826
35019 4829
35019 5125
35019 4146
35019 6270
50887 3718
50887 3703
35019 4972
35019 5035
35019 3685
35019 3777
35019 4694
49868 4931
59128 3601
59128 3795
59128 3751
44875 3622
49868 4657
7886 5197
39037 6794
59128 3909
59128 5505
39037 6315
39037 6431
35019 6613
59128 3667
58063 3841
42703 4004
49868 6438
23246 5177
49868 6291
49868 6337
50887 6192
59128 5149
49868 6308
49868 7622
44875 5995
50887 3737
59128 6240
11983 3916
53966 3795
44236 3787
20685 3694
6083 3680
60354 4243
39037 6257
35019 3616
39037 6678
39037 6328
39037 6478
39037 3879
35019 3712
49868 3709
39037 6824
49868 6512
39037 1312
50887 3674
35019 4814
49868 6847
49868 6927
50887 4055
49868 6406
49868 5068
39037 6366
39037 6400
50887 5020
35019 4931
39037 6311
35019 4878
39037 6341
39037 6267
35019 3642
39037 6317
39037 6342
39037 6373
35019 3618
39037 6851
35019 5196
39037 6326
39037 7110
39037 6513
35019 5022
39037 6607
35019 5679
39037 7657
39037 6382
39037 6830
35019 3595
35019 3787
35019 4835
39037 6370
39037 6426
35019 5214
39037 6742
35019 6443
39037 7513
39037 7073
35019 5747
39037 6395
39037 6381
35019 4861
39037 7004
35019 4984
39037 6421
35019 3746
39037 6459
39037 6667
35019 5203
39037 6396
39037 6408
39037 6512
35019 6309
39037 6456
35019 5477
39037 6600
39037 8306
35019 6462
39037 6661
39037 6417
39037 6696
35019 6445
39037 7107
35019 5061
39037 6425
39037 6414
39037 6418
35019 5298
39037 6891
35019 3617
39037 6538
39037 6376
39037 3731
35019 3639
39037 6663
39037 7109
39037 6384
39037 6444
39037 6612
35019 5020
44875 3643
44875 6148
35274 3922
7886 3825
6603 4250
59851 3704
31178 3710
58063 5358
42703 3630
23246 3760
58063 6965
7886 6471
18888 3829
11983 3727
55753 5813
53966 5019
42703 5491
23246 6346
40168 4399
44236 4970
3305 3652
20685 3587
11983 6572
53966 6818
36114 3781
6083 3588
20685 6651
7443 3713
60354 3621
44236 6357
6083 6549
60354 6917
39037 5632
59128 3872
59128 6271
44875 3732
53708 3833
6603 3633
35274 3691
59851 5123
31178 4148
18888 3613
55753 3816
3305 4619
6603 8616
6603 6836
58063 6368
6603 6394
6603 3901
58063 3761
35274 7757
35274 6416
35274 6518
35274 3717
7886 4587
59851 7368
59851 6366
59851 6397
59851 3808
42703 3622
31178 7445
31178 6360
31178 6362
31178 3816
23246 3569
18888 7365
18888 6387
18888 6360
18888 3732
11983 3601
55753 7534
55753 7689
55753 6495
55753 3769
53966 4652
3305 7418
3305 6399
3305 6431
3305 4210
40168 3631
20685 3683
36114 4760
7443 4925
40168 7411
40168 6372
40168 6312
40168 5027
44236 5115
36114 7476
36114 6381
36114 6505
36114 4803
6083 5051
7443 7484
7443 6492
7443 6395
7443 4735
60354 3747
58063 5047
7886 3862
42703 4824
35019 3806
23246 5215
11983 5400
53966 3842
7886 4758
6083 5005
60354 3843
20685 4263
44236 4700
42703 5008
23246 3649
11983 3692
53966 3645
58063 3667
60354 3771
44236 3776
58063 6148
58063 3737
58063 6222
58063 3724
58063 3722
58063 6201
6083 3839
20685 3757
6083 6109
6083 3823
20685 6168
20685 3734
7537 3834
53708 3907
53708 6878
6603 6288
58063 4122
35274 4190
7886 4805
59851 6163
42703 3611
18888 3797
11983 4613
31178 5261
23246 3620
55753 4765
53966 5077
35274 3713
7886 3674
35274 1935
7886 3580
7886 3620
36114 7347
7443 3964
60354 3609
3305 6150
59851 3666
59851 3959
42703 3690
42703 3600
40168 6281
59851 3603
31178 3652
31178 3633
44236 3656
23246 4581
42703 5276
31178 3712
23246 4770
18888 4165
18888 3725
11983 3661
11983 3666
55753 3662
18888 43010
53966 6423
11983 36260
55753 18411
6603 10566
58063 3611
58063 4797
7443 5097
60354 3600
7443 3675
60354 3660
7443 3697
40168 3688
40168 4093
40168 4853
60354 3825
44236 5003
44236 664
6603 3648
36114 3654
6083 3631
6083 3675
3305 7723
20685 4599
20685 3643
36114 3682
36114 6335
36114 6835
6083 6511
36114 6341
36114 6289
36114 6141
3305 5264
6083 4259
3305 6478
3305 6860
20685 5175
3305 6318
3305 6390
3305 6252
3305 3715
20685 3867
36114 6685
6083 4932
36114 6376
36114 6288
36114 6284
6083 3764
3305 6321
3305 6423
3305 5305
20685 3767
6603 6306
6603 6282
6603 2087
58063 3670
6603 6452
6603 6909
58063 5309
6603 6322
6603 4886
58063 3732
6603 6392
58063 3683
6603 6339
6603 577
58063 3587
6603 6317
6603 6481
6603 56
58063 3746
6603 6622
6603 6431
6603 6346
58063 4906
7537 3606
7537 7957
7537 3862
53708 3655
53708 3698
53708 3669
53708 6632
40684 5069
6603 4818
36114 5463
3305 3715
7537 6241
7537 3645
53708 3608
53708 4711
7537 6192
7537 4117
53708 3775
7537 3751
33292 3847
47258 3593
1501 4774
6083 5231
20685 3801
6083 3682
20685 6046
20685 3707
6083 4187
5319 5132
5319 5121
35019 3695
35019 4688
36114 4967
3305 3570
36114 6567
36114 6738
36114 6938
6083 5338
36114 6379
36114 6281
36114 6735
6083 3643
3305 6316
3305 3750
20685 3870
36114 6314
36114 6187
6083 3868
3305 3720
3305 6419
3305 6441
3305 6515
20685 5035
3305 6308
20685 3628
36114 6306
3305 6304
36114 6352
6083 6059
36114 6669
36114 6386
36114 6224
36114 6381
36114 6784
6083 4890
36114 6426
36114 6451
36114 6443
36114 6629
6083 5034
36114 6192
6083 3580
36114 7316
36114 6371
6083 5452
36114 6447
36114 6244
36114 6392
36114 6396
36114 6139
6083 4072
51311 3630
5319 3639
39037 4619
39037 6320
51311 6326
51311 6949
39037 6330
39037 6280
5319 3798
35019 3611
51311 6476
51311 6214
5319 3719
51311 6387
51311 6338
51311 6467
51311 6377
51311 6404
51311 6877
51311 6551
51311 6511
5319 6385
51311 6489
51311 7078
51311 6340
5319 6181
51311 6420
51311 6564
5319 6389
51311 6414
51311 6402
51311 6424
51311 6369
51311 6382
51311 6361
51311 6445
51311 6513
5319 6210
51311 6405
51311 6814
51311 6550
39037 6142
35019 3642
5319 4536
20685 3984
51311 5418
53137 3599
7641 4267
38200 3655
32993 3884
44875 3679
44875 6118
155 3628
26076 3938
59128 3716
59128 4608
59128 6720
44875 5030
55435 3965
32246 3855
55435 3608
55435 7048
32246 3716
32246 7365
32246 6456
32246 6494
32246 6292
55435 5058
55435 5068
55435 4566
55435 6146
32246 3778
32246 3782
55435 3609
55435 5126
32246 1061
55435 4984
32246 3561
44875 3659
44875 3796
59128 3649
59128 6178
44875 3633
34812 3847
16029 3847
34812 4677
34812 7748
5319 5145
35019 3673
35019 3723
35019 3733
44875 4655
44875 5156
44875 3657
44875 4862
16029 3614
16029 7728
16029 6433
34812 5988
16029 6315
34812 4225
51311 3743
51311 6297
51311 6334
51311 6869
5319 5168
51311 6412
51311 6306
5319 3590
51311 6688
5319 5674
51311 6383
51311 3776
5319 3656
39037 6326
39037 6317
39037 6761
35019 5197
39037 7037
39037 6814
35019 5283
39037 6406
39037 6448
39037 3771
35019 3668
51311 6336
51311 6368
51311 6371
5319 4002
39037 6394
39037 6362
39037 6529
39037 6486
39037 6558
39037 4978
35019 3647
59128 3607
39037 6429
39037 6608
39037 6639
35019 5062
39037 6405
39037 6442
39037 6777
39037 6448
39037 6404
39037 6557
39037 6399
39037 6943
35019 6144
39037 7213
39037 6850
39037 6407
39037 6325
51311 6492
51311 6467
51311 6412
59128 6241
51311 6382
35019 6027
5319 3769
44875 3654
7021 3944
51311 6608
51311 6518
39037 6412
39037 6400
39037 6858
39037 6377
39037 6564
39037 6420
39037 6949
5319 4935
35019 3604
59128 3646
59128 3674
59128 6189
51311 6404
51311 6394
39037 6394
39037 6383
39037 6427
39037 6849
39037 6409
35019 6014
44875 3629
5319 3630
36192 3784
51311 7020
39037 6410
39037 6579
39037 6617
39037 6950
5319 5098
35019 4604
39037 6362
39037 6526
39037 6411
35019 4790
51311 6408
51311 6398
51311 6875
39037 6432
39037 6397
39037 6398
39037 6397
39037 6419
5319 3860
35019 3809
39037 6383
39037 6497
39037 6379
39037 6387
39037 6422
39037 6894
39037 6674
39037 6509
39037 6391
35019 6259
39037 6414
39037 6361
39037 6407
39037 6416
39037 6532
51311 6459
51311 6437
51311 6403
35019 5154
5319 3587
39037 6374
39037 6582
39037 6392
39037 6563
39037 6412
39037 6427
39037 6382
39037 6735
35019 6449
39037 6416
39037 6391
51311 6416
51311 6424
51311 6367
51311 6390
51311 6427
51311 6414
35019 6275
5319 4288
39037 7040
39037 6517
39037 6482
39037 6411
39037 6382
39037 6400
39037 6384
39037 6395
35019 6191
39037 6355
39037 6584
39037 6394
39037 6421
39037 6388
39037 6854
51311 6376
51311 3683
5319 3640
35019 3592
39037 6539
39037 6453
39037 6832
39037 6375
39037 6533
39037 6834
39037 6387
39037 6397
39037 6420
35019 6142
39037 6986
39037 6380
39037 6381
39037 6392
39037 6357
39037 6370
39037 6537
39037 6447
35019 6319
39037 6525
39037 7164
39037 6366
39037 6343
39037 6391
39037 6393
39037 6388
39037 6840
35019 5245
39037 6372
39037 6358
39037 6535
39037 6435
39037 6546
39037 6349
39037 6387
39037 6920
35019 4960
39037 6415
39037 6576
39037 6468
39037 6535
39037 6406
39037 6999
39037 6515
39037 6386
35019 6246
39037 6479
39037 6396
39037 6434
39037 6406
39037 6413
39037 6404
39037 6395
39037 6847
35019 5761
39037 7063
39037 6437
39037 6392
39037 6416
39037 6479
39037 6399
39037 6371
39037 6419
35019 6292
39037 6401
39037 6474
39037 6392
39037 6390
39037 6520
39037 6391
39037 6442
39037 7013
35019 5271
39037 7347
39037 6432
39037 6562
39037 6414
39037 6419
39037 6394
39037 6482
39037 6388
35019 6214
39037 6362
39037 6421
39037 6400
39037 6386
39037 6404
39037 6423
39037 6362
39037 6803
35019 6420
39037 6405
39037 6372
39037 6400
39037 6795
39037 6423
39037 6378
39037 6501
39037 6557
39037 6597
35019 6508
39037 6849
39037 6728
39037 6365
39037 6434
35019 6168
16029 4608
34812 6732
39037 6883
35019 6604
39037 6382
39037 6491
39037 6490
39037 6475
35019 6354
39037 6820
39037 6548
39037 6853
39037 6829
39037 6799
39037 6404
39037 6351
39037 6854
39037 6908
35019 4932
39037 6982
39037 6394
35019 6272
39037 6525
39037 6416
39037 6684
39037 6484
39037 6487
39037 6354
39037 6367
39037 6407
35019 6228
39037 7112
39037 6598
35019 6195
39037 6424
39037 6416
39037 6365
35019 3764
39037 6385
39037 6456
35019 6275
39037 6690
39037 6399
39037 6400
35019 6126
39037 6354
39037 6413
39037 6331
39037 6478
39037 6383
39037 6402
39037 6398
39037 6379
35019 4952
56534 3609
39037 6373
39037 6372
39037 6352
39037 6455
39037 6559
39037 6835
39037 6354
39037 6576
35019 6505
36192 5551
36192 6139
39037 6580
39037 6421
39037 6429
39037 6883
39037 6360
39037 6361
39037 6385
39037 6787
35019 6608
39037 6367
39037 6383
39037 6728
39037 6482
39037 6391
39037 6380
39037 6449
39037 6419
35019 6013
39037 6550
39037 6399
39037 6516
39037 6425
39037 6381
39037 6474
39037 6462
39037 6460
39037 6424
35019 3595
39037 6428
39037 6917
39037 6379
39037 6496
39037 6407
39037 6405
39037 6396
39037 6364
35019 5181
39037 6763
39037 6534
39037 6501
39037 6584
39037 6391
39037 6422
39037 6386
39037 6556
35019 3625
39037 6471
39037 6388
39037 6530
39037 7134
39037 6389
39037 6425
39037 6846
39037 6511
35019 6316
39037 6368
39037 6496
39037 6411
39037 6388
39037 7002
39037 6867
39037 7179
39037 6378
35019 5438
39037 6392
39037 6636
39037 6519
39037 6534
39037 6397
39037 6678
39037 6379
39037 6429
39037 6409
35019 5042
39037 6646
39037 6491
39037 6868
39037 6450
39037 6420
39037 6822
39037 6560
39037 6842
35019 6443
39037 6523
39037 6387
39037 6517
39037 6437
39037 6414
39037 6534
39037 6429
39037 6417
35019 6255
39037 7410
39037 6840
39037 6375
39037 6549
39037 6530
39037 6387
39037 6975
35019 5110
39037 6386
39037 6343
39037 6391
39037 6396
39037 6389
39037 6568
39037 6502
39037 6513
35019 5047
39037 6388
39037 6501
39037 6455
39037 6462
39037 6396
39037 6899
39037 6358
39037 6387
39037 6500
35019 6366
39037 6417
39037 6754
39037 6401
39037 6524
39037 6547
39037 7363
39037 6390
39037 6707
35019 5070
39037 6400
39037 6481
39037 6418
39037 6372
39037 6378
39037 6473
39037 6405
39037 6424
35019 5078
39037 6409
39037 6890
39037 6484
39037 6367
39037 6403
39037 6369
39037 6412
39037 6490
35019 6198
244 3630
39037 6419
39037 6415
39037 6313
35019 4134
7021 3638
7021 7188
56534 5424
56534 5580
16029 6247
36192 6949
56534 6972
56534 6488
56534 5218
36192 3645
36192 3646
36192 4700
36192 6311
244 7435
244 6378
244 6633
7021 5274
34812 3711
56534 3852
56534 3826
56534 4790
36192 5166
36192 3670
56534 4231
244 6372
7021 3835
36192 3710
56534 3691
244 3667
244 5067
244 5121
7021 3625
7021 6501
244 4022
244 6359
7021 3581
59001 3638
59364 4604
37764 3740
23189 3791
21232 3934
44875 6039
44875 3833
49344 6348
35019 3625
35019 3682
44875 4810
44875 5795
44875 3658
44875 3822
35019 6119
35019 3746
35019 3839
35019 3654
35019 6039
35019 3833
35019 3789
50887 3677
50887 6051
50887 3690
50887 3796
50887 3715
50887 6107
50887 3706
50887 3681
50887 3666
50887 6018
50887 3671
50887 3838
40778 4316
21232 3667
21232 7584
59128 6173
59128 4649
59128 877
44875 5034
55534 6368
55534 6398
55534 7090
49344 5358
55534 6500
55534 6841
49344 6619
55534 6433
55534 6402
55534 6408
55534 6829
55534 6400
59128 3627
49344 5368
55534 6370
55534 6399
55534 6878
49344 5305
55534 6530
55534 6467
49344 6288
55534 7007
49344 5068
55534 6454
55534 7426
49344 5531
36192 6189
55534 6372
55534 6417
55534 6231
59128 6900
39037 6310
39037 6305
39037 6501
39037 6220
39037 6437
39037 6398
49344 4903
35019 3604
44875 3694
36563 3805
39037 6087
39037 6427
39037 6882
39037 6461
39037 6404
39037 6390
39037 6396
39037 6425
39037 6831
35019 4901
39037 6416
39037 6235
39037 6859
39037 6371
39037 6415
39037 7294
39037 6351
39037 6411
35019 5025
39037 6375
39037 6795
39037 6367
39037 6397
39037 4857
39037 6403
39037 6386
39037 6405
39037 6406
35019 6256
39037 6821
39037 6377
39037 6804
39037 6389
39037 6397
39037 6882
39037 6414
39037 6392
39037 6415
35019 6278
39037 6363
39037 6429
39037 6185
39037 6724
39037 6395
39037 6412
39037 6567
39037 6343
39037 7411
35019 7104
39037 7233
39037 6456
39037 6793
39037 6505
39037 6403
39037 6478
39037 6496
39037 6553
35019 6110
39037 6396
39037 6568
39037 6357
39037 6402
39037 6391
39037 6726
39037 6481
39037 6379
35019 5022
39037 6695
39037 6396
39037 6406
39037 6381
39037 6373
39037 6412
39037 6411
39037 6437
35019 6240
39037 6394
39037 6397
39037 6444
39037 7331
39037 6466
39037 6826
39037 6400
39037 10498
35019 9222
39037 6397
39037 6555
39037 6357
39037 6548
39037 3557
39037 6477
39037 6633
39037 6374
39037 7109
35019 5087
39037 6681
39037 6343
39037 6377
39037 6390
39037 6261
39037 6524
39037 6415
39037 7527
35019 6270
39037 6427
39037 6372
39037 6412
39037 6690
39037 6530
39037 7515
39037 6444
35019 6315
39037 6382
39037 6827
39037 6379
39037 6425
39037 6405
39037 6543
39037 6598
39037 6416
39037 6919
35019 5192
39037 6402
39037 7358
39037 6880
39037 6424
39037 6542
39037 6524
39037 6500
39037 6415
35019 3623
39037 6846
39037 6356
39037 6377
39037 6394
39037 6452
39037 6435
39037 6378
39037 6814
35019 6577
39037 6964
39037 7341
39037 6527
39037 6434
39037 7302
39037 6578
39037 6396
39037 6415
35019 6261
39037 6535
39037 6491
39037 6433
39037 6400
39037 6857
39037 6408
39037 6405
39037 6359
39037 6582
35019 5097
39037 6548
39037 6422
39037 6375
39037 6428
39037 6401
39037 6727
39037 6850
39037 7191
35019 6963
39037 6584
39037 6372
39037 6371
39037 6397
39037 6434
39037 7278
39037 6382
39037 6402
35019 6189
39037 6383
39037 6839
39037 6401
39037 6377
39037 6360
39037 6476
39037 6986
39037 6587
35019 6397
39037 6403
39037 6370
39037 6536
39037 6371
39037 6410
39037 6399
39037 6545
39037 6402
35019 6221
39037 6380
39037 6433
39037 6515
39037 6650
39037 6411
39037 6435
39037 6542
39037 6407
35019 6177
39037 6412
39037 7294
39037 6830
39037 6376
39037 6400
39037 6401
39037 6396
39037 6371
39037 6966
35019 5204
39037 6393
39037 6398
39037 6556
39037 6414
39037 6484
39037 6400
39037 6438
39037 6495
35019 4070
39037 6548
39037 6510
39037 6280
49868 6476
49868 3698
49868 6309
49868 6308
49868 3738
49868 6320
49868 4921
49868 6425
49868 6232
49868 6313
35019 3631
50887 4306
49868 6350
49868 6249
49868 6327
49868 3808
40778 5192
56534 5386
49868 6633
49868 5236
50887 4965
40778 7877
40778 6450
40778 6314
49868 6313
49868 6181
49868 6593
21232 5472
50887 3718
49868 6379
50887 3652
40778 6385
49868 6311
49868 6610
49868 6418
49868 6157
56534 6037
21232 3656
50887 3709
14275 3833
36563 3617
36563 7178
40778 7104
21232 3712
21232 3702
21232 6140
14275 3622
14275 7357
14275 6462
14275 6437
14275 6262
36563 5432
36563 3698
36563 6088
36563 3897
36192 3583
40778 6195
40778 4762
21232 3595
40778 5030
21232 3739
40778 6463
40778 6320
40778 6357
40778 6203
21232 6098
40778 6387
40778 6748
21232 5227
40778 6806
40778 6533
40778 6550
40778 6462
40778 6412
21232 6124
40778 7206
40778 7493
21232 6207
14275 3781
14275 4806
36563 3681
36563 5368
14275 119
36563 3608
40778 7002
21232 4915
40778 6508
21232 6205
40778 6857
21232 4935
40778 6411
40778 6490
40778 6513
40778 6430
21232 6193
40778 6526
40778 6465
40778 6374
40778 6383
40778 6513
40778 6494
40778 6384
40778 6407
21232 5136
40778 6443
40778 6996
40778 6966
21232 5407
40778 6478
40778 6562
40778 6383
40778 6369
40778 6452
40778 6572
21232 6327
40778 6398
40778 6380
40778 6824
40778 7049
21232 5321
40778 6387
40778 6430
21232 6019
40778 6584
40778 6411
21232 6280
40778 6469
40778 6885
21232 5061
40778 6376
40778 6987
21232 5087
40778 6479
40778 6443
21232 4994
40778 6527
40778 7299
40778 6264
21232 5371
14275 4978
59128 3903
55008 3799
64653 3704
55008 3590
55008 7637
44875 5497
64653 3673
64653 7517
64653 6489
64653 7798
55008 5752
64653 6581
55008 5026
64653 6444
64653 6818
55008 5036
55008 4823
55008 6533
64653 4195
64653 6512
64653 6381
64653 6431
64653 6917
55008 5417
64653 6551
64653 6418
64653 6385
64653 6758
55008 6144
64653 7503
64653 6396
64653 6460
64653 5569
55008 3909
64653 7110
64653 6487
64653 6687
55008 5056
64653 6447
64653 6414
64653 6362
64653 6882
55008 5073
64653 6823
64653 6597
64653 6698
55008 5271
10870 4062
49780 3639
34420 4618
19267 5062
19267 3659
35019 3680
35019 6051
35019 3709
35019 3837
35019 4695
35019 5055
35019 3735
35019 3729
35019 6504
35019 3710
47091 3784
6166 3653
6166 3589
6166 3655
6166 6468
19267 6099
6166 6497
6166 6456
6166 6975
6166 5678
19267 5025
39037 3630
39037 6738
39037 6501
39037 6625
35019 5071
39037 6558
39037 6356
35019 3725
39037 6367
35019 5330
39037 6470
39037 3880
35019 3622
39037 6389
39037 6416
39037 6366
39037 6392
39037 6501
39037 3690
35019 4220
39037 6415
35019 6056
39037 6384
39037 6688
35019 5229
39037 6541
39037 6423
39037 6904
35019 5083
39037 6427
39037 6392
39037 6779
35019 6616
35019 6194
39037 6758
39037 6410
39037 6375
39037 3733
35019 4658
39037 6364
39037 6460
39037 6889
35019 5172
39037 6368
39037 6214
39037 6261
35019 5367
39037 6457
39037 6295
39037 6424
35019 4796
39037 6936
39037 6308
35019 4922
39037 6392
39037 6232
39037 4448
35019 3803
39037 6315
39037 6339
35019 6076
39037 6877
39037 6464
35019 4887
39037 6285
39037 6336
35019 5012
39037 6384
39037 6245
39037 3811
35019 3608
39037 6316
39037 6823
35019 5224
39037 6881
35019 5209
39037 6196
39037 6454
35019 6276
39037 6396
39037 6490
35019 6345
39037 6774
39037 6315
35019 6127
39037 6311
39037 6385
39037 6547
35019 4846
55287 3785
10231 3718
54903 3595
51531 4064
10226 3893
37495 3591
55282 3662
40120 6764
31349 3690
19060 3663
6776 3758
46709 3619
41593 3643
50887 3676
50887 4805
50887 5087
50887 3695
47094 3752
50887 4941
49868 5397
49868 6433
49868 5120
50887 4960
49868 6414
50887 3642
49868 89
50887 3773
49868 6339
49868 5206
50887 3665
49868 6389
49868 6810
50887 5148
30708 4810
49868 6322
49868 6329
50887 5271
49868 6354
49868 6647
50887 5011
49868 6376
49868 6416
49868 6361
49868 6258
50887 6042
30693 3884
59381 3838
24184 3727
6116 3695
34789 3669
27198 3626
19379 3675
44875 6007
44875 3756
44875 3638
44875 4731
21232 5822
45037 6891
59128 4885
59128 3641
59128 3834
44875 3612
40778 6306
40778 6431
40778 6334
21232 6016
40778 6415
40778 6205
40778 6425
40778 6227
40778 6427
40778 6579
40778 3740
21232 4678
40778 6528
40778 6400
40778 6625
40778 6349
40778 6392
40778 6451
40778 6532
40778 6357
40778 6408
40778 6459
40778 6414
21232 5335
40778 6528
21232 6400
40778 7059
40778 6436
40778 6408
40778 6832
40778 3739
21232 3628
40778 6959
21232 5058
40778 6396
40778 6400
21232 6218
40778 6416
40778 6400
21232 6284
40778 6904
40778 6719
40778 6543
40778 6437
21232 6257
40778 6378
40778 6435
21232 6085
40778 6915
21232 5181
40778 6398
40778 6822
40778 6528
21232 5131
40778 6613
40778 6377
40778 6577
21232 6331
40778 6895
40778 6407
40778 6464
40778 6727
21232 6608
59128 4937
53009 3850
40778 6471
40778 5040
21232 3660
40778 6813
21232 5237
40778 6364
40778 6370
40778 6730
21232 5130
40778 6442
40778 3741
21232 3623
40778 6369
40778 6489
21232 5038
40778 6401
40778 6396
21232 5353
40778 6385
40778 6372
40778 6503
40778 6402
40778 6924
21232 6682
40778 4778
21232 3617
40778 6415
40778 6651
21232 5058
40778 6385
40778 6359
40778 7212
40778 6451
21232 6229
40778 6906
21232 5076
40778 6394
40778 6986
21232 5122
40778 6358
40778 6591
40778 3798
21232 3659
40778 6616
21232 5037
40778 6424
40778 6397
40778 6409
40778 6511
40778 6818
21232 5180
40778 6990
21232 5105
40778 6957
40778 6445
40778 6419
21232 6019
40778 6404
40778 6408
21232 6226
40778 6391
21232 5247
40778 6397
40778 6484
40778 6737
21232 5183
8750 3920
53009 4601
59128 5220
44875 3581
53009 7557
20286 3856
40778 6521
40778 3624
21232 3638
40778 6484
40778 6396
21232 5464
40778 6410
40778 6751
40778 5266
21232 3784
40778 6666
40778 6642
21232 6340
40778 9112
40778 6409
21232 5235
40778 6987
40778 7668
21232 6196
40778 6917
21232 5433
40778 6520
40778 6436
21232 6248
40778 6623
40778 6517
40778 6777
21232 4932
40778 6417
21232 6073
40778 6376
40778 6391
40778 6357
40778 7087
40778 6763
21232 6248
40778 6400
40778 6585
21232 6218
40778 6423
40778 6936
21232 5199
21232 5409
40778 8648
40778 6482
40778 6500
40778 6407
40778 6845
21232 6509
40778 6491
40778 6859
21232 5142
40778 6618
40778 7138
21232 5891
40778 6706
40778 6547
21232 5111
40778 6548
40778 6503
21232 5014
40778 6403
40778 6484
40778 6278
21232 4845
8750 3871
8750 8932
17127 6177
8750 6671
8750 6466
8750 6512
53009 5115
20286 5112
20286 5733
40778 6516
40778 7342
40778 6392
21232 4408
40778 6477
40778 6373
40778 6792
21232 4910
53009 6089
53009 3683
53009 6159
40778 6388
40778 6528
21232 5191
40778 6427
40778 6889
21232 5137
40778 6538
40778 6514
40778 6367
40778 6952
21232 5373
25158 1070
40778 6529
45037 4247
40778 6666
40778 6859
40778 4147
21232 4654
40778 6519
40778 6501
40778 6534
40778 8307
40778 6623
40778 6782
21232 5169
40778 6580
40778 6467
40778 6506
40778 6968
40778 6526
21232 6273
40778 5067
21232 3758
40778 6531
40778 6557
40778 7185
21232 5116
40778 6369
40778 6406
40778 6640
40778 6374
40778 6376
40778 6545
40778 6396
40778 6985
40778 6446
21232 3971
40778 6452
40778 6815
40778 6486
40778 6418
40778 6660
40778 6500
40778 7442
40778 6396
21232 3954
40778 6412
17127 5322
17127 7603
17127 6386
17127 6210
20286 4890
21232 6155
40778 6639
40778 6423
21232 5187
40778 6376
40778 7217
40778 6431
40778 6889
21232 5238
40778 6383
40778 6526
21232 6345
8750 5271
8750 3638
53009 3570
40778 6470
40778 6527
21232 5392
20286 4023
40778 6408
21232 6186
40778 6515
21232 5131
40778 7827
40778 6537
40778 6452
40778 6799
21232 5329
53009 3662
40778 7042
21232 5607
40778 6515
40778 6500
40778 6585
40778 6984
21232 6766
40778 6397
21232 5074
8750 6564
53009 6188
8750 7000
8750 6725
53009 5476
8750 6563
53009 4110
8750 6374
8750 6644
8750 6540
53009 6452
8750 6629
53009 3836
40778 6597
40778 6400
40778 3910
21232 3773
40778 7834
21232 5559
40778 6412
21232 6218
40778 6480
40778 6983
40778 5122
21232 3610
40778 6348
40778 7581
21232 6220
40778 6378
40778 6223
21232 5389
40778 6528
21232 3656
40778 6397
40778 3745
21232 3765
40778 6422
40778 6635
40778 6520
21232 4922
40778 7078
21232 5031
40778 6426
40778 6421
40778 6351
40778 6489
40778 6501
21232 5095
40778 7670
21232 6219
40778 6587
40778 6391
40778 6537
40778 6495
40778 6547
21232 5113
40778 6391
40778 6429
40778 6371
21232 6168
8750 6565
8750 6379
8750 6380
8750 6445
53009 5105
17127 3728
8750 6417
8750 6438
20286 6544
53009 5273
8750 6391
8750 6651
53009 6506
8750 6363
8750 6424
8750 6442
8750 6403
8750 6506
8750 6881
53009 4989
8750 7761
8750 6607
8750 6335
8750 6500
8750 6560
8750 6406
53009 5367
8750 6480
8750 6485
8750 6676
53009 5048
8750 6435
8750 6379
8750 6538
8750 6932
8750 6669
53009 5064
8750 6440
8750 6888
53009 5089
8750 6547
8750 6641
8750 6135
53009 3640
17127 3604
17127 6333
20286 5458
44875 3636
44875 6048
59128 3664
59128 3771
44875 3617
55484 4369
34812 6618
34812 7251
14085 5344
16029 4235
16029 5119
34812 3606
44875 4654
44875 5162
44875 3643
44875 3718
44875 6089
44875 3717
59128 3656
59128 3633
59128 6200
44875 3708
59128 3786
6678 5282
4002 5133
53708 6355
59128 3880
44875 4613
19457 5343
6678 3600
6678 7394
7537 5740
7537 3769
20286 6888
19457 5080
19457 6249
6678 3661
6678 4479
6678 6525
17127 4600
17127 6837
17127 6342
17127 6404
17127 6390
20286 4870
17127 6355
17127 6573
20286 5716
40341 4257
53708 3750
19457 2168
6678 3657
19457 6437
6678 6165
19457 6521
19457 6408
19457 4792
19457 5009
6678 3646
34136 3602
19457 3738
24908 3860
49775 3628
28711 3832
35019 3705
44875 5924
44875 3779
35019 4329
35019 6054
35019 3766
35019 3889
35019 6032
20286 6350
35019 3698
35019 3724
35019 6158
35019 3669
35019 3709
35019 4670
35019 5030
35019 3685
35019 3677
35019 5103
35019 5068
35019 3717
44875 3628
44875 4828
44875 4992
44875 3659
44875 3714
44875 6186
50887 3668
50887 3695
6678 3820
39037 6470
39037 6462
39037 7173
35019 7044
39037 6400
39037 6636
39037 6413
39037 6364
39037 3764
35019 3723
39037 6365
39037 6376
39037 6378
39037 6381
39037 6573
39037 5045
35019 3655
39037 6347
59128 3688
59128 4044
59128 6145
44875 3677
28836 3840
13476 3694
51365 3673
56486 3700
8359 3670
25767 4793
39037 4942
39037 6559
35019 5126
39037 6316
39037 6585
39037 6336
35019 3607
39037 6442
39037 6446
39037 7400
39037 6284
35019 3794
39037 6425
39037 6398
35019 3926
39037 6404
39037 6416
35019 6262
39037 6583
39037 6452
39037 6354
39037 6685
35019 6357
39037 6384
39037 6868
35019 5201
39037 6325
39037 6397
35019 6034
39037 6529
39037 6410
39037 6395
39037 6270
35019 3617
39037 6433
39037 6767
35019 5179
39037 6826
39037 6390
39037 6851
39037 6365
39037 6840
39037 6461
39037 1812
39037 6452
39037 6462
35019 3583
39037 7207
39037 6322
39037 6370
39037 6405
39037 6540
39037 6290
39037 6747
39037 6396
39037 6379
39037 6411
59128 4969
35019 3750
59128 3662
39037 6408
39037 6403
39037 6392
39037 6414
39037 6362
39037 6808
39037 6386
39037 6177
44875 5421
35019 4182
17127 4087
39037 6544
39037 6319
39037 6406
39037 6370
39037 3767
39037 6376
39037 6412
39037 6407
39037 6634
39037 6872
35019 6395
39037 3650
49868 3600
59128 6169
49868 6406
49868 6782
49868 6288
39037 6860
39037 6835
39037 6394
39037 6688
39037 6384
39037 7222
50887 4936
35019 3576
39037 6490
39037 6405
39037 6434
39037 6382
39037 6978
39037 6558
39037 6409
35019 6227
21232 3703
59128 6124
49868 6759
49868 4962
49868 6443
39037 6394
39037 6409
39037 4250
39037 6585
39037 6308
39037 6367
39037 6269
35019 3598
44875 3677
50887 3639
43942 4865
49868 6487
49868 6205
39037 6319
39037 6423
39037 6377
39037 6188
39037 6409
39037 6526
39037 6398
39037 6356
50887 6109
35019 4140
39037 6384
39037 6534
39037 3946
39037 6405
39037 6383
39037 6366
49868 6521
49868 6465
49868 6357
49868 6587
35019 6370
50887 4246
39037 6356
39037 6367
39037 6386
39037 6365
39037 6524
39037 6393
39037 6209
39037 6899
39037 6836
35019 5190
39037 3914
35019 3701
39037 6426
39037 6530
39037 6526
39037 6386
39037 6230
39037 6886
39037 6309
49868 6888
49868 6708
50887 4863
35019 3701
49868 5108
50887 3731
39037 6323
39037 6579
39037 6211
39037 6349
39037 6382
39037 6234
39037 6296
39037 6383
39037 6888
35019 5302
39037 6282
39037 6426
39037 6222
39037 6306
39037 6152
39037 6313
39037 6333
39037 6385
39037 6173
39037 6486
39037 6498
39037 6937
35019 5102
39037 6417
39037 6577
39037 6397
39037 7109
39037 6416
39037 6179
39037 6566
39037 6386
39037 6368
35019 4859
39037 6441
39037 6480
39037 6273
39037 6361
39037 6540
39037 6377
39037 6384
39037 6390
39037 6861
35019 6574
39037 6280
39037 6377
39037 6376
39037 6794
39037 6391
39037 6199
39037 6378
39037 6381
39037 6500
35019 6058
39037 6478
39037 6388
39037 6463
39037 7007
39037 6404
39037 7588
39037 6296
39037 6464
39037 6806
35019 4961
39037 6745
39037 6246
39037 6441
39037 6540
39037 6273
39037 6430
39037 6386
39037 6405
39037 6214
39037 7072
39037 6448
35019 5134
39037 6391
39037 6313
39037 6666
39037 6399
39037 6404
39037 6407
39037 6371
39037 6634
35019 6341
39037 6380
39037 6403
39037 6438
39037 6783
39037 6376
39037 6432
39037 7156
39037 6406
39037 6677
35019 5027
39037 6710
39037 6393
39037 6415
39037 6584
39037 6538
39037 6386
39037 6387
39037 6534
39037 6445
35019 6283
39037 6867
39037 6383
39037 6381
39037 6435
39037 6390
39037 6423
39037 6427
39037 6393
39037 6794
35019 6571
39037 6380
39037 6864
39037 6724
39037 6434
39037 6488
39037 6384
39037 6869
39037 6822
35019 5362
39037 7943
39037 6376
39037 6507
39037 6399
39037 6375
39037 6806
39037 6734
35019 4921
39037 7115
39037 6569
39037 6373
39037 6407
39037 6394
39037 6538
39037 6435
39037 6482
39037 6437
35019 4829
39037 6502
39037 6401
39037 6555
39037 6430
39037 6402
39037 6362
39037 6427
39037 6560
35019 6358
39037 6525
39037 6402
39037 6481
39037 6564
39037 7455
39037 6476
39037 6354
39037 6944
35019 5315
39037 6603
39037 6408
39037 6376
39037 6545
39037 6407
39037 6578
39037 6519
39037 6485
17127 6889
35019 5242
17127 6503
17127 6403
17127 6398
17127 6509
17127 6357
17127 6371
17127 6493
17127 6537
20286 4886
17127 6382
19457 5201
39037 6448
39037 6488
39037 6541
39037 6405
39037 6421
39037 6398
39037 8080
20286 6332
35019 4565
39037 6392
39037 6417
39037 6801
39037 6480
39037 6689
39037 6581
39037 6584
39037 6433
35019 6108
39037 6700
39037 6421
39037 6442
39037 6386
17127 6399
17127 6415
17127 7081
35019 5190
20286 3612
19457 1883
39037 6371
39037 6474
39037 6408
39037 6391
39037 6505
39037 6382
39037 6401
6678 6214
35019 4473
39037 6415
39037 6512
39037 6486
39037 6385
39037 6454
39037 6412
39037 6377
39037 6463
35019 6335
39037 6362
39037 6380
39037 6837
39037 6572
39037 6370
39037 6548
35019 6321
39037 6491
39037 6530
39037 6510
39037 7153
65093 5187
3653 3938
65088 4700
3648 4992
39037 6398
39037 6559
39037 6484
39037 6952
40516 5005
28225 6986
35019 5345
51365 4955
56486 3670
28836 3772
13476 3788
8359 3679
25767 3606
35019 3652
28836 7152
56486 5145
51365 5341
39037 6845
39037 6416
39037 6559
39037 6483
39037 6551
39037 6395
39037 6557
35019 5217
8359 6746
13476 6832
25767 6811
39037 6548
39037 6454
39037 6675
39037 6411
39037 6384
39037 6515
39037 6504
35019 6274
39037 6565
39037 7598
39037 6854
39037 6377
39037 6505
39037 6551
39037 6424
39037 6945
35019 5223
39037 6546
39037 6377
39037 6529
39037 6554
39037 6885
39037 6532
39037 6430
39037 6607
35019 4927
39037 6474
39037 6407
39037 6484
39037 6449
39037 6771
39037 6526
39037 6836
39037 7147
35019 5403
59128 6149
40778 3710
37297 3946
43942 3762
43942 7159
42150 3822
17127 7537
17127 5132
20286 4083
21232 3639
6678 3700
28225 3589
65093 3793
40516 4604
3653 3663
3648 5075
65088 3751
65093 8777
65093 7068
65093 6386
65093 6081
28836 4936
28225 7394
28225 6475
28225 6368
28225 6246
56486 3631
40516 7384
40516 6461
40516 6419
40516 6081
51365 3656
65088 7490
65088 6704
8359 5076
65088 6575
3653 7182
3653 6458
3653 6923
65088 4191
3653 6132
13476 3629
8359 3619
3648 7386
3648 6375
3648 6333
3648 6088
25767 3789
37297 3774
17602 3944
42150 3795
28836 3808
37297 7306
37297 6482
37297 6343
37297 4125
43942 3633
56486 4931
51365 5072
8359 3711
13476 3703
25767 6194
42150 7294
56486 4266
51365 3635
8359 3693
13476 3773
25767 3616
28836 3670
28836 6210
28836 5459
28836 5061
28836 3688
28836 4147
28836 6105
43942 3651
43942 3685
43942 6129
44875 4284
65093 4776
28225 5245
56486 3645
40516 6214
51365 3602
65088 3772
8359 3628
19457 6393
19457 6381
19457 6388
19457 6495
6678 6320
19457 6757
3653 3810
13476 3608
3648 6284
25767 3613
17602 3764
28225 3684
56486 3610
28225 2438
56486 5143
56486 4213
40516 3694
51365 3621
40516 3766
51365 3712
40516 3675
51365 3624
65088 4676
3653 5137
8359 3734
13476 3597
65088 3653
65088 4047
8359 3680
8359 3679
3653 3658
3653 4706
13476 3804
13476 4923
3648 3621
3648 3819
3648 3628
25767 3593
25767 3587
25767 3785
65093 6049
28836 3771
28836 3673
17602 7525
17602 6753
17602 6429
17602 6177
65093 4492
42150 3613
65093 3633
65093 6333
65093 7208
28836 4615
65093 6375
65093 6402
65093 6406
65093 6413
65093 6673
28836 6404
65093 6408
65093 6442
65093 6426
65093 6448
65093 6379
65093 6977
28836 5060
65093 6543
65093 6405
65093 6414
65093 3734
28836 3655
65093 6348
65093 6204
65093 7181
28836 6872
65093 7405
28836 4918
65093 6365
65093 6444
65093 6977
65093 6466
65093 6511
65093 6446
65093 6670
28836 5069
65093 6379
65093 6827
28836 5224
37297 6175
37297 3699
43942 3751
42150 3748
43942 3792
42150 5877
37297 6469
37297 6421
43942 4942
42150 6152
37297 6354
37297 6434
37297 6264
37297 6550
37297 6440
43942 6326
37297 6458
37297 6393
37297 6735
37297 6445
37297 6391
37297 6384
37297 7482
43942 5857
40778 5345
65093 6355
65093 6419
28836 4791
65093 6474
65093 6804
28836 6246
65093 6389
65093 6432
28836 6143
65093 6481
65093 6406
28836 6221
65093 6518
65093 6426
28836 5373
65093 6509
65093 6853
28836 5185
65093 6416
65093 6423
28836 6031
65093 6380
65093 6395
28836 3624
17602 6336
17602 3782
42150 3602
42150 3805
65093 6817
65093 6384
65093 6405
65093 7059
28836 6906
17602 6426
17602 6411
17602 6402
42150 6216
17602 6184
42150 3633
17602 6320
42150 6150
17602 6374
17602 6450
17602 6476
17602 6599
17602 6421
17602 6504
42150 6054
17602 6414
17602 6696
17602 6406
42150 6114
17602 6825
17602 6819
17602 6401
17602 6459
17602 6958
42150 4941
17602 6831
17602 6418
17602 6384
17602 6388
17602 6472
17602 6869
17602 6387
17602 6581
42150 6602
17602 6396
17602 6353
17602 6390
65093 6423
65093 7569
65093 6482
65093 6377
65093 7152
65093 6440
42150 5108
28836 3755
65093 6536
65093 6840
65093 6865
65093 6484
28836 6065
65093 6377
65093 6407
65093 6369
65093 7000
28836 5116
65093 6417
65093 6449
28836 6252
65093 6508
65093 6811
28836 5189
65093 6486
65093 6964
65093 6515
65093 6758
28836 6339
65093 6513
65093 6405
28836 6081
6678 3813
65093 6472
65093 6812
65093 6489
28836 4999
65093 6555
65093 6731
28836 6563
65093 6421
28836 3694
65093 6401
65093 6450
28836 6062
65093 6480
65093 6453
28836 5123
65093 6618
28836 6210
65093 6411
65093 6399
65093 6441
28836 6271
17602 6503
17602 6561
42150 6432
65093 7273
28836 6724
65093 6458
65093 6455
28836 6302
65093 6386
65093 7725
28836 6445
17602 6432
17602 6512
42150 6092
17602 6388
17602 6369
42150 6152
17602 6398
17602 6419
42150 6048
17602 6530
17602 6792
42150 5046
65093 6623
65093 6403
65093 3875
28836 3600
17602 6375
17602 6365
17602 6712
42150 5052
17602 6784
42150 5059
17602 6459
17602 7170
42150 5523
65093 6418
28836 5074
65093 6378
65093 6451
65093 6789
28836 5592
65093 6399
28836 3616
17602 6536
17602 6389
17602 6602
42150 5122
17602 6482
65093 6441
65093 6418
42150 6059
28836 4075
65093 6541
65093 6369
65093 6370
65093 6536
28836 6364
17602 6437
17602 6405
65093 6800
42150 5037
65093 6407
28836 6093
65093 6388
65093 6405
65093 6936
65093 6415
28836 4859
17602 6789
17602 6710
17602 6446
17602 6373
42150 4863
65093 6516
65093 6658
28836 5041
65093 6396
65093 6384
65093 7052
28836 5408
17602 6518
17602 6426
42150 6028
17602 6423
17602 6420
42150 6248
17602 6519
17602 6397
17602 6362
17602 6538
42150 6349
17602 6367
17602 6400
42150 5410
17602 6866
17602 6549
42150 6329
17602 7141
17602 6446
17602 6379
17602 6420
42150 6222
17602 6433
17602 6387
42150 4839
37297 3630
65093 6420
65093 6472
28836 6101
65093 6371
65093 6365
28836 6124
65093 6842
28836 3873
65093 6437
40778 6530
65093 6422
28836 5168
65093 6370
65093 6892
28836 5094
65093 6466
65093 6852
28836 5567
65093 6396
65093 6493
28836 6050
17602 6473
17602 7083
17602 7356
42150 6938
65093 6402
65093 6390
28836 6098
65093 6493
65093 6389
28836 4859
17602 6779
17602 6389
42150 6134
17602 6415
17602 6551
42150 5061
17602 6414
17602 6658
42150 5022
17602 6489
17602 7000
42150 5330
65093 6438
65093 6420
28836 5351
65093 6606
65093 6879
28836 6589
65093 6522
65093 6188
17602 6432
28836 4374
42150 3734
17602 6550
17602 8873
42150 7390
65093 6613
65093 6533
28836 5424
17602 6543
17602 6383
42150 5014
17602 6418
17602 6352
17602 6541
42150 5066
65093 6669
65093 6696
28836 5074
65093 6546
65093 6652
65093 6529
65093 6826
28836 5244
17602 6982
42150 4970
17602 6555
17602 6700
17602 6093
65093 6943
42150 5031
65093 6840
65093 6502
65093 6355
65093 7027
28836 5150
65093 7766
28836 7831
65093 6712
65093 6968
28836 5195
65093 6389
65093 6520
65093 5155
28836 4992
17602 6933
42150 5369
17602 7477
17602 6546
17602 6625
17602 6412
17602 6817
42150 5130
17602 7247
42150 5283
17602 6643
17602 6525
17602 6530
42150 6112
17602 6422
17602 7073
42150 5088
17602 6597
17602 6679
42150 5199
17602 7148
42150 5220
17602 6885
17602 8173
42150 6774
17602 6614
17602 6521
17602 6954
17602 6899
42150 5280
17602 6540
17602 3841
42150 3711
17602 6362
17602 6551
17602 6491
17602 7134
42150 5014
17602 6398
17602 6625
42150 6244
17602 6404
17602 6516
42150 5035
17602 6952
17602 6905
42150 4927
17602 6566
17602 6532
17602 6519
17602 6622
17602 6556
42150 6109
17602 6395
42150 4841
17602 7653
17602 6401
42150 5093
17602 6390
17602 6437
17602 6521
42150 5358
17602 7222
17602 6275
42150 4056
17602 6645
17602 6886
42150 5564
17602 6720
42150 5119
17602 6367
17602 6996
17602 6508
17602 6377
17602 6452
42150 6145
17602 6425
17602 6669
42150 5078
17602 6426
17602 6360
17602 6728
17602 6712
42150 5076
17602 6758
42150 5078
17602 6687
17602 7708
17602 6468
42150 6243
17602 6434
17602 6382
17602 6589
42150 6377
17602 6448
17602 6215
42150 5085
21232 3758
17602 6409
17602 6536
42150 6262
17602 6412
17602 6473
17602 6562
17602 6817
42150 5926
17602 6367
17602 6538
42150 5160
17602 6499
17602 6515
42150 4444
17602 6589
17602 7001
42150 5204
17602 6493
17602 6892
17602 6398
17602 6395
17602 8003
17602 6555
42150 6114
17602 7352
17602 6392
42150 5249
17602 6688
17602 6426
17602 4872
42150 5061
17602 6903
42150 5073
17602 6380
17602 6544
17602 7216
42150 5431
17602 6458
17602 6362
17602 6503
17602 6514
42150 4959
17602 6475
17602 6506
42150 5141
17602 6881
17602 6598
17602 6530
17602 6591
42150 5321
17602 6574
17602 6551
17602 8092
42150 6573
17602 8346
17602 6569
17602 6375
17602 6458
17602 6867
42150 6583
17602 3770
42150 3780
17602 6379
17602 6510
17602 6623
42150 5028
17602 6501
17602 6702
42150 6619
17602 6488
17602 3744
42150 3597
17602 6442
17602 6591
42150 6133
17602 6393
17602 6831
17602 6381
17602 386
42150 3613
17602 6577
42150 6128
17602 7584
17602 6589
17602 7466
42150 5945
17602 6378
17602 6802
42150 4438
17602 6881
42150 5175
17602 6401
17602 6520
17602 6800
42150 5029
17602 6921
17602 6382
17602 6490
17602 6972
42150 5150
17602 6357
17602 6561
17602 6575
42150 6383
17602 6423
17602 6544
42150 5305
17602 6564
17602 6546
17602 6367
17602 6508
17602 6352
42150 4966
17602 6525
42150 5258
17602 7539
17602 6686
17602 6167
42150 3729
17602 6557
17602 6594
42150 5370
17602 6619
42150 5017
17602 6402
17602 5074
42150 4655
17602 7050
42150 5320
17602 6570
17602 6473
17602 6478
17602 6539
17602 6522
17602 6396
17602 7045
42150 5322
17602 6423
17602 6547
17602 6433
17602 6652
42150 6359
65055 3619
65055 3661
65055 3639
38418 3674
38418 4335
65055 4787
28836 5065
28836 3713
28836 4683
28836 5269
28836 3728
28836 4786
28836 5108
28836 3710
28836 5570
28836 5083
28836 3874
28836 3773
28836 6166
28836 3723
28836 6081
65093 3783
65093 6281
65093 6721
65093 6562
28836 4007
65093 6947
28836 5189
65093 6489
65093 6820
65093 6466
65093 6122
28836 3881
65093 6406
65093 6512
65093 7205
28836 7029
65093 6458
28836 6157
65093 6816
65093 3711
28836 3664
65093 6445
28836 6175
65093 6865
28836 5150
65093 6722
65093 6470
65093 6557
65093 6543
28836 6145
65093 6835
28836 5210
65093 6394
65093 6409
65093 6532
65093 6402
65093 6900
28836 5239
65093 6494
28836 6351
65093 6387
65093 6468
28836 6148
65093 6378
65093 6805
65093 6569
28836 6396
65093 6876
28836 3636
65093 6484
65093 6361
65093 6390
65093 7510
28836 6170
65093 2564
65093 30
28836 3649
65093 6502
65093 6389
65093 6659
65093 6420
28836 6222
65093 6539
28836 4039
65093 6412
65093 6500
65093 6392
65093 6746
65093 6474
65093 6399
28836 3613
65093 6766
65093 6396
28836 6228
65093 6375
65093 6595
65093 7406
65093 6547
28836 6302
65093 6377
65093 6663
65093 6812
65093 6472
28836 6055
65093 6375
65093 6783
28836 6489
65093 6839
65093 7005
28836 5107
65093 6255
65093 6438
28836 6275
65093 6518
65093 6117
28836 5035
65093 6565
65093 6662
28836 5730
65093 6461
65093 6412
65093 6389
65093 6409
65093 6399
28836 6038
65093 4809
28836 3647
65093 6470
65093 6831
65093 6222
28836 3921
65093 6393
65093 6444
28836 6190
65093 6530
65093 6878
65093 6420
65093 3942
28836 3783
65093 7165
28836 5112
65093 6388
65093 6489
28836 6333
65093 6377
65093 6424
65093 6345
28836 6026
65093 6386
28836 5067
65093 6646
65093 6399
65093 6430
28836 5382
65093 6359
65093 6413
28836 6215
65093 6634
28836 6217
65093 6860
65093 6963
65093 6426
65093 6361
65093 6415
65093 6684
28836 5100
65093 6364
65093 6399
65093 6444
65093 6092
28836 3573
65093 6426
65093 6378
65093 6397
65093 6439
28836 6289
65093 6408
65093 6385
65093 6861
28836 5127
65093 6557
28836 6219
65093 6517
65093 6389
65093 6380
65093 6434
65093 6498
65093 6520
28836 6289
65093 6348
65093 7615
28836 6214
65093 7462
65093 6543
65093 6948
28836 5077
65093 6492
28836 5423
65093 6369
65093 6414
65093 6459
65093 6645
65093 6421
65093 6527
28836 6163
65093 6717
65093 6382
65093 6488
65093 6641
65093 6537
28836 5055
65093 6634
28836 3624
65093 6510
65093 6492
65093 6425
65093 6375
65093 6439
65093 6435
28836 6072
65093 6538
65093 6370
65093 6806
65093 6755
28836 5084
65093 7162
65093 7132
65093 6508
28836 6314
65093 6408
28836 3767
65093 6398
65093 6548
65093 6500
65093 6579
65093 6403
28836 5328
65093 6919
28836 5086
65093 6537
65093 6577
65093 6440
65093 6436
65093 6418
65093 6469
65093 7003
28836 5107
65093 6445
65093 6460
28836 4992
65093 6408
65093 6346
65093 7314
28836 5273
65093 6480
65093 6418
65093 6883
65093 6385
65093 7226
28836 5472
65093 6449
65093 6461
28836 5020
65093 6385
65093 6464
65093 6731
65093 6434
28836 6193
65093 6427
65093 6376
65093 6440
28836 5178
28836 4056
65093 6387
65093 6820
65093 6375
65093 6572
65093 6413
28836 6272
65093 6569
28836 3631
65093 6467
65093 6387
28836 6247
65093 6399
65093 6431
65093 2644
28836 3633
65093 6374
65093 6424
65093 6463
65093 6545
28836 5185
65093 6351
65093 6435
65093 6389
65093 6432
65093 6662
65093 6401
28836 6167
65093 6815
65093 7197
28836 5351
65093 6381
65093 6376
65093 6397
65093 6372
65093 6411
65093 6414
65093 6366
65093 6391
28836 6054
65093 6516
65093 6354
65093 6383
65093 6413
65093 6519
65093 6427
65093 6991
65093 6933
28836 5151
65093 6386
65093 6380
65093 6977
65093 6421
65093 6349
65093 6416
65093 6382
65093 6662
28836 5038
65093 6447
65093 6561
65093 6507
65093 6478
65093 6352
65093 6395
65093 6419
65093 6385
28836 5309
65093 6452
65093 6391
65093 6358
65093 6406
65093 6370
65093 6374
65093 6430
28836 6247
65093 6422
65093 6872
65093 6849
65093 6536
65093 6404
65093 6642
65093 6689
65093 6562
28836 5320
65093 6532
65093 6353
28836 3773
65093 6661
65093 6391
65093 6531
65093 6490
65093 6523
65093 6356
65093 6368
65093 6371
65093 6614
65093 6534
65093 6451
28836 5015
65093 6457
65093 6393
28836 5359
65093 6442
65093 6443
65093 7139
65093 6786
65093 6549
28836 5086
65093 7966
65093 7758
65093 6394
65093 6371
28836 4974
65093 7784
28836 6531
65093 6378
65093 6820
65093 6958
28836 5190
65093 6482
65093 3821
28836 3628
65093 6599
28836 5406
65093 6445
65093 6405
65093 7023
65093 6914
65093 6380
65093 6459
28836 3715
65093 6518
65093 6505
65093 6469
65093 6398
65093 6819
65093 6653
65093 6961
65093 6434
28836 5354
65093 7913
65093 6527
65093 6840
65093 6503
65093 6452
65093 6428
65093 6501
65093 6399
28836 5426
65093 6507
65093 6510
65093 6400
65093 6471
65093 6412
65093 6387
65093 6489
65093 6407
65093 6944
28836 5743
65093 6490
65093 6388
65093 6491
65093 6538
65093 6669
65093 6743
65093 6498
65093 6515
28836 5308
65093 7266
65093 7894
65093 7064
65093 6486
65093 4976
65093 6541
65093 6406
65093 6384
65093 6645
28836 5068
65093 6567
65093 6457
65093 6352
65093 6609
65093 6406
65093 6381
65093 6419
65093 6418
28836 3614
65093 6368
65093 6421
65093 6542
65093 6432
65093 6562
65093 6396
65093 6477
28836 6125
65093 6531
65093 6417
65093 6407
65093 6504
65093 6458
65093 6425
65093 7115
28836 5450
65093 7792
65093 6453
65093 6577
65093 6500
65093 6924
65093 6448
65093 6549
65093 6648
65093 6871
28836 6568
65093 6537
65093 7034
65093 6468
65093 6710
65093 6388
65093 6376
65093 6826
65093 4833
65093 6509
28836 4266
65093 6916
65093 6559
65093 6524
65093 6586
65093 6740
65093 6410
65093 6571
65093 6554
28836 6273
65093 6519
65093 6993
65093 6452
65093 7776
65093 6744
65093 6481
65093 6511
65093 6995
28836 5131
65093 6678
65093 6496
65093 7461
65093 6699
65093 6380
65093 6511
65093 6364
65093 6552
28836 6120
65093 6532
65093 6682
65093 6461
65093 6377
65093 6346
65093 6402
65093 6428
65093 6534
65093 6936
28836 4902
65093 6457
65093 6663
65093 6468
65093 6594
65093 6377
65093 6567
65093 6885
65093 8262
28836 3606
65093 6433
65093 6370
65093 5227
65093 6597
65093 6691
65093 6412
65093 6368
65093 6462
65093 6568
28836 4388
65093 6560
65093 6514
65093 7018
65093 6717
65093 6469
65093 11058
65093 6567
65093 6979
28836 6478
65093 6411
65093 6539
65093 6368
65093 6508
65093 6659
65093 6500
65093 6530
65093 6362
28836 4963
65093 6393
65093 6422
65093 8094
65093 6442
65093 6691
65093 6341
65093 7541
65093 6369
65093 6868
28836 4995
65093 6925
65093 6490
65093 6371
65093 6419
65093 6397
65093 6452
65093 6493
65093 6407
28836 4386
65093 6708
65093 6864
65093 6635
65093 6558
65093 6406
65093 3699
65093 6384
65093 6513
28836 5245
65093 6903
65093 6517
65093 6391
65093 6519
65093 6524
65093 7250
65093 6395
65093 6542
28836 4035
65093 6493
65093 6497
65093 6514
65093 6842
65093 6386
65093 6646
65093 6370
65093 6965
28836 5201
65093 6391
65093 6417
65093 6534
65093 6519
65093 6403
65093 6426
65093 6410
65093 6990
28836 4988
65093 6783
65093 6548
65093 6490
65093 6363
65093 6595
65093 6469
65093 6352
65093 6402
65093 7112
28836 4970
65093 8709
65093 6398
65093 6601
65093 6353
65093 6851
65093 6486
65093 6624
28836 4954
65093 6377
65093 6399
65093 6392
65093 6382
65093 6539
65093 6546
65093 6400
65093 6437
28836 6153
65093 6469
65093 6458
65093 6494
65093 6663
65093 6538
65093 6536
65093 6884
28836 5058
65093 7067
65093 6437
65093 6506
65093 6899
65093 6387
65093 7538
65093 6607
65093 6555
28836 6394
65093 6404
65093 6475
65093 6822
65093 6525
65093 6558
65093 6500
65093 6405
65093 6370
65093 6832
28836 5073
65093 6569
65093 6356
65093 6536
65093 6414
65093 6361
65093 6466
65093 6464
65093 6579
28836 6295
65093 6393
65093 6387
65093 6389
65093 6388
65093 6830
65093 7611
65093 6421
65093 6666
28836 4965
65093 7914
65093 6385
65093 6357
65093 6489
65093 6551
65093 6554
65093 6505
65093 6375
28836 6132
65093 6513
65093 6411
65093 6436
65093 6479
65093 6539
65093 6428
65093 6502
65093 6472
28836 6422
65093 6373
65093 6595
65093 6541
65093 6768
65093 6412
65093 6460
65093 6512
65093 6708
65093 6640
28836 5304
65093 6364
65093 6418
65093 6399
65093 6376
65093 6993
65093 6496
65093 6482
65093 6845
28836 5221
65093 6563
65093 6388
65093 6409
65093 6358
65093 6464
65093 6407
65093 6411
65093 6837
28836 5175
65093 6397
65093 6537
65093 6496
65093 6396
65093 6464
65093 6403
65093 6516
65093 6486
28836 6309
65093 6524
65093 6541
65093 6928
28836 5162
51705 3747
50887 3669
50887 6101
50887 3702
50887 3705
50887 4537
50887 6031
44875 3686
44875 3908
49868 3700
49868 6539
49868 6330
49868 6328
50887 4507
49868 5123
50887 3578
49868 6333
49868 6343
50887 3939
49868 6340
49868 6769
50887 4271
49868 6380
49868 6207
50887 5026
49868 6235
49868 6343
50887 3778
49868 6352
50887 5397
49868 6404
49868 6715
50887 4885
49868 6186
49868 6579
50887 5045
59128 4339
59128 3620
60745 3628
15129 3973
59128 6300
44875 3633
54179 3794
21832 3633
39240 3741
43337 3644
52914 4933
54179 4983
54179 5674
52914 3656
52914 8834
52914 6520
52914 6414
52914 4815
54179 3717
54179 4988
54179 3688
54179 6811
52914 3892
52914 3686
54179 4600
54179 4999
52914 6286
52914 6476
52914 4658
54179 5219
44875 3645
44875 3759
28836 4495
26920 6199
35019 5015
59128 3604
59128 4420
65093 5033
45037 5136
52914 4128
39037 6363
39037 6341
39037 6481
35019 5059
39037 6391
39037 6231
39037 6362
39037 6368
39037 6124
35019 5025
39037 6555
39037 6831
35019 5217
39037 6414
39037 6370
39037 6459
39037 4609
35019 3638
39037 6403
39037 6423
39037 6371
35019 4862
39037 6408
39037 4965
35019 4515
39037 6382
35019 3736
39037 6381
39037 6771
35019 5145
37116 3625
37116 6312
44875 3748
44875 4194
50887 3715
50887 6189
50887 4157
50887 3758
50887 4713
50887 5004
50887 3795
35019 4691
58063 5049
28836 3744
59128 3708
59128 3656
59128 6619
44875 4173
35930 3956
49868 6344
49868 6704
50887 4596
49868 6462
49868 6797
50887 5080
49868 6342
49868 6482
50887 4569
49868 6323
49868 3840
50887 3633
6603 3753
49868 6309
49868 6162
50887 3758
39037 6416
39037 6303
35019 3629
6603 6312
6603 6342
6603 6284
49868 6321
58063 6567
6603 6379
6603 6198
58063 3684
6603 6431
6603 6549
6603 4776
6603 6995
58063 5368
6603 6422
6603 6371
6603 6346
58063 4917
6603 6410
6603 6421
6603 6478
6603 7262
58063 5761
6603 6403
6603 6756
58063 4691
6603 6546
6603 6814
58063 5155
6603 6153
6603 6409
6603 6442
6603 6469
49868 6211
49868 6449
49868 6319
49868 6394
49868 6207
49868 6957
58063 5172
50887 3644
49868 6467
49868 6386
49868 6268
49868 6742
49868 6400
49868 6441
49868 6370
6603 6365
6603 7738
58063 6207
50887 3642
6603 3708
6603 7197
6603 6846
6603 6470
49868 6384
49868 6426
49868 6391
49868 6524
58063 6319
50887 3795
6603 6723
49868 8589
49868 11742
49868 6505
49868 6899
6603 6416
6603 6969
58063 5086
50887 3631
6603 6411
6603 7073
58063 5414
26920 3761
6603 6165
58063 3604
49868 6812
49868 6646
49868 6418
49868 7097
50887 5512
49868 6402
49868 6441
49868 6607
49868 8320
50887 6836
49868 6390
49868 6518
50887 5102
63794 4009
35930 3588
35930 7415
44223 3835
59128 3805
63794 4602
63794 8238
63794 6405
63794 6345
35930 5158
35930 3811
35930 3694
35930 6202
52414 3836
23743 3653
40125 3819
44875 3673
26358 4891
63794 5165
63794 4257
35930 3848
35930 4837
63794 5162
63794 3654
35930 4714
25158 5129
51590 3729
25158 2427
45037 3610
63794 3681
52195 3980
37705 3829
56648 3657
8521 3630
43160 1686
26296 3672
26296 3678
43160 3827
26296 6391
27837 3819
64700 3834
43160 3926
4017 3729
28480 771
28480 362
46838 4813
29289 5763
48594 3752
4358 3597
56420 3738
56420 928
30369 3663
30369 3659
56420 4635
50478 3709
50478 6129
40042 3800
13611 3657
13611 3716
34921 3661
42282 3774
42282 3706
29800 4719
9048 5103
9048 3738
60274 3712
9048 3644
60274 3621
60274 3753
9048 3753
55388 3735
43184 3834
43184 4611
47079 3816
49125 5104
63903 3615
48564 3875
61573 3785
61573 3628
61573 3822
33031 569
61573 4867
35938 5434
35938 3852
35938 3594
60066 3755
60066 5009
35938 3583
2574 3597
62583 3781
60987 5093
23391 4677
24669 5071
57316 3683
50097 3609
8810 3863
41682 4030
26777 3678
13306 3843
54407 3874
34870 3618
23277 5994
8781 3745
33595 3607
8633 3738
10457 3912
44875 3875
44875 4966
46838 4949
11858 3646
29800 3747
29800 3793
47079 1015
34921 3696
34921 3718
40042 3782
40042 3746
33595 1194
35690 4998
59128 3597
59128 3942
28480 3617
57121 3703
11858 3604
42282 3614
29800 3651
50478 3598
40042 4634
13611 4925
34921 3778
49404 3738
49404 3835
35690 3727
59128 3812
44875 3739
17325 4976
1965 5458
37561 3902
17325 3697
17325 6964
25273 3643
1965 3729
1965 6648
43184 5371
47079 3587
37561 3807
25273 3840
37561 7301
37561 8523
37561 6410
17325 5221
25273 7268
25273 6875
1965 5385
25273 6363
17325 3900
1965 4759
1965 4938
17325 3692
17325 4794
37561 5089
37561 3685
17325 3918
17325 3718
25273 3439
1965 3625
1965 3589
37561 3649
37561 4863
17325 5195
53855 4053
57041 3806
37561 3570
44875 4091
44875 4853
59128 5039
59128 3878
44875 3600
58096 3831
51550 5288
25979 3676
58096 4586
58096 6104
2929 4794
54331 3638
25979 4952
25979 7097
25979 6547
25979 6395
58096 6187
58096 5176
51966 3828
58096 4244
58096 6312
25979 3777
25979 4861
58096 3773
58096 4968
10191 3639
25979 6519
25979 4846
58096 4872
25979 3820
33583 3824
33750 3591
5413 3941
44875 3636
44875 5480
59128 5013
59128 3722
59128 3771
44875 4700
23359 3787
17110 4920
23359 3839
23359 7307
17110 4235
17110 7330
17110 6537
17110 6716
23359 6420
23359 5097
23359 3836
23359 6130
52641 3612
17110 3776
17110 3676
23359 4662
23359 5071
21278 3808
47520 3604
12704 3727
17110 3632
25372 3758
17110 6443
17110 6466
17110 6426
23359 6284
17110 6376
17110 6907
23359 5234
17110 6412
17110 6411
17110 7177
17110 6403
17110 6434
23359 6032
49951 3852
17110 6377
17110 6383
17110 6461
17110 4081
23359 3769
30112 3699
13087 3856
44875 4802
44875 5094
59128 4110
59128 3777
44875 3589
29632 4845
14272 5338
52161 3715
57282 3882
9155 3781
26563 3698
44875 3932
44875 6056
44875 3788
44875 3749
53137 4888
53137 5481
59128 3667
59128 3701
44875 4262
7641 90
7641 3659
62118 3884
14272 4836
678 3954
29632 5102
25255 4552
52161 3617
14272 7034
29632 6530
37538 3673
57282 3731
52161 7285
57282 6679
675 3659
9155 3794
62115 3807
26563 3610
9155 7126
26563 6508
59128 4238
45439 4707
50558 3893
14719 5138
32127 3711
33150 3694
59128 3777
44875 3710
55715 5544
7641 5194
53137 4286
7641 1258
53137 3574
7641 4660
7641 4999
53137 3562
53137 3657
44875 3651
44875 3719
62118 4602
62118 7884
62118 6390
62118 6405
14272 4876
678 4846
25255 3605
678 7340
678 6433
7500 4161
29632 3600
55715 3667
37538 3739
678 6471
25255 7361
25255 6835
52161 6461
25255 6393
37538 7389
37538 6655
57282 6498
37538 6423
55715 6849
62118 6279
62115 3759
14272 4770
675 4756
675 7439
675 6472
675 6704
9155 5869
62115 7423
62115 6956
26563 5106
62115 6433
37538 6816
57282 5017
25255 6205
52161 4935
675 6248
9155 3608
678 6335
29632 3681
62115 6219
26563 5314
63141 3789
50558 3657
50558 6701
50855 3974
45439 3744
1701 3765
33150 3582
38564 4796
32127 4987
26276 4723
14719 3615
33150 6980
45439 6369
14719 6412
32127 5028
59128 4950
59128 3745
59128 3773
44875 3777
14272 4734
7641 4963
57282 3802
52161 3722
9155 3755
26563 6175
29632 3960
57282 3809
5036 3822
52161 3855
9155 3606
26563 4619
29632 5070
14272 3748
14272 4881
14272 5073
14272 3755
14272 3717
14272 6001
14272 3841
7500 3662
7500 7437
7500 8057
7500 6520
55715 6294
55715 3868
55715 3779
55715 6172
63141 5103
63141 7350
63141 6715
50558 6519
63141 6446
1701 5288
1701 7291
1701 6441
33150 6140
1701 6388
50855 4890
38564 3699
26276 3640
50855 7174
50855 6364
63141 6713
45439 3624
50558 3655
50855 6360
38564 7268
38564 6409
38564 6901
32127 5199
26276 7235
26276 6442
14719 5127
26276 7157
1701 6288
33150 4795
27567 3802
5036 3589
38564 6287
32127 3605
50855 6195
45439 3751
5036 6808
26276 6205
14719 5254
62118 4701
62118 5116
62118 3687
14272 3667
14272 3636
37538 3616
37538 6245
37538 3675
57282 3626
57282 3791
25255 3673
25255 6082
52161 3824
25255 3755
52161 3582
62115 3689
62115 4278
26563 4611
62115 4972
26563 3660
675 4147
675 3847
9155 3598
675 4613
9155 3714
50558 5052
678 3593
678 3684
678 4718
29632 1260
37538 3769
57282 4053
33150 4162
62115 3627
62118 3842
26563 4777
62118 4964
675 3584
25255 3621
52161 3624
9155 3684
678 3624
29632 3635
62118 3596
32127 4814
62118 1266
14272 3760
45439 3732
62118 6837
14272 5208
62118 6912
14272 6526
62118 3768
14272 4707
62118 1343
14272 3572
62118 6481
14272 6251
62118 6402
14272 3739
14719 3744
33150 3639
32127 3726
45439 3635
14719 3598
50558 4846
62118 6786
62118 6409
14272 6173
50558 6296
50558 3700
50558 3672
50558 5140
50558 5220
62118 6438
14272 6203
62118 6555
14272 4886
7500 6134
7500 4108
55715 3695
55715 4084
62118 6936
14272 5084
62118 6430
14272 5388
7500 6160
62118 6393
62118 6625
14272 5877
62118 6411
62118 6364
14272 6084
62118 6725
62118 6881
14272 6566
62118 6391
14272 3762
27567 3600
27567 7044
5036 3733
62118 6687
14272 5055
62118 7029
14272 5098
62118 6397
62118 6464
14272 5088
63141 912
50558 1934
1701 4090
1701 4859
33150 5003
1701 3627
33150 3686
38564 3672
38564 3726
32127 3634
38564 5993
62118 6525
32127 6241
14272 3651
62118 6468
14272 6166
62118 6619
50855 4928
50855 3752
50855 4661
45439 4948
45439 4057
62118 6456
62118 6426
14272 6034
26276 3570
1701 4597
26276 5251
33150 3652
14719 3659
63141 3683
26276 3727
14719 3649
38564 5183
32127 4919
63141 3596
62118 6350
62118 6787
14272 5429
50855 4839
45439 4782
26276 4960
14719 3605
62118 6910
14272 4957
63141 6398
50558 6569
63141 6427
63141 6494
63141 6971
50558 4919
63141 6442
63141 6428
63141 6607
50558 6128
63141 6372
50558 6230
62118 6369
62118 6406
14272 6167
62118 6861
62118 6409
14272 5359
63141 6406
63141 6664
50558 4981
62118 7004
62118 6665
14272 6311
62118 6525
62118 6473
14272 6053
63141 6399
63141 6443
50558 6051
62118 6394
62118 6386
14272 4861
63141 6637
63141 6497
50558 5358
62118 6525
62118 6400
14272 6213
27567 6208
62118 6444
62118 6421
14272 6148
63141 6460
63141 6452
50558 6147
62118 6373
62118 6832
14272 5185
62118 6476
62118 6773
14272 5096
63141 6890
50558 6497
63141 7417
50558 6584
62118 6416
62118 6956
14272 5054
62118 6554
62118 6457
14272 6270
63141 6393
63141 6906
50558 5196
62118 6559
62118 6788
14272 4937
62118 6420
62118 6545
14272 6065
63141 6373
63141 6585
50558 5131
62118 6810
62118 6944
14272 4925
62118 6414
62118 6768
14272 6297
55715 4208
62118 6865
62118 6527
14272 6372
62118 6428
62118 7034
14272 5450
7500 3606
63141 6518
63141 6734
50558 6424
63141 6399
63141 6416
50558 6191
62118 6383
62118 7034
14272 6874
62118 6453
62118 6391
14272 4924
62118 6652
62118 6392
62118 7026
14272 5395
62118 6382
62118 6893
14272 4913
62118 6977
14272 5217
63141 6464
63141 6404
50558 6186
63141 7139
63141 6551
50558 5354
62118 6394
62118 6424
62118 7570
14272 5928
63141 6479
50558 3599
63141 6493
62118 6642
14272 5016
62118 6704
62118 6432
14272 6152
63141 6399
63141 6387
50558 6254
48247 3601
63141 6798
50558 5079
63141 6421
62118 6383
62118 6842
14272 6543
62118 6458
63141 6386
63141 6963
50558 5042
62118 6709
14272 5047
62118 6392
62118 6387
14272 3613
63141 6377
63141 6995
50558 4991
63141 7002
63141 6933
50558 5033
62118 6424
62118 6530
62118 6398
14272 6258
63141 6380
50558 4970
63141 6385
62118 7440
14272 6165
62118 6451
62118 6448
62118 6359
14272 4850
63141 6405
63141 6408
50558 6235
62118 6385
62118 6695
63141 6500
63141 6568
14272 5393
50558 3705
62118 6787
14272 5171
63141 6402
63141 6962
50558 4952
62118 6722
62118 6428
14272 6013
62118 6791
62118 6538
14272 6166
63141 6599
63141 6415
50558 6241
63141 7732
50558 5531
63141 7113
62118 6408
63141 6829
50558 5204
62118 6421
63141 6536
62118 6906
14272 4932
62118 6466
14272 3622
63141 6438
63141 6443
50558 6244
63141 6425
50558 5082
63141 6579
63141 6551
50558 6327
63141 6467
63141 6499
50558 6360
63141 6978
50558 6688
32507 3778
5036 4656
62118 6384
62118 6370
62118 7017
14272 5288
63141 6432
63141 6476
50558 6157
63141 6389
63141 7005
50558 5263
62118 6381
62118 6534
62118 6867
14272 5216
62118 6393
62118 6396
14272 6253
62118 6391
62118 6480
62118 6980
14272 5208
62118 6541
62118 6384
62118 6354
62118 3820
14272 3631
63141 6428
63141 6656
50558 6469
63141 6846
63141 6561
50558 5590
62118 6425
62118 6843
14272 5213
62118 6460
62118 6704
63141 6416
14272 6265
50558 4062
63141 6488
63141 6587
50558 6398
63141 6500
62118 6660
14272 5048
62118 6359
62118 6404
62118 6645
14272 5020
63141 6408
50558 3573
63141 6443
63141 6934
50558 5100
62118 6379
14272 4997
62118 6524
62118 6385
62118 6428
14272 6224
63141 6951
63141 6393
50558 6166
63141 6369
63141 6289
50558 6103
62118 6991
14272 5206
62118 6388
62118 6422
62118 6632
14272 4948
62118 6460
62118 6369
62118 6372
62118 6833
14272 4937
62118 6712
14272 5049
62118 6427
62118 3724
14272 3654
62118 6841
62118 6746
14272 5033
62118 6407
62118 6360
14272 6208
62118 9521
62118 6408
14272 4784
62118 6961
62118 6456
14272 6256
62118 6369
62118 6616
62118 6362
62118 6452
14272 5139
62118 6613
62118 6451
62118 6394
14272 6125
62118 6427
14272 6242
62118 6409
62118 6449
62118 6837
14272 5204
62118 6438
62118 6371
62118 6453
62118 6233
14272 3594
62118 6464
62118 6724
62118 6514
62118 6432
14272 3880
62118 6475
62118 6670
14272 6499
62118 6811
62118 6942
14272 6686
62118 6400
62118 6348
14272 6214
62118 6401
62118 6651
14272 6340
62118 6352
14272 6055
62118 6410
62118 6392
62118 6681
14272 6426
62118 6358
62118 6460
62118 6911
14272 6287
62118 6372
62118 6345
62118 4746
14272 4953
62118 6419
62118 6354
62118 6947
14272 5532
62118 7545
14272 5226
62118 6374
62118 6486
62118 6432
14272 6142
62118 7025
14272 6589
62118 6394
62118 6671
62118 6914
14272 5164
62118 6435
14272 5345
62118 6811
62118 6721
14272 5055
62118 6369
62118 6385
14272 5259
62118 6393
62118 6398
62118 6413
62118 6511
14272 6370
62118 6380
62118 6834
62118 5162
14272 3722
62118 6643
14272 4950
62118 6385
62118 6386
62118 6494
14272 6329
62118 6914
14272 5201
62118 7015
62118 6833
14272 6642
62118 6542
62118 6487
14272 6169
62118 6383
62118 6362
62118 6417
14272 6248
62118 6787
14272 4942
62118 6391
62118 6405
62118 6395
14272 6189
62118 6643
14272 4746
62118 6510
62118 6387
62118 6549
14272 6404
62118 6426
62118 6710
14272 6405
62118 6623
14272 4931
62118 6415
62118 6390
14272 6112
62118 6398
62118 6458
14272 6177
62118 7186
62118 6418
62118 6425
14272 5274
62118 6533
14272 5276
62118 7272
62118 6687
62118 6367
14272 6146
62118 6450
14272 4038
62118 6403
62118 6448
62118 6401
14272 6189
62118 6419
62118 6367
62118 6398
14272 4877
62118 6387
62118 12843
14272 11354
62118 6457
62118 6570
62118 6616
14272 6397
62118 6742
62118 6851
14272 6606
62118 6461
62118 7007
14272 5498
60633 3651
60633 3687
60633 3775
58149 168
60633 4620
55502 4935
31825 3776
2449 3951
7102 3867
50558 3673
14272 3837
1998 4810
23359 6304
63141 6541
63141 6465
50558 6285
63141 6415
63141 6461
50558 6266
63141 6277
63141 6365
50558 6195
63141 6735
63141 6426
63141 6745
50558 5048
63141 7040
50558 5132
63141 6440
63141 7475
63141 6656
50558 5020
63141 6884
50558 6470
63141 6594
63141 6409
63141 6432
50558 4017
63141 6465
63141 6423
50558 5453
63141 6666
63141 6977
50558 5117
63141 7001
50558 5036
63141 6651
63141 6392
63141 6401
50558 6228
63141 6532
63141 6923
63141 6477
63141 6391
50558 6156
63141 6405
50558 3582
63141 6384
63141 6222
50558 3858
17110 6489
62118 3035
14272 3615
12976 3808
1998 3730
1998 7292
44875 3661
44875 6487
59128 3639
12976 3739
59128 3655
12976 8997
12976 6418
12976 6491
1998 6238
12976 6290
1998 3760
1998 5133
1998 5276
1998 3911
23359 3670
59128 6092
44875 3643
1187 4017
12976 3735
12976 3752
12976 4673
1998 5147
1998 4132
12976 6711
12976 7966
1998 5845
12976 7300
12976 6562
12976 6446
1998 4983
12976 6653
12976 6411
12976 6557
1998 5643
49820 5241
1187 4096
1187 7155
12976 6383
12976 6757
1998 5172
12976 6860
12976 6430
1998 6201
12976 6407
12976 6616
1998 4946
12976 6379
12976 6400
1998 6256
12976 6745
1998 5066
12976 6471
1998 6319
12976 6547
1998 3642
12976 6391
1998 6162
12976 6957
1998 5382
12976 7142
1998 4421
12976 6549
1998 5406
49820 3616
49820 7435
49820 6392
49820 6453
1187 6268
1187 3874
1187 6130
1187 3973
12976 6390
12976 6463
1998 6193
12976 6397
12976 6652
1998 5457
12976 6916
1998 5174
12976 6495
12976 6520
1998 5188
12976 6349
12976 6668
1998 6437
12976 7179
12976 6987
1998 5089
12976 6397
12976 6999
1998 5012
12976 7548
12976 6492
1998 4980
12976 6588
12976 6618
1998 4740
12976 6590
12976 6886
1998 5616
12976 6419
12976 6583
1998 6261
12976 6410
12976 6926
1998 5224
12976 6384
12976 6850
1998 6461
12976 6508
12976 6711
1998 5867
12976 6416
12976 6381
1998 3684
49820 3611
49820 3795
49820 5131
1187 4922
1187 4069
49820 3736
1187 3617
49820 3722
60532 4295
32510 4917
14272 6086
44875 2461
23359 3790
23359 3833
23359 6135
59128 3645
59128 3659
17110 10417
17110 6342
17110 6353
23359 5323
62118 6599
62118 6395
62118 2265
14272 1209
59128 3719
44875 4629
17110 6888
35377 4216
23359 6129
23359 6272
19263 3692
19263 4804
23359 5130
23359 6365
23359 4763
23359 5063
34707 4580
35377 3640
35377 7163
17110 3651
17110 4106
51468 3616
51468 4140
51468 3675
17110 6813
23359 6604
17110 4480
17110 100
17110 6892
23359 5060
17110 6374
17110 6841
17110 6220
23359 4871
17110 6275
23359 4693
34707 3625
34707 7341
34707 6480
34707 6843
35377 6658
26920 6381
35377 3756
35377 3678
35377 6316
51468 6141
19263 3711
51468 6866
51468 6397
19263 5186
51468 6468
51468 7016
19263 4929
51468 6531
51468 6426
19263 6142
51468 6417
51468 3687
19263 3608
34707 4914
34707 4955
35377 3626
35377 3633
37116 6174
34707 6144
51468 6412
51468 6923
19263 6482
51468 6439
51468 6317
19263 4930
51468 4162
51468 3649
19263 3563
19263 3661
35377 6202
19263 6623
51468 4982
34707 3693
26920 4300
34707 3828
51468 5046
35377 4838
51468 4100
51468 6653
19263 6268
51468 6391
51468 6365
51468 6493
19263 6314
51468 6536
19263 6133
51468 6377
19263 6181
51468 6381
51468 6496
51468 3807
19263 3663
51468 6147
19263 3749
19263 3682
51468 3751
35377 6109
34707 4258
35377 3682
23359 6097
17110 6341
23359 6149
23359 4151
23359 6486
23359 7105
23359 6452
23359 6426
17110 1623
17110 4602
17110 4946
17110 3646
17110 6820
23359 5761
62635 4046
37925 3852
43587 3628
1196 3771
54421 3585
48782 3607
60995 3593
33781 3562
52364 6401
62636 3760
59467 3622
27838 3657
56898 3737
39490 3615
13486 3779
50350 4283
17687 3579
37542 4786
55380 3732
8315 4971
12445 4555
44180 3825
59816 4438
14896 3677
22082 3736
4674 3682
19379 3628
19379 4552
27198 3967
27198 4962
19379 3644
38061 3898
25773 3909
43706 3654
17079 3589
51895 3689
14006 6047
51796 1976
3793 3587
51796 3742
3793 1954
29721 3819
51796 3648
46090 3766
5129 3673
9227 4778
12849 3657
61707 5010
59663 3592
44875 3685
44875 3706
56036 3827
59128 4480
59128 5945
44875 3588
17729 3622
50980 3783
6813 3593
43434 3641
40206 3643
53372 3600
60134 3646
46702 4939
11389 4996
9839 3655
44875 3649
59128 3754
53349 3605
4859 3696
39984 3630
43748 3704
12367 3608
16427 4793
40120 1011
51531 3618
56198 3784
39008 3935
28697 4188
40829 3815
17412 3602
17412 3714
46228 4730
46228 3690
17412 5319
6734 3690
6734 1976
1531 3584
1531 3599
6734 3809
7049 3715
12370 4749
782 5014
51791 4163
44875 3674
44875 3735
5036 3748
42901 3623
51531 3588
51531 4597
