flow_ID proc_time
27551 4921
47310 4261
27551 6295
47310 4517
47310 6895
27551 4486
27551 3995
47310 6451
47310 5168
27551 5485
27551 4236
47310 3850
47310 4186
27551 333
47310 4126
27551 7397
54174 4185
55503 4916
54174 5298
54174 4487
55503 4106
55503 5262
54174 4188
54174 3936
55503 4514
55503 6417
54174 4048
54174 4135
55503 3914
55503 4473
54174 4170
55503 3972
54174 3870
55503 3912
54174 3948
15260 4959
47307 5734
15260 4201
15260 4341
47307 3854
47307 5264
15260 3986
47307 3973
47307 5304
15260 4584
47307 6902
47307 4002
15260 3801
15260 7621
47307 3845
15260 3753
33693 3773
55498 3804
33693 3775
33693 5495
55498 1265
33693 4905
33693 3886
55498 3929
55498 4294
33693 3961
33693 5442
55498 4568
55498 5672
33693 998
55498 3954
33693 3844
2973 3907
30921 3988
2973 4007
2973 5534
30921 4046
30921 6399
2973 4592
2973 4176
30921 742
2973 3919
2973 435
30921 3952
30921 4155
30921 4057
2973 3997
30921 4100
2973 3879
2973 3867
45980 6193
6344 3853
45980 3917
45980 4356
6344 4031
6344 5422
45980 4074
45980 5082
6344 5783
6344 4048
45980 4001
45980 4227
6344 4634
6344 4180
45980 4478
45980 3905
6344 4912
45980 5180
39834 4525
47297 6106
39834 4963
39834 4283
47297 3896
47297 5559
39834 4230
39834 5014
47297 5949
47297 4039
39834 3906
39834 4231
39834 4181
47297 3968
47297 3298
39834 4995
9115 3927
55488 3917
9115 296
55488 4372
47297 3966
39834 3815
55488 7564
9115 3897
9115 3938
55488 4058
55488 4148
9115 4011
9115 4010
55488 3883
55488 8032
9115 613
55488 4385
9115 3996
43931 3824
30915 3911
43931 4118
43931 4238
30915 4725
30915 7314
43931 4138
43931 4606
30915 4130
30915 4036
43931 3955
43931 4188
43931 5196
30915 1503
30915 4004
43931 4096
43931 3982
5018 3862
6338 3936
5018 4193
5018 4354
6338 6974
30915 4146
43931 5216
6338 4740
5018 3894
5018 7533
6338 10665
5018 6217
5018 5528
6338 3906
6338 3971
5018 3893
5018 3866
64408 4199
30918 3974
64408 4570
64408 5356
30918 5261
6338 3869
5018 3885
30918 5258
64408 311
30918 4214
30918 4190
64408 5673
64408 4620
30918 6292
64408 238
30918 3855
64408 3747
17305 3995
6343 4928
17305 3896
17305 8042
6343 4595
6343 5132
17305 3807
17305 3883
6343 3789
6343 3941
17305 4723
17305 5286
6343 4183
6343 4147
17305 4038
17305 3942
6343 4036
47300 4089
52121 3838
47300 7958
52121 3859
47300 5514
52121 3934
29592 4035
55493 4145
29592 9509
55493 5790
55493 6272
29592 3902
29592 5312
55493 3999
55493 4147
29592 4009
29592 4275
55493 4692
55493 7099
29592 5360
55493 4228
29592 3928
55493 4382
29592 3867
55493 6587
29592 4271
55493 4298
29592 4281
55493 6936
29592 4087
55493 4618
29592 3914
55493 5296
29592 7696
55493 8085
29592 4356
55493 4455
29592 4120
29592 4949
55493 5241
29592 4004
39829 4049
47317 4062
39829 4013
55508 4046
9108 3925
43924 5259
30935 5561
43924 4061
43924 4793
30935 4028
30935 5293
43924 3977
43924 3964
30935 3946
30935 6597
43924 5033
43924 4135
30935 4596
30935 3899
43924 3881
30935 4136
43924 6596
30935 4029
43924 4932
5013 2017
6358 12920
6358 4928
6358 7566
5013 4381
5013 3976
6358 4194
6358 4069
5013 4956
5013 5382
6358 78
5013 3952
6358 3988
5013 3861
6358 3906
5013 3918
64407 5022
30930 5225
64407 4051
64407 4363
30930 3946
30930 5316
64407 3884
64407 3958
30930 5611
30930 5376
64407 2451
64407 3951
30930 538
30930 3853
64407 4430
64407 4819
17302 3778
6355 5422
17302 4187
17302 4429
6355 4227
30930 4048
64407 3812
6355 6138
17302 4082
17302 5386
6355 3907
6355 3943
17302 4312
17302 4165
6355 3913
6355 4014
17302 4763
17302 5058
6355 5209
17302 3753
52118 3794
47312 4097
52118 3839
52118 4465
47312 6124
47312 10785
52118 636
47312 3807
47312 4085
52118 4153
52118 4070
52118 4158
47312 4077
47312 3911
47312 5910
52118 1249
29591 3960
55505 4029
29591 4106
29591 4304
55505 3986
47312 3963
52118 4817
55505 6477
29591 4003
29591 4028
55505 3899
55505 4059
29591 3903
29591 4011
55505 5053
55505 5455
29591 3917
29591 4145
55505 6830
29591 4060
23441 3926
30936 4106
23441 3885
23441 4555
30936 4843
30936 6627
23441 844
30936 4295
30936 4078
23441 4115
23441 4563
30936 5520
23441 5358
30936 4499
30936 4143
23441 3924
23441 4015
58256 3874
6361 3878
58256 4129
58256 5727
6361 3901
30936 5258
23441 3884
6361 5079
58256 3937
58256 3965
6361 3936
6361 4027
58256 197
6361 6459
6361 4134
58256 3868
58256 3997
6361 4074
58256 4601
27536 3911
47322 4908
27536 5333
27536 4399
47322 3995
47322 5845
27536 4016
27536 4008
47322 5057
47322 5382
27536 3942
27536 454
47322 4041
47322 4648
47322 3970
27536 3974
47322 4016
27536 5818
47322 5365
27536 4474
54161 3867
55515 3920
54161 3862
54161 6798
55515 4075
55515 6232
54161 3995
54161 5341
55515 3922
55515 4429
54161 3904
54161 4007
55515 4131
15251 5875
47327 3989
15251 4634
15251 4453
47327 3935
55515 3864
54161 3851
47327 6279
15251 4053
15251 5503
47327 2073
15251 4883
15251 4069
47327 3930
47327 36
15251 3971
15251 7293
33682 3904
55518 3933
33682 5045
33682 5570
55518 5250
47327 3961
15251 3796
55518 5254
33682 4632
33682 4132
55518 4229
55518 4530
33682 4898
33682 5514
55518 4140
55518 4106
33682 4094
33682 3889
55518 4124
33682 3845
2962 4106
30941 4472
2962 4827
2962 5732
30941 4466
30941 5463
2962 3894
2962 4012
30941 4554
30941 4132
2962 4971
30941 3991
2962 182
45971 3844
6364 4896
45971 290
6364 3910
30941 4076
2962 3847
6364 5087
45971 4138
45971 4127
6364 5532
6364 5392
45971 4334
45971 4052
6364 3932
6364 4193
45971 94
39703 4236
47405 3867
39703 5790
39703 5697
47405 5179
6364 8429
45971 4961
47405 7977
39703 5642
39703 5415
47405 4539
47405 5485
39703 4468
39703 4118
47405 4015
47405 3970
39703 4449
39703 4578
47405 4117
39703 4902
8982 5579
55596 4028
8982 4165
8982 4594
55596 4163
55596 5537
8982 3900
8982 4115
55596 4935
55596 5575
8982 3899
8982 3975
55596 4728
55596 4206
8982 3938
8982 4057
55596 5001
8982 5181
43798 3944
31023 6149
43798 3911
43798 4316
31023 3912
31023 5830
43798 4251
43798 4987
31023 3916
31023 5437
43798 5108
43798 4300
43798 3976
31023 36
31023 3918
43798 114
4887 5547
6446 4006
4887 4600
4887 4182
6446 3862
31023 3903
43798 3813
6446 6253
4887 1149
6446 4429
6446 3967
4887 4301
4887 4040
47400 4103
47400 4181
51988 4246
51988 5777
51988 5235
47400 3816
47400 3739
47400 3866
51988 3904
51988 3779
29461 3958
55593 3802
29461 3001
55593 5454
47400 3760
51988 3762
55593 5405
29461 13144
55593 1597
29461 5697
29461 4045
55593 3951
55593 4209
29461 96
23315 3903
31008 4117
23315 3794
23315 6784
31008 3859
55593 3886
29461 4232
31008 5328
23315 4684
23315 4027
31008 5289
31008 4093
23315 5057
23315 3936
23315 4138
31008 239
31008 4526
23315 4024
23315 5050
31008 4142
23315 5314
58130 3999
6433 4037
58130 4840
58130 4373
6433 4287
6433 5187
58130 4943
58130 5318
6433 3873
6433 4061
58130 4097
58130 4099
6433 4145
6433 4940
58130 717
27410 3918
47394 5389
27410 3925
27410 4923
47394 4018
6433 3860
58130 3892
47394 6186
27410 4114
27410 5327
47394 11
27410 3914
27410 4046
47394 3919
47394 4127
27410 4005
27410 3865
54035 5019
55587 5679
54035 4466
54035 4790
55587 11601
47394 10618
27410 7300
55587 5182
54035 5581
54035 5585
55587 3996
55587 4463
54035 3976
54035 4231
55587 3875
55587 3993
54035 3969
54035 3942
55587 5027
54035 4371
15121 5352
47399 3892
15121 4653
15121 4404
47399 6437
47399 6813
15121 5764
15121 4211
47399 4036
47399 3970
15121 4071
15121 5183
47399 5265
47399 4511
15121 3933
15121 4096
47399 3886
15121 3690
33552 5002
55590 5946
33552 4771
33552 4351
55590 3970
55590 5552
33552 3937
33552 5224
55590 5121
55590 4058
33552 4045
33552 4008
33552 4122
55590 3830
55590 3975
55590 4846
33552 4639
55590 5626
33552 7113
55590 4055
33552 3940
2832 3856
31013 4403
2832 3905
2832 4246
31013 5047
31013 1555
2832 11556
2832 4006
2832 3969
31013 662
2832 4342
2832 3782
31013 3837
2832 3888
45841 4051
6436 3821
45841 4744
45841 4152
6436 5088
6436 6565
45841 3901
45841 3969
6436 3878
6436 4114
45841 3936
45841 1490
6436 4040
6436 853
45841 3857
6436 4346
45841 4481
6436 4068
45841 3920
23324 3862
31028 5628
23324 6135
23324 4352
31028 4868
31028 4829
23324 3947
23324 4109
31028 4190
31028 4022
23324 46
31028 3980
31028 4085
23324 2877
31028 7824
31028 5263
23324 4114
58141 4271
6453 3889
58141 4033
58141 8248
6453 4185
6453 6354
58141 3958
58141 4011
6453 3986
6453 4051
58141 3949
58141 4221
58141 6641
6453 220
58141 5453
58141 3935
6453 3929
58141 4032
27421 3936
47414 4114
27421 4878
27421 5697
47414 4567
47414 5806
27421 3932
27421 4194
47414 3843
47414 4032
27421 5090
27421 5644
47414 4207
47414 4240
27421 2900
47414 4052
27421 3995
54044 6231
55607 4700
55607 4895
54044 4779
54044 4100
55607 3841
55607 4507
54044 4938
54044 5376
54044 4076
55607 11
55607 4470
54044 3987
55607 4083
54044 3976
55607 3937
54044 5034
15134 5613
47411 3806
15134 4109
15134 4070
47411 3817
47411 9337
15134 6323
15134 7967
47411 143
15134 4655
15134 3974
47411 5039
47411 5316
15134 5356
47411 4297
15134 4884
47411 4461
15134 3947
47411 6687
15134 4029
47411 4540
15134 5061
47411 5614
15134 4167
47411 4302
15134 3970
47411 6798
15134 3898
47411 4355
15134 4023
55602 4282
55602 4185
33567 3893
55602 4146
33567 4043
55602 4083
33567 3872
2847 4083
31025 4891
2847 5426
2847 4336
31025 3917
31025 5046
2847 3988
2847 4197
31025 4060
31025 5549
2847 232
31025 3913
31025 4070
31025 6227
2847 4114
2847 3872
45854 3978
6448 3901
45854 1133
6448 3954
6448 5252
45854 4117
45854 3999
6448 3964
6448 4966
45854 3984
45854 5457
6448 3899
45854 4130
6448 3972
6448 3847
6448 3818
45854 4001
45854 3915
39704 4813
47417 5274
39704 4715
39704 4300
47417 3835
47417 5005
39704 64
47417 5099
47417 4518
39704 5356
47417 6133
47417 4020
39704 4670
39704 4918
8985 5521
55608 3846
8985 3939
8985 4349
55608 3910
55608 5683
8985 3925
8985 4641
55608 694
8985 3969
8985 4202
55608 4785
55608 4072
55608 4051
55608 4099
8985 2242
43801 3882
31035 4519
43801 4104
43801 4986
31035 4088
31035 5144
43801 3654
31035 5139
6458 3883
6458 7241
4888 3817
4888 4016
6458 3892
4888 3929
6458 4142
6458 4152
4888 4797
6458 3889
4888 4990
6458 4003
4888 5436
64282 6840
31038 4196
64282 4159
64282 4260
31038 4281
31038 6478
64282 12344
31038 3117
64282 4527
64282 3905
31038 3912
31038 3899
64282 4500
31038 5027
64282 5276
31038 4177
64282 3860
17179 3848
6463 4009
17179 3838
17179 4298
6463 3942
6463 7506
17179 1344
6463 4444
6463 3917
17179 4263
17179 4175
6463 3860
17179 6274
6463 4000
6463 4930
17179 5134
6463 3914
17179 3817
6463 3995
17179 4047
51995 3873
47420 4125
51995 3870
51995 5415
47420 3853
47420 6361
51995 5486
51995 3927
47420 4147
47420 4261
51995 3879
51995 3882
47420 4863
47420 5310
51995 3774
47420 4652
51995 3924
47420 4000
51995 3814
29466 4022
55613 3839
29466 58
55613 3929
55613 7711
29466 4716
29466 3837
55613 4155
55613 4176
29466 3834
29466 5058
55613 5185
29466 4086
55613 3800
55613 3854
29466 3803
55613 3936
29466 3840
6429 5092
58115 3835
27395 3831
47390 3945
27395 3784
27395 4264
47390 3976
47390 6096
27395 1042
47390 458
27395 4377
27395 4150
47390 4619
47390 4668
27395 5185
47390 4097
27395 5470
47390 4050
27395 3873
54018 4090
55583 4144
54018 3968
54018 4343
55583 3884
55583 7756
54018 4034
54018 3980
55583 4066
55583 4140
54018 6524
55583 3284
54018 4813
55583 5332
54018 4739
55583 4706
54018 3910
15104 4006
47387 6345
15104 3974
15104 5422
47387 5451
47387 4931
15104 3841
15104 3904
47387 3894
47387 4065
15104 3950
15104 5021
47387 204
15104 4010
47387 3955
15104 4218
47387 3960
15104 5137
33537 3884
55578 3747
33537 4876
33537 5441
55578 3984
55578 5008
33537 3835
33537 4134
55578 3767
55578 4074
33537 4923
33537 5356
55578 3917
33537 4167
55578 357
33537 3905
55578 4021
33537 4010
55578 4948
33537 3946
2817 5009
31001 5461
2817 5118
2817 4715
31001 3995
31001 4922
2817 3926
2817 4827
31001 3860
39686 4031
47377 4074
47377 4054
39686 546
47377 3887
39686 3859
8967 6801
55568 3917
8967 4086
8967 4317
55568 3940
55568 7884
8967 4251
8967 3895
55568 4438
55568 3971
8967 3969
8967 397
55568 4240
55568 4502
55568 4158
8967 4027
8967 3918
55568 4538
8967 3906
43783 5061
30995 3995
43783 5257
43783 4299
30995 3811
30995 5033
43783 3861
43783 3879
30995 3957
30995 4905
43783 5115
43783 6958
30995 6679
43783 3996
30995 4147
43783 3914
30995 3930
43783 4344
4870 5105
6418 4151
4870 5601
4870 4391
6418 4065
6418 7626
4870 4102
4870 5480
6418 5166
6418 4073
4870 4350
4870 4052
6418 3946
4870 4096
6418 3940
6418 5032
4870 5283
6418 3926
4870 4808
6418 3991
4870 4318
64260 3930
30998 3947
64260 8133
30998 4527
30998 6478
64260 89
30998 4405
30998 4064
64260 3901
64260 4194
30998 5049
30998 5395
64260 4133
30998 4060
64260 3909
30998 3903
64260 3945
17157 3861
6423 4321
17157 4617
6423 10070
6423 5127
17157 270
6423 4443
6423 3977
17157 4325
17157 6259
6423 3919
6423 3840
17157 4230
17157 3811
51973 6256
47380 4134
51973 4070
51973 5164
47380 5120
6423 4166
17157 5359
47380 5316
51973 4046
51973 4067
47380 3927
47380 4314
51973 3928
51973 5234
47380 628
51973 5222
47380 3956
51973 3992
47380 3871
51973 4372
29444 3892
55573 3921
29444 3963
29444 5226
55573 5309
55573 5201
29444 4199
29444 4061
55573 3952
55573 5058
29444 106
55573 4111
55573 4387
29444 3894
55573 3946
29444 4088
55573 4624
29444 4917
39689 5301
47365 4115
39689 3863
39689 4407
47365 4072
47365 5404
39689 3931
39689 5166
47365 6437
47365 4218
39689 5027
39689 4164
47365 3866
39689 4068
47365 1900
39689 7471
39689 5036
47365 3833
39689 3719
8968 3949
55556 3872
8968 4115
8968 6417
55556 3925
55556 7460
8968 4621
8968 12184
55556 2316
8968 3812
8968 3921
55556 3836
55556 4183
8968 1267
55556 5089
8968 4282
43784 3760
30983 3909
43784 3983
43784 4508
30983 4062
30983 6450
43784 1128
30983 3937
30983 4093
43784 3909
43784 3957
30983 3803
43784 3877
30983 4027
30983 4901
43784 5329
30983 6635
43784 3849
30983 3987
43784 4045
4873 3979
6406 3915
4873 5179
4873 4144
6406 4761
6406 6704
4873 847
6406 4101
6406 3912
4873 3943
4873 4003
6406 4944
6406 5529
4873 3818
6406 4254
4873 4108
6406 4484
4873 3958
64267 3856
30978 3925
64267 4201
64267 4271
30978 5656
30978 6764
64267 3946
64267 5208
30978 10738
64267 6855
64267 7646
64267 5854
30978 820
30978 3942
64267 3952
30978 4057
64267 3922
30978 4596
64267 3911
17162 4964
6403 5239
17162 4526
17162 4590
6403 4477
6403 5181
17162 4551
17162 3987
6403 3991
6403 5370
17162 5217
17162 4156
6403 4102
6403 4031
17162 3973
6403 4347
17162 3971
6403 5089
17162 5411
51978 3899
47360 5265
51978 3969
51978 6718
47360 4459
47360 5393
51978 3916
51978 5400
47360 4049
47360 5426
51978 4920
51978 4094
51978 4061
47360 5027
47360 4120
47360 5666
51978 3827
47360 3833
51978 3828
47360 4021
51978 3852
29451 3885
55553 3820
29451 4796
29451 6577
55553 4259
55553 5119
29451 4029
29451 3972
55553 3819
55553 3913
29451 4678
29451 4929
55553 5724
55553 9863
29451 6076
55553 6681
29451 6363
55553 7373
29451 4166
55553 4327
29451 4168
55553 5577
29451 3942
55553 6051
29451 4585
55553 6882
23309 3927
23309 3922
30984 3929
30984 4002
23309 4087
23309 4054
30984 4130
23309 5201
30984 5573
30984 8772
23309 2237
30984 3992
23309 3912
58124 4035
6409 4971
58124 3864
58124 6180
6409 4122
6409 5185
58124 4075
58124 4361
6409 3869
6409 4713
58124 5016
58124 5642
6409 3823
6409 4120
58124 4016
6409 3961
58124 4096
6409 4028
27404 3898
47370 4794
27404 1201
47370 3960
47370 5039
27404 6585
27404 4072
47370 3931
47370 5146
27404 5571
27404 4102
47370 4127
27404 4483
47370 3875
47370 3984
27404 4149
47370 4138
27404 4873
47370 5458
27404 4108
54029 3929
55563 3885
54029 4481
54029 4082
55563 3868
55563 6158
54029 4147
54029 5349
55563 4002
55563 4043
54029 3961
54029 4013
55563 4011
55563 4030
54029 4038
55563 4862
54029 5366
55563 6289
54029 4325
15119 3899
47375 3984
15119 3966
15119 4705
47375 4812
15119 3900
15119 4569
47375 4148
47375 4063
15119 5759
15119 4181
47375 4103
15119 5344
47375 4076
47375 5252
15119 4358
2830 3983
30989 3980
2830 792
30989 4067
30989 4966
2830 3891
2830 3953
30989 3937
30989 4095
2830 3872
2830 5209
30989 5300
2830 4017
30989 4112
30989 4461
2830 4002
30989 4344
2830 4739
30989 4469
2830 5818
45839 3830
6412 8119
45839 4257
45839 4393
6412 3964
6412 5213
45839 3984
45839 4007
6412 5373
6412 6314
45839 3882
45839 4202
6412 4400
6412 2806
45839 7851
6412 4352
45839 5452
23358 5225
31052 4114
23358 4025
23358 4436
31052 4109
31052 5295
23358 4082
23358 4020
31052 4062
31052 4963
23358 5901
23358 4012
31052 4553
23358 3859
31052 6310
31052 4258
23358 3796
31052 4018
23358 5102
31052 5445
23358 5205
58175 3900
6477 4099
58175 3976
58175 4539
6477 3876
6477 6939
58175 604
6477 4271
6477 4050
58175 3824
58175 4054
6477 3881
6477 3989
58175 4878
6477 5506
58175 4097
6477 4091
58175 3916
27455 4075
47438 3941
27455 3915
27455 4326
47438 4185
47438 7436
27455 2376
47438 4249
47438 4264
27455 4551
27455 4135
47438 3963
27455 5197
47438 3864
47438 5459
27455 4128
47438 4041
27455 4621
47438 4285
27455 4076
54078 3772
55631 3976
54078 3966
54078 5418
55631 5125
55631 6627
54078 8169
55631 3912
55631 4061
54078 3889
54078 6503
55631 4546
55631 3964
54078 3950
55631 4104
54078 4100
55631 7080
54078 3891
15164 4115
47435 5541
15164 3841
15164 5686
47435 3964
47435 5094
15164 4071
15164 4021
47435 3920
47435 4048
15164 4971
15164 5448
47435 3918
15164 4011
47435 3975
47435 4022
15164 3905
47435 3979
15164 3928
47435 5346
15164 4121
33597 5383
55626 3945
33597 3908
33597 4252
55626 3903
55626 5241
33597 214
55626 4872
55626 8091
33597 5603
33597 4192
55626 4332
55626 6263
33597 959
2877 4977
31049 14244
2877 4357
31049 4866
55626 3910
33597 4014
31049 6209
2877 472
31049 4463
31049 4072
2877 4001
2877 4143
31049 5234
2877 3880
2877 5344
31049 3926
2877 3886
45884 3909
6472 3909
45884 4005
45884 4757
6472 3881
6472 10293
45884 3686
6472 4649
6472 4295
45884 3956
45884 4036
45884 4071
6472 1805
6472 5511
45884 3886
6472 3902
45884 4083
6472 3997
45884 4039
39738 3905
47425 3888
39738 3926
39738 6315
47425 4739
47425 5143
39738 5366
39738 3944
47425 4312
47425 4013
39738 5053
39738 6017
47425 4982
47425 4054
39738 4137
47425 4011
39738 7051
47425 3990
39738 4005
9019 4912
55616 5459
9019 3997
9019 4583
55616 3930
55616 5283
9019 4113
9019 4069
55616 9842
9019 1803
55616 4507
9019 4127
55616 4223
55616 3836
9019 3839
55616 4040
9019 5323
55616 4072
9019 5223
43835 3843
31043 4203
43835 3918
43835 4284
31043 3842
31043 5896
43835 4086
43835 5223
31043 6091
31043 4102
43835 3818
43835 3971
31043 3877
31043 4104
43835 163
31043 5944
43835 3915
4922 3796
6466 4008
4922 3792
4922 4186
6466 4047
6466 5121
4922 4797
4922 5209
6466 3780
6466 4090
4922 4568
4922 3996
4922 4118
6466 3983
6466 4541
6466 4996
4922 410
64312 3840
31046 3926
64312 3855
64312 4279
31046 6317
6466 3862
4922 3785
31046 7462
64312 4463
64312 3870
31046 4049
31046 3979
64312 3835
64312 3942
31046 3831
31046 4046
64312 696
17209 4944
6471 3959
17209 4875
17209 4237
6471 3883
31046 12623
64312 9473
6471 6293
17209 591
6471 3991
6471 4095
17209 4372
17209 4669
6471 4393
17209 5228
6471 4260
6471 5444
17209 670
6471 3848
17209 3859
52025 3849
47428 4039
52025 3972
52025 5323
47428 4078
47428 6636
52025 121
47428 4484
47428 4129
52025 3810
52025 3962
47428 3954
47428 6317
52025 4118
47428 3891
52025 4427
47428 3809
29496 3840
55621 4006
29496 3807
29496 7272
55621 4133
55621 5758
29496 3874
29496 4111
55621 4656
55621 6440
29496 4685
29496 4966
39733 3976
39733 3940
47445 3848
47445 3933
39733 5765
39733 5597
47445 4349
47445 3875
39733 3906
47445 8308
39733 4624
9012 4080
55636 3890
9012 5072
9012 8097
55636 6003
55636 5098
9012 2782
55636 2025
9012 1304
55636 2337
9012 236
55636 623
9012 63
43828 397
31063 4086
43828 1228
31063 4112
31063 5078
43828 3111
31063 2367
43828 353
31063 3988
31063 4277
